2 0.809722 0.505556 0.026852 0.086111
2 0.778704 0.534028 0.027778 0.101389
2 0.281944 0.314583 0.015741 0.059722
2 0.962963 0.749306 0.053704 0.131944
2 0.824537 0.634028 0.036111 0.106944
2 0.708333 0.409028 0.022222 0.079167
2 0.763889 0.485417 0.027778 0.081944
2 0.216204 0.41875 0.026852 0.076389
2 0.188889 0.417361 0.025926 0.0875
2 0.246296 0.415972 0.022222 0.084722
2 0.306481 0.309028 0.016667 0.056944
2 0.75787 0.428472 0.025 0.070833
6 0.548148 0.385417 0.055556 0.098611
6 0.600463 0.340972 0.043519 0.070833
6 0.861111 0.915972 0.17963 0.145833
6 0.373611 0.286806 0.039815 0.073611
6 0.565741 0.263194 0.035185 0.051389
6 0.443056 0.215972 0.030556 0.043056
2 0.334722 0.26875 0.013889 0.045833
2 0.31713 0.258333 0.012037 0.05
2 0.355093 0.209028 0.008333 0.031944
2 0.372222 0.211806 0.009259 0.026389
6 0.512037 0.211111 0.025926 0.033333
2 0.671296 0.375694 0.016667 0.0625
2 0.676852 0.335417 0.014815 0.040278
2 0.641204 0.320833 0.017593 0.041667
2 0.655556 0.304167 0.012963 0.047222
2 0.64213 0.281944 0.012037 0.036111
2 0.619444 0.28125 0.018519 0.051389
2 0.604167 0.248611 0.015741 0.044444
2 0.582407 0.220833 0.011111 0.025
2 0.381944 0.204167 0.006481 0.022222
6 0.517593 0.166667 0.016667 0.022222
