2 0.083796 0.634722 0.049074 0.136111
2 0.135648 0.5 0.036111 0.113889
2 0.198148 0.441667 0.025926 0.1
2 0.786574 0.543056 0.034259 0.105556
2 0.894444 0.615972 0.037037 0.109722
2 0.905556 0.743056 0.044444 0.116667
2 0.681944 0.340278 0.019444 0.063889
2 0.296759 0.309028 0.017593 0.065278
2 0.261574 0.379167 0.021296 0.077778
2 0.724537 0.409722 0.023148 0.083333
2 0.320833 0.247917 0.015741 0.048611
2 0.267593 0.31875 0.018519 0.0625
6 0.62037 0.38125 0.053704 0.081944
6 0.565741 0.43125 0.059259 0.101389
6 0.524074 0.265278 0.035185 0.052778
6 0.511111 0.231944 0.025926 0.038889
2 0.608333 0.236806 0.011111 0.029167
2 0.571296 0.206944 0.007407 0.025
