2 0.77963 0.465278 0.027778 0.097222
2 0.122222 0.519444 0.033333 0.105556
2 0.201852 0.484722 0.035185 0.105556
2 0.319907 0.289583 0.019444 0.070833
2 0.169444 0.484028 0.027778 0.098611
2 0.245833 0.407639 0.023148 0.079167
2 0.324074 0.248611 0.018519 0.055556
2 0.2875 0.283333 0.021296 0.058333
6 0.583333 0.315972 0.048148 0.076389
2 0.2625 0.349306 0.019444 0.054167
2 0.275463 0.315972 0.015741 0.054167
6 0.5625 0.261806 0.032407 0.045833
2 0.596296 0.226389 0.009259 0.036111
6 0.534722 0.197917 0.021296 0.029167
11 0.50787 0.195139 0.021296 0.045833
2 0.575926 0.20625 0.009259 0.034722
2 0.566667 0.198611 0.009259 0.033333
