2 0.819907 0.575694 0.034259 0.098611
2 0.10787 0.541667 0.037963 0.119444
2 0.927778 0.693056 0.053704 0.122222
2 0.755556 0.430556 0.024074 0.080556
2 0.183333 0.493056 0.031481 0.097222
2 0.256481 0.330556 0.02037 0.072222
6 0.639815 0.447917 0.064815 0.095833
6 0.43287 0.269444 0.039815 0.061111
11 0.360648 0.502083 0.106481 0.301389
2 0.304167 0.319444 0.012037 0.05
2 0.289352 0.299306 0.015741 0.045833
2 0.330556 0.274306 0.011111 0.034722
2 0.331019 0.238194 0.013889 0.034722
2 0.352778 0.238194 0.014815 0.031944
2 0.362037 0.225694 0.011111 0.034722
2 0.625463 0.275 0.012037 0.041667
