2 0.293981 0.316667 0.015741 0.058333
2 0.269907 0.313194 0.019444 0.056944
2 0.694907 0.395139 0.023148 0.076389
2 0.962037 0.81875 0.053704 0.1375
2 0.742593 0.472222 0.031481 0.094444
2 0.646296 0.322222 0.018519 0.052778
6 0.600463 0.347917 0.04537 0.076389
9 0.611574 0.609722 0.117593 0.269444
2 0.752778 0.438194 0.022222 0.059722
2 0.616204 0.275 0.012037 0.030556
2 0.602315 0.234028 0.012037 0.040278
2 0.580093 0.215278 0.010185 0.036111
6 0.530093 0.190278 0.019444 0.027778
2 0.343981 0.229861 0.010185 0.0375
