2 0.077315 0.646528 0.041667 0.129167
2 0.875926 0.641667 0.035185 0.108333
2 0.186111 0.427778 0.02963 0.097222
2 0.833333 0.630556 0.035185 0.1
2 0.250926 0.347222 0.022222 0.066667
6 0.6875 0.548611 0.089815 0.125
6 0.530093 0.291667 0.037963 0.063889
6 0.436574 0.254861 0.036111 0.076389
6 0.569907 0.274306 0.028704 0.051389
6 0.405093 0.202778 0.039815 0.055556
6 0.898148 0.899306 0.203704 0.181944
11 0.334259 0.350694 0.068519 0.159722
2 0.745833 0.502083 0.025 0.081944
2 0.761574 0.478472 0.021296 0.068056
2 0.752315 0.426389 0.021296 0.055556
2 0.700926 0.363889 0.02037 0.055556
2 0.688426 0.382639 0.019444 0.051389
2 0.65787 0.35625 0.015741 0.051389
2 0.665278 0.336111 0.017593 0.041667
2 0.633333 0.308333 0.012963 0.044444
2 0.652315 0.288889 0.015741 0.05
2 0.63287 0.274306 0.013889 0.034722
2 0.616204 0.279167 0.013889 0.044444
2 0.331944 0.246528 0.012037 0.043056
6 0.539352 0.208333 0.025 0.041667
