2 0.834722 0.602083 0.036111 0.1125
2 0.12963 0.513889 0.033333 0.1
2 0.880093 0.6125 0.032407 0.1
2 0.068519 0.651389 0.042593 0.125
2 0.209259 0.39375 0.027778 0.076389
2 0.202315 0.440278 0.028704 0.080556
2 0.08287 0.742361 0.056481 0.173611
2 0.249537 0.392361 0.021296 0.081944
6 0.34213 0.374306 0.047222 0.084722
6 0.106944 0.906944 0.165741 0.158333
2 0.259722 0.329861 0.017593 0.054167
2 0.289352 0.302778 0.026852 0.038889
2 0.288889 0.343056 0.016667 0.05
2 0.62037 0.263889 0.014815 0.036111
