2 0.872685 0.678472 0.043519 0.1125
2 0.718519 0.397917 0.022222 0.079167
2 0.135185 0.472917 0.037037 0.115278
2 0.908333 0.649306 0.033333 0.1125
2 0.691204 0.395833 0.021296 0.075
2 0.276389 0.341667 0.013889 0.052778
6 0.518056 0.240278 0.032407 0.05
2 0.268056 0.311806 0.012037 0.051389
2 0.316667 0.274306 0.012963 0.051389
2 0.334259 0.281944 0.012963 0.041667
2 0.306019 0.268056 0.013889 0.038889
2 0.334259 0.256944 0.012963 0.030556
2 0.332407 0.234028 0.012963 0.029167
2 0.349537 0.241667 0.013889 0.030556
6 0.577315 0.289583 0.037963 0.051389
6 0.551852 0.229167 0.024074 0.030556
6 0.508333 0.206944 0.02037 0.033333
2 0.600926 0.229167 0.011111 0.036111
