2 0.811111 0.541667 0.02963 0.097222
2 0.768981 0.510417 0.026852 0.090278
2 0.873148 0.617361 0.038889 0.106944
2 0.129167 0.563194 0.036111 0.104167
2 0.843056 0.54375 0.032407 0.098611
2 0.744907 0.457639 0.028704 0.098611
2 0.952778 0.790972 0.057407 0.115278
2 0.20787 0.390972 0.021296 0.084722
2 0.668519 0.38125 0.022222 0.084722
2 0.718981 0.411111 0.028704 0.091667
2 0.201852 0.471528 0.027778 0.101389
2 0.228704 0.415972 0.02037 0.084722
2 0.95787 0.761806 0.058333 0.095833
2 0.243519 0.354167 0.022222 0.083333
2 0.322222 0.248611 0.016667 0.05
6 0.538889 0.354861 0.048148 0.073611
6 0.568981 0.26875 0.036111 0.051389
6 0.520833 0.270833 0.043519 0.055556
2 0.657407 0.308333 0.011111 0.047222
2 0.635648 0.296528 0.012037 0.043056
2 0.618981 0.279167 0.013889 0.041667
6 0.538426 0.209722 0.021296 0.030556
6 0.506944 0.193056 0.019444 0.027778
6 0.528704 0.179167 0.022222 0.036111
2 0.283333 0.345139 0.011111 0.056944
2 0.275926 0.322222 0.016667 0.061111
2 0.312037 0.289583 0.009259 0.056944
2 0.298148 0.285417 0.012963 0.045833
2 0.297685 0.327083 0.013889 0.043056
2 0.118519 0.508333 0.025926 0.083333
