2 0.808333 0.590278 0.035185 0.111111
2 0.797685 0.510417 0.034259 0.095833
2 0.726389 0.421528 0.034259 0.115278
2 0.287037 0.297222 0.018519 0.052778
9 0.598148 0.502778 0.15 0.372222
6 0.590741 0.31875 0.044444 0.070833
2  0.684722 0.383333 0.013889 0.063889
2  0.666204 0.334722 0.017593 0.066667
2  0.617593 0.290972 0.016667 0.045833
2  0.632407 0.286806 0.012963 0.040278
2  0.643519 0.277778 0.012963 0.041667
6 0.505556 0.200694 0.02037 0.031944
6 0.531944 0.189583 0.017593 0.031944
2  0.326852 0.256944 0.011111 0.05
2  0.258796 0.334722 0.017593 0.061111
