2 0.165278 0.480556 0.032407 0.108333
2 0.858333 0.654167 0.038889 0.105556
2 0.206481 0.422222 0.027778 0.1
2 0.663426 0.3375 0.019444 0.066667
2 0.779167 0.498611 0.034259 0.113889
2 0.248148 0.375 0.025926 0.097222
2 0.973611 0.870139 0.039815 0.218056
2 0.040741 0.629861 0.048148 0.118056
2 0.691667 0.402083 0.02037 0.076389
2 0.730093 0.463194 0.025 0.0875
6 0.40463 0.365278 0.05 0.094444
6 0.616204 0.393056 0.063889 0.094444
2 0.702778 0.369444 0.016667 0.055556
2 0.638889 0.305556 0.014815 0.047222
6 0.5375 0.210417 0.023148 0.034722
2 0.576389 0.211111 0.008333 0.030556
2 0.330093 0.252778 0.012037 0.041667
