2 0.274537 0.316667 0.019444 0.066667
2 0.969444 0.738889 0.048148 0.102778
2 0.843519 0.59375 0.02963 0.098611
2 0.740278 0.409028 0.025 0.076389
2 0.929167 0.813889 0.047222 0.130556
2 0.786574 0.515278 0.028704 0.080556
2 0.0375 0.688194 0.047222 0.1375
6 0.606944 0.500694 0.082407 0.123611
6 0.783796 0.795139 0.169444 0.2625
6 0.425926 0.291667 0.035185 0.066667
6 0.364815 0.586806 0.087037 0.1875
6 0.536111 0.353472 0.044444 0.073611
6 0.535185 0.295833 0.033333 0.052778
2 0.225926 0.433333 0.022222 0.077778
2 0.221759 0.373611 0.019444 0.055556
2 0.30787 0.304167 0.015741 0.041667
2 0.313426 0.275694 0.015741 0.034722
2 0.328704 0.245833 0.011111 0.030556
2 0.343056 0.243056 0.012037 0.033333
2 0.359722 0.240972 0.012037 0.034722
2 0.355556 0.215278 0.009259 0.027778
2 0.825926 0.618056 0.033333 0.1
2 0.747222 0.499306 0.024074 0.070833
2 0.753704 0.456944 0.025926 0.063889
2 0.702315 0.364583 0.017593 0.048611
2 0.7 0.4 0.022222 0.066667
2 0.67037 0.367361 0.025926 0.0625
2 0.675463 0.329861 0.017593 0.045833
2 0.627778 0.295833 0.012963 0.055556
2 0.639352 0.295139 0.012037 0.043056
11 0.587037 0.295139 0.042593 0.081944
6 0.519444 0.236111 0.027778 0.041667
6 0.531019 0.200694 0.026852 0.029167
6 0.505556 0.205556 0.024074 0.033333
