2 0.055556 0.632639 0.042593 0.134722
2 0.163426 0.509722 0.032407 0.113889
2 0.924074 0.794444 0.051852 0.161111
2 0.25787 0.346528 0.021296 0.081944
2 0.809722 0.527083 0.032407 0.101389
2 0.1875 0.429167 0.028704 0.1
2 0.846296 0.646528 0.040741 0.1125
2 0.732407 0.422222 0.025926 0.088889
2 0.93287 0.695139 0.039815 0.101389
6 0.588889 0.602083 0.090741 0.156944
6 0.516667 0.244444 0.027778 0.041667
11 0.555093 0.3625 0.056481 0.15
2 0.665741 0.318056 0.012963 0.047222
6 0.571759 0.277778 0.034259 0.05
6 0.548611 0.234722 0.025 0.038889
6 0.527778 0.19375 0.02037 0.026389
6 0.508333 0.198611 0.02037 0.033333
6 0.498611 0.167361 0.015741 0.026389
2 0.326852 0.286111 0.016667 0.038889
2 0.329167 0.250694 0.012037 0.034722
