2 0.104167 0.547222 0.039815 0.125
2 0.245833 0.347222 0.021296 0.077778
2 0.872685 0.706944 0.041667 0.130556
2 0.784259 0.519444 0.033333 0.091667
2 0.844444 0.559722 0.027778 0.102778
2 0.721296 0.435417 0.024074 0.090278
2 0.688889 0.367361 0.022222 0.070833
2 0.283796 0.338194 0.017593 0.068056
2 0.641204 0.304167 0.015741 0.052778
2 0.281019 0.297222 0.017593 0.055556
6 0.559722 0.411111 0.052778 0.086111
6 0.580093 0.284722 0.041667 0.061111
2 0.817593 0.613889 0.038889 0.091667
2 0.818056 0.557639 0.030556 0.054167
2 0.305093 0.307639 0.013889 0.051389
2 0.332407 0.275694 0.011111 0.040278
2 0.619907 0.259028 0.017593 0.043056
2 0.584259 0.215278 0.009259 0.027778
6 0.528241 0.182639 0.025 0.034722
6 0.498611 0.166667 0.015741 0.033333
