2 0.718519 0.398611 0.024074 0.083333
2 0.935648 0.750694 0.050926 0.118056
2 0.144907 0.480556 0.032407 0.105556
2 0.892593 0.602778 0.037037 0.113889
2 0.416667 0.328472 0.037037 0.079167
2 0.327315 0.279167 0.015741 0.052778
2 0.665278 0.332639 0.017593 0.054167
6 0.384722 0.272222 0.041667 0.072222
11 0.275 0.854861 0.218519 0.268056
2 0.228704 0.421528 0.02037 0.070833
2 0.636111 0.303472 0.012963 0.040278
2 0.612963 0.26875 0.012963 0.0375
2 0.640741 0.268056 0.011111 0.036111
2 0.3375 0.247917 0.013889 0.048611
2 0.347222 0.220833 0.011111 0.027778
