2 0.202778 0.420139 0.031481 0.106944
2 0.741204 0.463194 0.025 0.079167
2 0.306481 0.311111 0.02037 0.063889
6 0.696759 0.561111 0.108333 0.144444
6 0.335648 0.3875 0.063889 0.119444
6 0.695833 0.903472 0.165741 0.165278
6 0.608796 0.375694 0.052778 0.081944
6 0.572685 0.256944 0.028704 0.047222
6 0.52037 0.247222 0.033333 0.061111
2 0.256481 0.388194 0.018519 0.070833
2 0.271296 0.331944 0.016667 0.052778
2 0.592593 0.222917 0.011111 0.034722
2 0.569907 0.20625 0.008333 0.026389
6 0.535185 0.199306 0.018519 0.031944
9 0.504167 0.177083 0.026852 0.048611
2 0.7625 0.434722 0.026852 0.075
2 0.624074 0.29375 0.014815 0.045833
2 0.621296 0.258333 0.014815 0.033333
