2 0.843981 0.575 0.036111 0.1
2 0.026389 0.684722 0.043519 0.136111
2 0.106019 0.521528 0.041667 0.118056
2 0.193519 0.472222 0.027778 0.102778
6 0.623148 0.377778 0.044444 0.069444
6 0.561111 0.244444 0.027778 0.044444
6 0.513889 0.215278 0.031481 0.041667
9 0.287963 0.427778 0.15 0.344444
11 0.575926 0.448611 0.087037 0.194444
11 0.877315 0.861111 0.234259 0.252778
2 0.589352 0.230556 0.010185 0.033333
2 0.60787 0.240972 0.013889 0.034722
2 0.618056 0.276389 0.013889 0.041667
2 0.622222 0.252083 0.011111 0.031944
2 0.353241 0.213889 0.010185 0.030556
2 0.563426 0.194444 0.008333 0.030556
2 0.531019 0.1875 0.021296 0.033333
