2 0.213426 0.374306 0.023148 0.084722
2 0.944444 0.814583 0.057407 0.129167
2 0.84213 0.565278 0.037963 0.102778
2 0.152315 0.516667 0.032407 0.111111
2 0.266667 0.3375 0.02037 0.066667
2 0.335648 0.24375 0.019444 0.059722
2 0.706481 0.416667 0.022222 0.072222
2 0.746759 0.48125 0.030556 0.098611
6 0.718519 0.654167 0.101852 0.144444
6 0.356019 0.578472 0.093519 0.201389
6 0.547685 0.371528 0.049074 0.073611
6 0.632407 0.402778 0.057407 0.086111
6 0.35787 0.325694 0.049074 0.084722
6 0.575 0.295833 0.035185 0.063889
11 0.597685 0.545833 0.112037 0.258333
11 0.518056 0.239583 0.034259 0.073611
6 0.559259 0.243056 0.027778 0.055556
2  0.299537 0.309028 0.017593 0.068056
