2 0.08287 0.608333 0.037963 0.113889
2 0.77963 0.517361 0.025926 0.079167
2 0.85 0.567361 0.033333 0.093056
2 0.143981 0.488889 0.026852 0.083333
2 0.974074 0.7875 0.035185 0.105556
2 0.302315 0.303472 0.023148 0.070833
2 0.215741 0.38125 0.024074 0.081944
6 0.667593 0.846528 0.148148 0.273611
6 0.282407 0.859028 0.133333 0.259722
6 0.293981 0.472917 0.076852 0.151389
6 0.626852 0.413194 0.062963 0.101389
11 0.584722 0.497222 0.108333 0.236111
6 0.575 0.286111 0.038889 0.058333
6 0.539815 0.207639 0.024074 0.040278
