2 0.871296 0.619444 0.038889 0.116667
2 0.085185 0.646528 0.046296 0.140278
2 0.811111 0.599306 0.037037 0.1125
2 0.718981 0.4 0.023148 0.077778
2 0.760648 0.484028 0.030556 0.0875
6 0.575 0.5 0.075926 0.119444
6 0.293981 0.520139 0.082407 0.1375
6 0.359259 0.341667 0.046296 0.075
6 0.440278 0.244444 0.032407 0.052778
6 0.109259 0.859028 0.190741 0.265278
6 0.372222 0.284722 0.040741 0.058333
11 0.515278 0.231944 0.034259 0.075
2 0.248148 0.34375 0.014815 0.059722
2 0.264352 0.346528 0.013889 0.065278
2 0.278704 0.359028 0.012963 0.054167
2 0.277315 0.29375 0.012037 0.051389
2 0.300463 0.292361 0.012037 0.043056
2 0.314352 0.284028 0.012037 0.048611
7 0.566667 0.2625 0.033333 0.052778
2 0.775 0.461806 0.022222 0.076389
2 0.65787 0.309722 0.012037 0.05
2 0.634722 0.286806 0.012037 0.045833
