2 0.812037 0.588194 0.037037 0.106944
2 0.773148 0.484722 0.02963 0.088889
2 0.655093 0.323611 0.021296 0.061111
6 0.606481 0.360417 0.05 0.073611
6 0.577778 0.495139 0.07037 0.134722
6 0.750926 0.680556 0.144444 0.219444
6 0.4125 0.353472 0.04537 0.076389
6 0.53287 0.284028 0.039815 0.059722
6 0.421759 0.289583 0.037963 0.056944
2 0.709722 0.415972 0.025 0.070833
2 0.719907 0.39375 0.025 0.054167
2 0.637963 0.302083 0.014815 0.045833
2 0.620833 0.282639 0.015741 0.0375
2 0.601852 0.259028 0.016667 0.043056
2 0.297222 0.278472 0.014815 0.054167
6 0.528704 0.247917 0.027778 0.043056
