2 0.849074 0.641667 0.040741 0.108333
2 0.935648 0.718056 0.047222 0.130556
2 0.811111 0.532639 0.02963 0.093056
2 0.756944 0.435417 0.026852 0.0875
2 0.960648 0.845833 0.058333 0.158333
2 0.721296 0.435417 0.025926 0.084722
6 0.58287 0.524306 0.075 0.115278
6 0.5375 0.3125 0.034259 0.058333
6 0.65787 0.896528 0.158333 0.1875
6 0.411574 0.31875 0.041667 0.070833
2 0.701852 0.395833 0.016667 0.05
6 0.572222 0.275694 0.031481 0.048611
6 0.548611 0.218056 0.026852 0.041667
2 0.668056 0.3125 0.013889 0.044444
2 0.639815 0.294444 0.012963 0.041667
2 0.614352 0.275 0.010185 0.030556
2 0.298148 0.311806 0.012963 0.045833
2 0.303704 0.279861 0.012963 0.043056
