2 0.151389 0.501389 0.036111 0.113889
2 0.946296 0.753472 0.05 0.131944
2 0.758333 0.438889 0.027778 0.083333
6 0.358333 0.538194 0.07963 0.154167
6 0.651389 0.502778 0.076852 0.125
6 0.537037 0.331944 0.044444 0.066667
6 0.390741 0.260417 0.035185 0.059722
11 0.313426 0.382639 0.084259 0.190278
2 0.293519 0.29375 0.012963 0.043056
2 0.314352 0.286806 0.012037 0.029167
2 0.330556 0.255556 0.009259 0.036111
2 0.320833 0.246528 0.010185 0.034722
2 0.350926 0.246528 0.011111 0.0375
2 0.353241 0.2125 0.013889 0.033333
2 0.638889 0.275 0.014815 0.05
2 0.603704 0.251389 0.011111 0.038889
2 0.575926 0.208333 0.011111 0.027778
2 0.37037 0.215972 0.012963 0.040278
