2 0.350463 0.418056 0.025 0.091667
2 0.810648 0.502778 0.032407 0.097222
2 0.062037 0.659722 0.044444 0.130556
2 0.143981 0.46875 0.028704 0.093056
2 0.251389 0.346528 0.025 0.076389
2 0.281019 0.340972 0.017593 0.070833
2 0.234722 0.404167 0.025 0.086111
6 0.287037 0.506944 0.087037 0.15
6 0.376852 0.295139 0.044444 0.076389
6 0.399074 0.239583 0.031481 0.048611
2 0.129167 0.554167 0.037963 0.094444
2 0.596296 0.229167 0.012963 0.036111
6 0.450926 0.198611 0.024074 0.047222
2 0.311574 0.279167 0.013889 0.041667
2 0.35 0.247917 0.011111 0.0375
2 0.351852 0.222222 0.009259 0.025
2 0.572222 0.190278 0.011111 0.027778
