2 0.230093 0.404861 0.026852 0.095833
2 0.25787 0.327083 0.021296 0.076389
2 0.175926 0.501389 0.033333 0.116667
2 0.847685 0.568056 0.030556 0.097222
2 0.897685 0.725694 0.043519 0.120833
2 0.725463 0.454167 0.030556 0.105556
2 0.922222 0.640278 0.035185 0.113889
2 0.966667 0.834722 0.05 0.136111
2 0.78287 0.478472 0.032407 0.084722
2 0.314352 0.261806 0.019444 0.056944
6 0.636111 0.467361 0.074074 0.106944
6 0.798611 0.819444 0.143519 0.211111
6 0.528241 0.284722 0.037963 0.055556
6 0.575 0.272222 0.037037 0.058333
6 0.509259 0.206944 0.033333 0.05
2 0.793519 0.578472 0.037037 0.098611
2 0.805556 0.534722 0.022222 0.083333
2 0.966204 0.740972 0.05463 0.098611
2 0.718981 0.413194 0.023148 0.0625
2 0.677778 0.361806 0.02037 0.0625
2 0.65463 0.315972 0.016667 0.048611
2 0.633796 0.297917 0.013889 0.054167
2 0.589352 0.215972 0.010185 0.0375
2 0.330556 0.248611 0.009259 0.041667
2 0.35 0.246528 0.011111 0.040278
