2 0.828241 0.626389 0.034259 0.113889
2 0.163426 0.465972 0.030556 0.101389
2 0.678704 0.364583 0.02037 0.070833
2 0.80787 0.551389 0.039815 0.086111
2 0.844444 0.559722 0.025926 0.088889
6 0.707407 0.620139 0.101852 0.145833
6 0.598611 0.338194 0.04537 0.070833
6 0.5375 0.34375 0.039815 0.070833
6 0.521759 0.265972 0.032407 0.048611
6 0.559259 0.240972 0.024074 0.040278
9 0.362963 0.307639 0.055556 0.101389
2 0.648611 0.296528 0.013889 0.048611
2 0.62037 0.286111 0.014815 0.05
2 0.631481 0.273611 0.011111 0.041667
2 0.602315 0.227083 0.010185 0.040278
2 0.591204 0.233333 0.010185 0.033333
2 0.297685 0.290972 0.015741 0.054167
2 0.311111 0.267361 0.014815 0.048611
2 0.335648 0.258333 0.012037 0.044444
6 0.499074 0.169444 0.018519 0.025
2 0.577778 0.221528 0.009259 0.031944
