2 0.897222 0.625 0.040741 0.113889
2 0.044444 0.636806 0.05 0.129167
2 0.800463 0.530556 0.032407 0.1
2 0.716204 0.426389 0.023148 0.083333
2 0.747685 0.430556 0.023148 0.080556
2 0.291204 0.308333 0.023148 0.066667
6 0.575 0.5125 0.075926 0.130556
6 0.673611 0.545139 0.086111 0.120833
6 0.354167 0.33125 0.047222 0.073611
6 0.575926 0.359722 0.048148 0.072222
6 0.530556 0.311806 0.037037 0.059722
6 0.4 0.383333 0.05 0.097222
6 0.391204 0.2375 0.037963 0.066667
11 0.512963 0.202778 0.044444 0.097222
2 0.239815 0.389583 0.027778 0.081944
2 0.258333 0.327778 0.018519 0.069444
2  0.682407 0.336806 0.016667 0.043056
2  0.650926 0.294444 0.016667 0.05
2  0.622685 0.297917 0.013889 0.043056
2  0.629167 0.266667 0.017593 0.041667
6 0.547685 0.229167 0.026852 0.044444
