2 0.271759 0.351389 0.019444 0.075
2 0.065278 0.681944 0.049074 0.141667
2 0.82037 0.601389 0.037037 0.108333
2 0.190741 0.429167 0.031481 0.108333
2 0.924537 0.761806 0.052778 0.109722
2 0.779167 0.480556 0.026852 0.083333
2 0.850463 0.559028 0.030556 0.093056
2 0.906944 0.663194 0.043519 0.095833
2 0.694444 0.379861 0.022222 0.059722
2 0.296296 0.275694 0.018519 0.054167
6 0.640741 0.452083 0.064815 0.098611
6 0.20787 0.677778 0.139815 0.261111
6 0.572685 0.276389 0.034259 0.055556
6 0.401852 0.227083 0.027778 0.045833
10 0.534722 0.306944 0.04537 0.097222
2 0.689352 0.340278 0.019444 0.05
2 0.649074 0.315278 0.014815 0.05
2 0.634259 0.290972 0.014815 0.043056
2 0.643981 0.277083 0.012037 0.034722
2 0.618056 0.281944 0.013889 0.05
6 0.506481 0.204167 0.024074 0.038889
2 0.337037 0.236806 0.014815 0.040278
