2 0.072222 0.600694 0.044444 0.123611
2 0.900926 0.757639 0.044444 0.126389
2 0.768056 0.474306 0.026852 0.093056
2 0.935185 0.715972 0.044444 0.126389
2 0.709722 0.413194 0.023148 0.081944
2 0.281944 0.299306 0.025 0.059722
2 0.325926 0.255556 0.018519 0.066667
2 0.359259 0.236806 0.018519 0.070833
6 0.412037 0.347917 0.044444 0.081944
6 0.433796 0.241667 0.032407 0.047222
11 0.538889 0.335417 0.051852 0.1125
2 0.75 0.439583 0.016667 0.073611
2 0.723611 0.390278 0.017593 0.066667
2 0.670833 0.341667 0.017593 0.055556
6 0.568056 0.274306 0.037963 0.045833
6 0.513889 0.241667 0.031481 0.033333
2 0.617593 0.254167 0.012963 0.030556
2 0.618519 0.280556 0.014815 0.033333
6 0.5125 0.211806 0.026852 0.034722
6 0.518056 0.175694 0.017593 0.026389
