2 0.168981 0.450694 0.026852 0.098611
2 0.075926 0.638889 0.044444 0.130556
2 0.20463 0.446528 0.027778 0.101389
2 0.131019 0.602778 0.032407 0.105556
2 0.230093 0.368056 0.025 0.086111
2 0.425 0.276389 0.02963 0.058333
2 0.354167 0.229861 0.015741 0.051389
6 0.302778 0.473611 0.090741 0.172222
6 0.428704 0.278472 0.040741 0.059722
2 0.092593 0.561806 0.037037 0.090278
2 0.651389 0.299306 0.013889 0.048611
2 0.613889 0.24375 0.011111 0.031944
2 0.586111 0.234722 0.011111 0.033333
2 0.593519 0.21875 0.009259 0.031944
6 0.440741 0.227083 0.02963 0.048611
6 0.530556 0.188194 0.022222 0.034722
2 0.384722 0.186806 0.010185 0.026389
