2 0.853704 0.622917 0.037037 0.123611
2 0.798148 0.493056 0.02963 0.097222
2 0.943519 0.811806 0.053704 0.140278
2 0.215741 0.391667 0.022222 0.083333
2 0.7125 0.378472 0.025 0.076389
2 0.120833 0.509028 0.037963 0.106944
2 0.731019 0.444444 0.023148 0.080556
2 0.752778 0.505556 0.025926 0.083333
2 0.275463 0.352083 0.021296 0.076389
2 0.748148 0.429167 0.024074 0.086111
2 0.318519 0.302778 0.018519 0.075
2 0.25463 0.330556 0.02037 0.069444
2 0.300463 0.272917 0.019444 0.054167
6 0.686574 0.916667 0.160185 0.141667
6 0.550463 0.236806 0.030556 0.040278
2 0.249074 0.399306 0.018519 0.068056
2 0.670833 0.369444 0.017593 0.058333
2 0.681019 0.334028 0.015741 0.051389
2 0.649537 0.322917 0.015741 0.045833
2 0.639352 0.295833 0.013889 0.038889
2 0.61713 0.277083 0.012037 0.034722
6 0.514815 0.186806 0.016667 0.029167
2 0.501389 0.172917 0.017593 0.029167
