2 0.905556 0.716667 0.048148 0.125
2 0.076389 0.626389 0.043519 0.133333
2 0.841204 0.576389 0.036111 0.1
2 0.127315 0.547917 0.034259 0.106944
2 0.25463 0.365972 0.02037 0.081944
2 0.204167 0.454861 0.025 0.093056
2 0.762963 0.470139 0.02963 0.093056
2 0.713426 0.425 0.025 0.088889
2 0.768056 0.543056 0.032407 0.102778
6 0.837037 0.877778 0.175926 0.227778
6 0.561111 0.419444 0.062963 0.105556
6 0.327315 0.761806 0.149074 0.256944
2 0.703704 0.370139 0.018519 0.056944
2 0.679167 0.372917 0.017593 0.0625
2 0.673148 0.322222 0.018519 0.052778
2 0.639352 0.314583 0.012037 0.051389
2 0.648148 0.299306 0.012963 0.048611
2 0.609259 0.263889 0.016667 0.063889
2 0.597685 0.236111 0.010185 0.033333
2 0.588889 0.220833 0.007407 0.033333
2 0.228241 0.365278 0.017593 0.061111
2 0.091667 0.534028 0.033333 0.104167
2 0.29537 0.327778 0.014815 0.058333
2 0.333796 0.280556 0.012037 0.047222
2 0.30463 0.275 0.014815 0.05
2 0.330093 0.245833 0.013889 0.033333
2 0.352315 0.215972 0.015741 0.029167
2 0.573148 0.2125 0.011111 0.033333
2 0.577315 0.203472 0.008333 0.031944
6 0.509722 0.209028 0.023148 0.0375
6 0.527315 0.183333 0.019444 0.033333
