2 0.232407 0.4 0.024074 0.083333
2 0.643981 0.288194 0.015741 0.054167
2 0.327315 0.256944 0.017593 0.063889
2 0.043981 0.642361 0.050926 0.131944
6 0.374537 0.297222 0.043519 0.066667
6 0.29537 0.475 0.083333 0.147222
6 0.439815 0.236806 0.033333 0.048611
6 0.430093 0.306944 0.036111 0.066667
11 0.10787 0.888889 0.202778 0.197222
2 0.281019 0.358333 0.015741 0.047222
2 0.293519 0.31875 0.014815 0.045833
2 0.278704 0.320139 0.012963 0.048611
2 0.611574 0.247222 0.012037 0.033333
6 0.531019 0.188194 0.019444 0.029167
