2 0.854167 0.659028 0.043519 0.120833
2 0.275 0.311111 0.018519 0.069444
2 0.815741 0.553472 0.031481 0.095833
2 0.760648 0.441667 0.025 0.088889
2 0.937963 0.695139 0.040741 0.106944
2 0.731944 0.393056 0.023148 0.072222
2 0.311111 0.277083 0.018519 0.056944
2 0.798611 0.501389 0.034259 0.083333
2 0.696759 0.379861 0.023148 0.065278
2 0.644444 0.3125 0.02037 0.066667
6 0.593056 0.56875 0.080556 0.148611
2 0.234722 0.422222 0.017593 0.072222
2 0.240278 0.377083 0.021296 0.056944
2 0.331481 0.276389 0.011111 0.044444
2 0.712037 0.421528 0.018519 0.065278
2 0.677778 0.336806 0.018519 0.0625
2 0.616204 0.277778 0.012037 0.041667
2 0.637037 0.268056 0.011111 0.038889
6 0.548148 0.222917 0.024074 0.031944
6 0.512963 0.209028 0.022222 0.0375
