2 0.790278 0.507639 0.030556 0.093056
2 0.928241 0.686111 0.043519 0.127778
2 0.656481 0.34375 0.012963 0.056944
6 0.693519 0.559028 0.096296 0.131944
6 0.531944 0.263194 0.037963 0.056944
6 0.321296 0.423611 0.064815 0.136111
6 0.372685 0.308333 0.04537 0.083333
11 0.147685 0.685417 0.291667 0.606944
11 0.393981 0.229167 0.05463 0.105556
6 0.55 0.223611 0.027778 0.036111
6 0.503704 0.188194 0.024074 0.031944
2 0.62963 0.284722 0.014815 0.05
2 0.294907 0.297917 0.019444 0.043056
2 0.243981 0.36875 0.023148 0.054167
2 0.672685 0.320139 0.013889 0.045833
2 0.573148 0.190972 0.009259 0.029167
2 0.55787 0.179861 0.010185 0.034722
