2 0.046759 0.620833 0.04537 0.130556
2 0.886111 0.684028 0.042593 0.1125
2 0.717593 0.396528 0.022222 0.079167
2 0.775926 0.503472 0.02963 0.093056
2 0.253704 0.376389 0.024074 0.1
2 0.811574 0.580556 0.032407 0.094444
2 0.152315 0.481944 0.032407 0.105556
2 0.823148 0.515972 0.02963 0.090278
2 0.950926 0.715972 0.046296 0.140278
2 0.685648 0.366667 0.021296 0.063889
2 0.209722 0.45625 0.032407 0.104167
2 0.3125 0.274306 0.017593 0.065278
2 0.368519 0.215972 0.018519 0.065278
6 0.66713 0.50625 0.080556 0.109722
6 0.534259 0.320139 0.040741 0.070833
6 0.226852 0.660417 0.138889 0.229167
11 0.76713 0.714583 0.169444 0.315278
2 0.656944 0.314583 0.012037 0.054167
2 0.642593 0.320139 0.014815 0.045833
2 0.638426 0.275694 0.012037 0.0375
2 0.601852 0.252778 0.012963 0.038889
2 0.341667 0.228472 0.012963 0.0375
