2 0.825926 0.596528 0.035185 0.098611
2 0.061111 0.659028 0.05 0.168056
2 0.176852 0.501389 0.02963 0.102778
2 0.749074 0.445833 0.027778 0.083333
2 0.663889 0.322222 0.014815 0.052778
6 0.518981 0.225 0.030556 0.044444
2  0.230556 0.434028 0.022222 0.084722
2  0.241667 0.353472 0.018519 0.068056
2  0.271759 0.358333 0.017593 0.058333
2  0.300463 0.323611 0.017593 0.061111
2  0.266204 0.313889 0.017593 0.047222
2  0.287963 0.286806 0.012963 0.045833
2  0.653704 0.2875 0.012963 0.044444
2  0.438889 0.241667 0.02963 0.052778
