2 0.110185 0.550694 0.038889 0.120833
2 0.236111 0.377083 0.024074 0.0875
2 0.90463 0.729167 0.042593 0.116667
2 0.800926 0.503472 0.02963 0.093056
2 0.259722 0.325694 0.017593 0.065278
2 0.738889 0.464583 0.025926 0.084722
2 0.288426 0.28125 0.017593 0.0625
2 0.76713 0.456944 0.025 0.086111
2 0.895833 0.660417 0.037963 0.0875
2 0.6625 0.332639 0.017593 0.0625
2 0.861574 0.606944 0.026852 0.097222
2 0.679167 0.379167 0.021296 0.052778
2 0.688426 0.342361 0.013889 0.056944
2 0.610185 0.261806 0.012963 0.0375
2 0.596759 0.231944 0.010185 0.036111
