2 0.234259 0.382639 0.025926 0.090278
2 0.115741 0.604167 0.037037 0.122222
2 0.286574 0.325694 0.019444 0.068056
6 0.60463 0.578472 0.088889 0.143056
6 0.656481 0.479167 0.07037 0.102778
6 0.509722 0.221528 0.026852 0.0375
6 0.396759 0.228472 0.047222 0.068056
2 0.027315 0.682639 0.039815 0.1375
2 0.646759 0.280556 0.012037 0.047222
2 0.608333 0.252083 0.012963 0.034722
2 0.56713 0.192361 0.008333 0.031944
2 0.309259 0.271528 0.012963 0.040278
2 0.347222 0.245139 0.011111 0.031944
2 0.363426 0.230556 0.008333 0.030556
2 0.354167 0.216667 0.012037 0.030556
2 0.372222 0.218056 0.011111 0.030556
