2 0.123148 0.590278 0.038889 0.136111
2 0.872222 0.641667 0.035185 0.108333
2 0.161574 0.486806 0.028704 0.104167
2 0.209259 0.388194 0.024074 0.079167
2 0.77037 0.516667 0.031481 0.088889
2 0.25787 0.331944 0.019444 0.063889
2 0.682407 0.352778 0.02037 0.063889
2 0.239815 0.402778 0.022222 0.086111
2 0.739815 0.424306 0.025926 0.079167
2 0.312037 0.261806 0.016667 0.056944
2 0.978704 0.777083 0.02963 0.093056
6 0.6 0.602778 0.07963 0.15
6 0.721759 0.63125 0.110185 0.156944
6 0.408333 0.324306 0.044444 0.070833
6 0.541204 0.339583 0.041667 0.065278
6 0.648611 0.908333 0.143519 0.158333
6 0.589352 0.317361 0.043519 0.0625
6 0.518519 0.269444 0.033333 0.044444
7 0.559722 0.251389 0.034259 0.05
2 0.646759 0.302083 0.012037 0.051389
2 0.616667 0.269444 0.014815 0.036111
2 0.618519 0.242361 0.012963 0.034722
2 0.340278 0.229167 0.013889 0.041667
11 0.539815 0.193056 0.02963 0.055556
11 0.505093 0.175 0.025 0.063889
