2 0.874074 0.625694 0.035185 0.104167
2 0.125926 0.541667 0.037037 0.141667
2 0.718056 0.394444 0.025 0.086111
2 0.828704 0.625694 0.035185 0.104167
2 0.840741 0.538194 0.033333 0.093056
2 0.193981 0.481944 0.025 0.094444
2 0.048148 0.701389 0.05 0.138889
2 0.686111 0.375694 0.022222 0.065278
2 0.233796 0.370833 0.025 0.1
11 0.587037 0.444444 0.081481 0.169444
12 0.412963 0.295833 0.066667 0.197222
6 0.618056 0.381944 0.052778 0.080556
6 0.576852 0.281944 0.037037 0.052778
6 0.552778 0.234028 0.024074 0.0375
11 0.504167 0.199306 0.028704 0.045833
2 0.663426 0.325694 0.017593 0.045833
2 0.676852 0.318056 0.012963 0.047222
2 0.64213 0.318056 0.013889 0.044444
2 0.639815 0.272917 0.012963 0.043056
2 0.6125 0.277778 0.017593 0.041667
2 0.606944 0.243056 0.010185 0.030556
2 0.598611 0.244444 0.008333 0.033333
2 0.352315 0.213194 0.010185 0.031944
2 0.274537 0.357639 0.017593 0.0625
