2 0.953704 0.735417 0.051852 0.131944
2 0.860185 0.65 0.038889 0.111111
2 0.8 0.485417 0.027778 0.090278
2 0.847222 0.58125 0.037037 0.084722
6 0.659722 0.854861 0.132407 0.256944
6 0.604167 0.363194 0.050926 0.073611
6 0.352315 0.346528 0.04537 0.073611
6 0.580556 0.536806 0.075926 0.131944
6 0.296296 0.461806 0.072222 0.126389
6 0.386574 0.275694 0.036111 0.059722
9 0.257407 0.694444 0.348148 0.583333
6 0.159259 0.780556 0.140741 0.291667
2 0.687963 0.366667 0.02037 0.063889
2 0.70463 0.358333 0.016667 0.058333
2 0.647222 0.288889 0.016667 0.047222
