2 0.689815 0.347222 0.02037 0.066667
2 0.776852 0.503472 0.027778 0.081944
2 0.331481 0.257639 0.016667 0.054167
2 0.832407 0.527778 0.033333 0.088889
2 0.077778 0.673611 0.048148 0.144444
2 0.306019 0.263194 0.015741 0.051389
2 0.059722 0.589583 0.034259 0.101389
2 0.902315 0.633333 0.039815 0.108333
2 0.168519 0.495833 0.02963 0.094444
2 0.364352 0.227778 0.021296 0.061111
6 0.750926 0.720833 0.124074 0.194444
6 0.598611 0.597917 0.082407 0.145833
6 0.536111 0.327778 0.044444 0.069444
6 0.556944 0.239583 0.030556 0.040278
6 0.576852 0.284722 0.031481 0.055556
2 0.659259 0.340972 0.018519 0.056944
2 0.665741 0.303472 0.012963 0.043056
2 0.645833 0.325 0.015741 0.041667
2 0.636111 0.29375 0.012963 0.048611
2 0.623148 0.279167 0.014815 0.036111
