2 0.130556 0.574306 0.042593 0.131944
2 0.830556 0.548611 0.02963 0.1
2 0.748148 0.454167 0.024074 0.086111
2 0.782407 0.540278 0.031481 0.111111
2 0.192593 0.424306 0.02963 0.104167
2 0.694444 0.382639 0.022222 0.076389
2 0.319444 0.25625 0.016667 0.051389
6 0.612963 0.361111 0.057407 0.080556
6 0.57963 0.520833 0.072222 0.119444
6 0.564352 0.249306 0.037963 0.0625
2 0.35463 0.220833 0.009259 0.033333
2 0.666204 0.323611 0.013889 0.052778
2 0.788426 0.475 0.028704 0.072222
2 0.565278 0.194444 0.008333 0.030556
