2 0.090741 0.575 0.037037 0.122222
2 0.194907 0.417361 0.023148 0.0875
6 0.387037 0.495833 0.074074 0.155556
6 0.623148 0.791667 0.105556 0.247222
6 0.356944 0.329861 0.049074 0.0875
6 0.587963 0.314583 0.037037 0.059722
10 0.770833 0.615278 0.263889 0.533333
2 0.235648 0.355556 0.017593 0.05
2 0.264352 0.330556 0.021296 0.066667
2 0.286574 0.306944 0.015741 0.047222
6 0.525 0.286806 0.033333 0.048611
6 0.522685 0.244444 0.030556 0.030556
6 0.502315 0.188889 0.017593 0.036111
2 0.661574 0.309722 0.017593 0.047222
2 0.633333 0.286806 0.014815 0.034722
2 0.598148 0.252778 0.014815 0.033333
2 0.619444 0.251389 0.016667 0.038889
