2 0.912963 0.677083 0.046296 0.131944
2 0.727778 0.420139 0.027778 0.090278
2 0.229167 0.370139 0.023148 0.0875
2 0.255556 0.377778 0.018519 0.072222
2 0.326389 0.255556 0.017593 0.058333
6 0.713889 0.697917 0.135185 0.193056
6 0.3625 0.311806 0.04537 0.079167
6 0.568056 0.274306 0.037963 0.059722
2 0.636111 0.274306 0.009259 0.040278
2 0.306944 0.311111 0.013889 0.052778
2 0.296296 0.279861 0.012963 0.043056
2 0.356944 0.223611 0.012037 0.033333
2 0.573148 0.2 0.009259 0.025
6 0.543981 0.211111 0.023148 0.036111
