2 0.859722 0.60625 0.037963 0.109722
2 0.756019 0.445833 0.026852 0.088889
2 0.199537 0.473611 0.026852 0.091667
2 0.167593 0.477083 0.027778 0.0875
2 0.257407 0.343056 0.02037 0.075
2 0.297222 0.294444 0.018519 0.063889
2 0.35787 0.210417 0.013889 0.0375
2 0.647222 0.295833 0.018519 0.058333
6 0.748148 0.716667 0.125926 0.186111
6 0.608796 0.363889 0.047222 0.075
6 0.121759 0.888194 0.191667 0.209722
6 0.539815 0.332639 0.044444 0.076389
6 0.401852 0.228472 0.031481 0.045833
6 0.519444 0.266667 0.033333 0.058333
6 0.572222 0.279861 0.033333 0.054167
6 0.541204 0.207639 0.028704 0.040278
2 0.590741 0.209722 0.007407 0.027778
