2 0.196759 0.486111 0.028704 0.1
2 0.265741 0.330556 0.02037 0.069444
2 0.222685 0.393056 0.023148 0.091667
2 0.294444 0.294444 0.018519 0.063889
6 0.793519 0.777083 0.137037 0.193056
6 0.57963 0.452778 0.066667 0.097222
6 0.34537 0.375694 0.053704 0.090278
6 0.107407 0.886806 0.188889 0.201389
6 0.415741 0.366667 0.046296 0.086111
6 0.397222 0.248611 0.033333 0.052778
2 0.520833 0.239583 0.030556 0.051389
2 0.599074 0.233333 0.007407 0.022222
2 0.5875 0.216667 0.008333 0.022222
6 0.506019 0.190972 0.025 0.026389
