2 0.168981 0.450694 0.026852 0.098611
2 0.075926 0.638889 0.044444 0.130556
2 0.20463 0.446528 0.027778 0.101389
2 0.131019 0.602778 0.032407 0.105556
2 0.230093 0.368056 0.025 0.086111
2 0.354167 0.229861 0.015741 0.051389
6 0.302778 0.473611 0.090741 0.172222
6 0.427778 0.282639 0.040741 0.059722
6 0.438889 0.231944 0.02963 0.047222
2 0.385185 0.184722 0.009259 0.030556
2 0.649537 0.3 0.012037 0.044444
2 0.612963 0.241667 0.011111 0.030556
2 0.586574 0.235417 0.012037 0.031944
2 0.593056 0.218056 0.008333 0.030556
6 0.531019 0.190972 0.019444 0.031944
6 0.519907 0.170833 0.015741 0.019444
6 0.514815 0.157639 0.012963 0.020833
