2 0.090278 0.605556 0.04537 0.130556
2 0.793519 0.484722 0.027778 0.086111
2 0.1875 0.483333 0.032407 0.108333
2 0.179167 0.428472 0.026852 0.081944
6 0.389815 0.494444 0.068519 0.152778
6 0.422685 0.351389 0.052778 0.108333
6 0.243519 0.567361 0.107407 0.190278
6 0.425926 0.268056 0.038889 0.058333
6 0.525926 0.284028 0.037037 0.0625
11 0.659722 0.7 0.186111 0.405556
11 0.598148 0.3 0.072222 0.130556
12 0.726389 0.564583 0.202778 0.3625
6 0.556481 0.244444 0.025926 0.041667
6 0.542593 0.209722 0.018519 0.033333
6 0.515278 0.213194 0.021296 0.029167
2 0.289352 0.310417 0.015741 0.048611
