2 0.070833 0.561111 0.037963 0.125
2 0.109259 0.615278 0.038889 0.130556
2 0.797222 0.564583 0.031481 0.106944
2 0.858333 0.593056 0.035185 0.097222
2 0.75787 0.469444 0.028704 0.091667
2 0.168056 0.474306 0.030556 0.106944
2 0.967593 0.85 0.048148 0.125
2 0.191667 0.477778 0.024074 0.088889
6 0.5125 0.238194 0.025 0.048611
6 0.55 0.407639 0.055556 0.084722
6 0.563426 0.253472 0.030556 0.045833
2 0.211574 0.392361 0.036111 0.0875
2 0.627315 0.270833 0.010185 0.047222
2 0.60463 0.261806 0.009259 0.040278
2 0.59213 0.231944 0.010185 0.030556
2 0.55787 0.191667 0.010185 0.025
6 0.538426 0.211111 0.021296 0.030556
2 0.2625 0.325 0.025 0.05
2 0.296759 0.295833 0.012037 0.052778
2 0.325926 0.290972 0.011111 0.043056
