2 0.827315 0.594444 0.034259 0.108333
2 0.876852 0.697917 0.048148 0.131944
2 0.781019 0.511806 0.028704 0.098611
2 0.261111 0.328472 0.018519 0.073611
2 0.116204 0.539583 0.037963 0.1125
2 0.96713 0.780556 0.047222 0.147222
2 0.229167 0.379167 0.021296 0.083333
2 0.737963 0.480556 0.025926 0.097222
2 0.299537 0.279167 0.019444 0.058333
2 0.693981 0.383333 0.021296 0.083333
2 0.74213 0.406944 0.025 0.072222
2 0.325 0.254167 0.018519 0.055556
2 0.665278 0.338194 0.019444 0.0625
6 0.601852 0.347917 0.051852 0.079167
6 0.541667 0.345139 0.048148 0.065278
6 0.558333 0.250694 0.033333 0.045833
11 0.356019 0.316667 0.058333 0.116667
2 0.832407 0.536806 0.031481 0.084722
2 0.776852 0.461806 0.031481 0.070833
2 0.644907 0.286806 0.012037 0.045833
