2 0.062963 0.652778 0.048148 0.136111
2 0.818981 0.595833 0.039815 0.102778
2 0.923148 0.736806 0.05 0.109722
2 0.224074 0.410417 0.025926 0.093056
2 0.958796 0.848611 0.05463 0.138889
2 0.731481 0.434028 0.027778 0.084722
2 0.893056 0.64375 0.039815 0.101389
2 0.746759 0.490278 0.026852 0.091667
2 0.647222 0.305556 0.018519 0.069444
2 0.312037 0.284028 0.016667 0.056944
2 0.293056 0.325 0.017593 0.058333
6 0.535185 0.307639 0.037037 0.065278
6 0.116204 0.888889 0.173148 0.2
11 0.375926 0.271528 0.051852 0.123611
11 0.431481 0.278472 0.044444 0.118056
2 0.276389 0.300694 0.012037 0.054167
6 0.536574 0.202083 0.023148 0.031944
2 0.66713 0.321528 0.013889 0.056944
2 0.623611 0.300694 0.012037 0.034722
2 0.612963 0.272917 0.011111 0.034722
2 0.594907 0.236806 0.010185 0.034722
2 0.578704 0.213889 0.007407 0.025
2 0.755556 0.427083 0.018519 0.065278
