2 0.155556 0.510417 0.033333 0.118056
2 0.902315 0.676389 0.037963 0.108333
2 0.960648 0.841667 0.056481 0.152778
2 0.711111 0.401389 0.024074 0.083333
2 0.756481 0.48125 0.027778 0.098611
2 0.266667 0.345139 0.02037 0.073611
6 0.391204 0.247917 0.034259 0.056944
6 0.618519 0.372222 0.055556 0.086111
9 0.553704 0.434722 0.07037 0.147222
7 0.532407 0.331944 0.042593 0.072222
2 0.777315 0.474306 0.019444 0.073611
2 0.680556 0.3625 0.018519 0.058333
2 0.646759 0.319444 0.017593 0.044444
7 0.564815 0.269444 0.031481 0.05
6 0.542593 0.210417 0.024074 0.034722
