2 0.183796 0.444444 0.030556 0.105556
2 0.10787 0.593056 0.037963 0.122222
2 0.677778 0.336806 0.018519 0.065278
2 0.139352 0.504861 0.032407 0.106944
2 0.96713 0.7875 0.052778 0.122222
2 0.222685 0.445833 0.023148 0.083333
6 0.704167 0.583333 0.091667 0.130556
2 0.243981 0.392361 0.019444 0.073611
2 0.297685 0.294444 0.013889 0.05
2 0.336574 0.263889 0.010185 0.041667
2 0.330093 0.252778 0.012037 0.041667
2 0.349074 0.223611 0.011111 0.038889
2 0.3625 0.203472 0.008333 0.031944
2 0.377315 0.185417 0.012037 0.0375
6 0.423148 0.196528 0.022222 0.034722
6 0.532407 0.190972 0.024074 0.0375
