2 0.138889 0.507639 0.035185 0.120833
2 0.853241 0.657639 0.039815 0.123611
2 0.781019 0.561111 0.034259 0.1
2 0.972222 0.815972 0.038889 0.118056
2 0.206019 0.465278 0.025 0.091667
2 0.84213 0.584028 0.036111 0.079167
2 0.799537 0.516667 0.034259 0.077778
2 0.309259 0.269444 0.018519 0.052778
11 0.744907 0.771528 0.350926 0.434722
2 0.695833 0.391667 0.019444 0.058333
2 0.699537 0.351389 0.015741 0.047222
2 0.655556 0.336806 0.012963 0.051389
2 0.666667 0.317361 0.014815 0.043056
2 0.644907 0.280556 0.012037 0.044444
2 0.626389 0.277778 0.013889 0.047222
2 0.608796 0.248611 0.010185 0.030556
2 0.611574 0.232639 0.012037 0.031944
2 0.59213 0.242361 0.010185 0.029167
2 0.594444 0.220833 0.011111 0.030556
