2 0.103704 0.588194 0.040741 0.126389
2 0.75787 0.436111 0.028704 0.083333
2 0.875926 0.604861 0.035185 0.109722
2 0.118981 0.502778 0.036111 0.1
2 0.965741 0.876389 0.05 0.144444
2 0.709259 0.393056 0.022222 0.075
2 0.781481 0.531944 0.02963 0.091667
2 0.818519 0.614583 0.033333 0.109722
2 0.218056 0.393056 0.021296 0.091667
2 0.826852 0.538194 0.02963 0.081944
6 0.654167 0.503472 0.075 0.1125
6 0.418981 0.315278 0.037963 0.066667
2 0.681019 0.394444 0.021296 0.05
2 0.6875 0.35 0.015741 0.058333
2 0.659722 0.353472 0.015741 0.054167
2 0.676389 0.322222 0.013889 0.05
2 0.647222 0.311806 0.016667 0.056944
2 0.291667 0.296528 0.018519 0.056944
2 0.365741 0.209028 0.009259 0.031944
6 0.512963 0.218056 0.02963 0.044444
6 0.54537 0.221528 0.024074 0.040278
2 0.625926 0.297917 0.014815 0.051389
2 0.634259 0.277083 0.009259 0.040278
2 0.594444 0.245139 0.009259 0.029167
2 0.59213 0.224306 0.008333 0.031944
2 0.57963 0.217361 0.011111 0.0375
2 0.340741 0.247917 0.009259 0.040278
