2 0.244907 0.340278 0.023148 0.077778
2 0.196759 0.399306 0.030556 0.093056
2 0.298611 0.303472 0.019444 0.079167
2 0.322685 0.258333 0.017593 0.058333
6 0.684259 0.515972 0.098148 0.140278
6 0.593519 0.306944 0.046296 0.069444
11 0.535648 0.258333 0.063889 0.158333
2 0.643981 0.274306 0.015741 0.045833
2 0.619444 0.266667 0.012963 0.036111
2 0.630093 0.240278 0.012037 0.038889
2 0.617593 0.239583 0.011111 0.0375
2 0.599074 0.239583 0.011111 0.0375
2 0.594444 0.207639 0.009259 0.034722
2 0.356481 0.215972 0.011111 0.0375
2 0.372222 0.191667 0.009259 0.033333
