2 0.8375 0.618056 0.037963 0.108333
2 0.160648 0.457639 0.030556 0.104167
2 0.863426 0.574306 0.032407 0.098611
2 0.690741 0.345139 0.016667 0.0625
2 0.668519 0.345139 0.018519 0.065278
2 0.269907 0.319444 0.017593 0.066667
2 0.227778 0.374306 0.022222 0.079167
2 0.250463 0.401389 0.021296 0.080556
6 0.314352 0.422917 0.062037 0.109722
6 0.421296 0.297917 0.038889 0.068056
6 0.570833 0.276389 0.039815 0.055556
6 0.394907 0.234722 0.032407 0.047222
11 0.387963 0.449306 0.074074 0.198611
6 0.524074 0.254167 0.031481 0.036111
2 0.636111 0.304861 0.012963 0.043056
2 0.6 0.230556 0.011111 0.030556
6 0.548611 0.23125 0.026852 0.0375
6 0.505093 0.195139 0.023148 0.034722
2 0.306019 0.311806 0.012037 0.056944
2 0.296296 0.277778 0.012963 0.038889
2 0.32037 0.26875 0.014815 0.031944
2 0.327778 0.240972 0.012963 0.034722
6 0.443056 0.223611 0.030556 0.041667
