2 0.072222 0.580556 0.037037 0.119444
2 0.88287 0.617361 0.037963 0.1125
2 0.719444 0.425694 0.024074 0.084722
2 0.243056 0.357639 0.023148 0.073611
2 0.7875 0.468056 0.025 0.080556
2 0.76713 0.523611 0.030556 0.091667
2 0.218519 0.43125 0.022222 0.081944
2 0.275463 0.358333 0.021296 0.072222
2 0.935185 0.806944 0.057407 0.136111
2 0.687037 0.378472 0.02037 0.070833
2 0.155093 0.465278 0.028704 0.094444
2 0.192593 0.477778 0.024074 0.091667
2 0.435185 0.242361 0.024074 0.051389
6 0.599537 0.322917 0.04537 0.070833
11 0.537963 0.309722 0.046296 0.108333
2 0.710648 0.370139 0.019444 0.059722
2 0.651389 0.328472 0.013889 0.048611
2 0.663889 0.315278 0.012963 0.052778
