2 0.181481 0.460417 0.027778 0.095833
2 0.126389 0.520139 0.032407 0.104167
2 0.780093 0.532639 0.028704 0.093056
2 0.708796 0.394444 0.021296 0.077778
2 0.0875 0.665278 0.041667 0.130556
2 0.39213 0.261111 0.021296 0.058333
6 0.390741 0.470139 0.068519 0.145833
6 0.315278 0.463889 0.063889 0.113889
6 0.588889 0.327083 0.042593 0.059722
6 0.521296 0.25 0.02963 0.052778
6 0.273611 0.927778 0.125 0.122222
11 0.594907 0.552083 0.110185 0.256944
11 0.716667 0.869444 0.259259 0.241667
11 0.579167 0.275 0.04537 0.080556
