2 0.058333 0.659028 0.046296 0.134722
2 0.775463 0.497222 0.028704 0.091667
2 0.845833 0.585417 0.037963 0.106944
2 0.755093 0.439583 0.026852 0.090278
2 0.711574 0.420833 0.025 0.094444
2 0.239815 0.410417 0.022222 0.090278
2 0.288889 0.304861 0.02037 0.0625
2 0.692593 0.390278 0.022222 0.077778
6 0.618519 0.746528 0.101852 0.209722
6 0.660648 0.488889 0.080556 0.125
6 0.394444 0.238889 0.033333 0.055556
6 0.333796 0.38125 0.060185 0.106944
6 0.106481 0.896528 0.174074 0.1875
9 0.548148 0.352083 0.057407 0.120833
2 0.160648 0.463889 0.04537 0.063889
2 0.156944 0.5375 0.043519 0.080556
2 0.66713 0.338889 0.019444 0.072222
2 0.636111 0.30625 0.016667 0.043056
2 0.643519 0.273611 0.012963 0.05
2 0.596296 0.2375 0.009259 0.033333
6 0.527315 0.294444 0.037963 0.061111
6 0.521296 0.251389 0.027778 0.033333
6 0.511574 0.21875 0.025 0.034722
6 0.528241 0.190972 0.025 0.031944
2 0.334259 0.263889 0.014815 0.041667
