2 0.218056 0.408333 0.026852 0.097222
2 0.25787 0.334028 0.019444 0.070833
2 0.696296 0.361111 0.022222 0.069444
2 0.644907 0.314583 0.017593 0.059722
6 0.737037 0.7 0.124074 0.183333
6 0.653241 0.456944 0.069444 0.094444
6 0.409722 0.390972 0.060185 0.120833
6 0.296759 0.497222 0.078704 0.133333
6 0.363889 0.305556 0.040741 0.066667
6 0.549537 0.410417 0.056481 0.101389
6 0.426852 0.279167 0.033333 0.058333
6 0.525 0.279167 0.035185 0.055556
6 0.596296 0.342361 0.048148 0.079167
6 0.56713 0.260417 0.037963 0.059722
6 0.511574 0.225 0.028704 0.038889
6 0.540741 0.205556 0.022222 0.030556
6 0.505093 0.192361 0.025 0.031944
2 0.320833 0.26875 0.019444 0.051389
2 0.631019 0.274306 0.013889 0.043056
2 0.611574 0.255556 0.013889 0.038889
2 0.593981 0.216667 0.010185 0.036111
