2 0.17963 0.486806 0.031481 0.098611
2 0.243981 0.385417 0.023148 0.093056
2 0.854167 0.580556 0.034259 0.102778
2 0.727778 0.421528 0.024074 0.084722
2 0.276389 0.385417 0.019444 0.084722
2 0.303241 0.297917 0.017593 0.065278
6 0.654167 0.872917 0.147222 0.231944
6 0.601852 0.605556 0.077778 0.141667
6 0.565741 0.453472 0.061111 0.101389
6 0.397685 0.247917 0.039815 0.068056
11 0.664352 0.457639 0.078704 0.151389
11 0.543056 0.358333 0.050926 0.111111
2 0.593519 0.324306 0.046296 0.101389
2  0.770833 0.480556 0.026852 0.069444
2  0.705093 0.384028 0.015741 0.051389
2  0.692593 0.390972 0.014815 0.0375
2  0.663426 0.360417 0.019444 0.045833
2  0.645833 0.326389 0.015741 0.052778
2  0.327778 0.305556 0.014815 0.036111
2  0.339815 0.286806 0.012963 0.029167
2  0.347222 0.272917 0.012963 0.031944
2  0.02963 0.681944 0.046296 0.119444
2  0.615741 0.268056 0.011111 0.036111
2  0.592593 0.251389 0.012963 0.041667
