2 0.2125 0.444444 0.028704 0.097222
2 0.952778 0.777083 0.05 0.129167
2 0.157407 0.470833 0.031481 0.097222
2 0.775926 0.540972 0.031481 0.109722
2 0.82963 0.538889 0.031481 0.097222
2 0.732407 0.443056 0.024074 0.086111
2 0.766204 0.438889 0.026852 0.083333
2 0.281944 0.314583 0.026852 0.076389
2 0.261111 0.353472 0.018519 0.070833
6 0.585648 0.551389 0.086111 0.144444
6 0.540278 0.316667 0.04537 0.072222
6 0.756944 0.719444 0.137963 0.205556
9 0.650926 0.395139 0.125926 0.2625
11 0.375926 0.275694 0.048148 0.101389
11 0.441667 0.198611 0.035185 0.072222
2 0.319907 0.288194 0.015741 0.043056
2 0.344444 0.229861 0.012963 0.0375
2 0.352315 0.213889 0.010185 0.033333
6 0.540278 0.213889 0.023148 0.030556
6 0.518056 0.158333 0.017593 0.025
2 0.594907 0.244444 0.010185 0.036111
2 0.581019 0.225 0.010185 0.027778
2 0.577778 0.200694 0.011111 0.023611
2 0.967593 0.872917 0.053704 0.154167
