2 0.723611 0.410417 0.025 0.098611
2 0.839352 0.574306 0.026852 0.101389
2 0.76713 0.472917 0.026852 0.093056
2 0.805556 0.581944 0.02963 0.105556
2 0.237963 0.405556 0.025926 0.091667
2 0.047685 0.631944 0.049074 0.111111
2 0.687037 0.372917 0.02037 0.068056
2 0.187037 0.494444 0.031481 0.105556
6 0.281019 0.865278 0.178704 0.244444
6 0.60463 0.704167 0.105556 0.222222
6 0.409259 0.368056 0.053704 0.136111
11 0.565278 0.238889 0.037963 0.088889
2 0.229167 0.361806 0.023148 0.070833
2 0.300463 0.316667 0.012037 0.047222
2 0.2875 0.306944 0.015741 0.055556
2 0.308796 0.281944 0.015741 0.041667
2 0.34213 0.246528 0.012037 0.043056
2 0.361574 0.222917 0.008333 0.031944
2 0.694907 0.408333 0.017593 0.05
2 0.635185 0.271528 0.012963 0.043056
2 0.618056 0.286806 0.012037 0.043056
2 0.601389 0.252083 0.010185 0.0375
2 0.616204 0.243056 0.012037 0.030556
11 0.523148 0.266667 0.031481 0.072222
6 0.5375 0.205556 0.019444 0.030556
11 0.503704 0.180556 0.027778 0.069444
6 0.347685 0.215278 0.010185 0.030556
