2 0.061111 0.631944 0.048148 0.138889
2 0.789815 0.477778 0.025926 0.088889
2 0.90787 0.70625 0.04537 0.115278
2 0.743981 0.415972 0.025 0.084722
2 0.218519 0.427083 0.022222 0.084722
2 0.173148 0.516667 0.042593 0.102778
2 0.243981 0.354167 0.025 0.077778
6 0.748148 0.750694 0.140741 0.218056
6 0.596759 0.356944 0.05463 0.086111
6 0.548148 0.214583 0.022222 0.045833
6 0.531481 0.188889 0.016667 0.027778
2 0.142593 0.502083 0.02963 0.073611
2 0.155093 0.432639 0.037963 0.070833
2 0.721759 0.4375 0.025 0.075
2 0.711111 0.361806 0.018519 0.056944
2 0.682407 0.331944 0.014815 0.058333
2 0.66713 0.340278 0.015741 0.055556
