2 0.828704 0.526389 0.02963 0.091667
2 0.19213 0.422917 0.028704 0.098611
2 0.931944 0.66875 0.036111 0.118056
2 0.887963 0.66875 0.038889 0.106944
2 0.724074 0.384722 0.022222 0.069444
2 0.736111 0.438889 0.025926 0.088889
2 0.702315 0.348611 0.017593 0.063889
6 0.527778 0.2875 0.040741 0.069444
11 0.752315 0.606944 0.149074 0.241667
11 0.577315 0.463194 0.073148 0.193056
11 0.39537 0.231944 0.051852 0.111111
2 0.282407 0.314583 0.016667 0.051389
2 0.322222 0.254861 0.014815 0.051389
6 0.563889 0.255556 0.024074 0.047222
6 0.537037 0.207639 0.024074 0.034722
6 0.513889 0.222917 0.024074 0.040278
2 0.681481 0.376389 0.016667 0.052778
2 0.680093 0.338194 0.015741 0.040278
2 0.659259 0.353472 0.011111 0.048611
2 0.650463 0.304861 0.012037 0.048611
2 0.638426 0.310417 0.012037 0.0375
2 0.626389 0.302778 0.012037 0.036111
2 0.638889 0.279167 0.009259 0.036111
2 0.632407 0.281944 0.009259 0.033333
2 0.614352 0.265972 0.010185 0.040278
2 0.600463 0.230556 0.010185 0.036111
2 0.585648 0.218056 0.008333 0.033333
6 0.497222 0.159028 0.014815 0.023611
6 0.512037 0.156944 0.014815 0.025
