2 0.143519 0.5375 0.035185 0.116667
2 0.708796 0.381944 0.023148 0.069444
2 0.232407 0.370139 0.022222 0.079167
2 0.359722 0.334028 0.047222 0.098611
2 0.326389 0.254167 0.021296 0.061111
2 0.311111 0.270139 0.016667 0.056944
6 0.539815 0.318056 0.044444 0.069444
6 0.864815 0.91875 0.175926 0.143056
6 0.361111 0.336806 0.05 0.098611
2 0.656019 0.305556 0.013889 0.044444
2 0.596296 0.236111 0.011111 0.036111
2 0.580093 0.210417 0.008333 0.031944
6 0.528704 0.180556 0.022222 0.036111
6 0.516667 0.226389 0.031481 0.038889
6 0.412963 0.215972 0.022222 0.031944
6 0.425926 0.179167 0.022222 0.033333
