2 0.169907 0.453472 0.030556 0.1125
2 0.210648 0.423611 0.021296 0.091667
2 0.620833 0.279861 0.015741 0.051389
6 0.735185 0.659028 0.112963 0.159722
6 0.571759 0.532639 0.078704 0.118056
6 0.521759 0.269444 0.039815 0.055556
11 0.362963 0.28125 0.072222 0.151389
2 0.237963 0.396528 0.018519 0.070833
2 0.255093 0.392361 0.021296 0.059722
2 0.264815 0.365972 0.025926 0.056944
2 0.269444 0.30625 0.018519 0.054167
2 0.296759 0.299306 0.013889 0.045833
2 0.308333 0.311111 0.018519 0.05
2 0.321296 0.288889 0.014815 0.044444
6 0.552315 0.231944 0.030556 0.038889
2 0.534722 0.201389 0.025 0.030556
6 0.405556 0.231944 0.027778 0.044444
2 0.606019 0.234028 0.013889 0.0375
2 0.5 0.177083 0.016667 0.026389
2 0.309722 0.260417 0.013889 0.031944
