2 0.140278 0.498611 0.034259 0.113889
2 0.94537 0.725 0.05 0.127778
2 0.223148 0.440278 0.027778 0.1
2 0.681019 0.334028 0.019444 0.0625
2 0.777778 0.479861 0.027778 0.084722
2 0.518519 0.240278 0.025926 0.055556
2 0.728704 0.395139 0.025926 0.073611
2 0.644444 0.304861 0.018519 0.056944
2 0.973611 0.851389 0.036111 0.111111
2 0.713889 0.432639 0.024074 0.081944
6 0.42037 0.309028 0.042593 0.065278
6 0.600926 0.358333 0.055556 0.077778
2 0.343056 0.229167 0.012037 0.038889
2 0.627778 0.259028 0.012963 0.0375
