2 0.862963 0.667361 0.040741 0.1125
2 0.156944 0.481944 0.030556 0.102778
2 0.741204 0.40625 0.023148 0.073611
2 0.27963 0.306944 0.018519 0.061111
2 0.21713 0.384722 0.023148 0.077778
2 0.213426 0.461111 0.026852 0.097222
2 0.252315 0.395139 0.015741 0.065278
7 0.693056 0.565278 0.106481 0.158333
6 0.538889 0.336806 0.046296 0.079167
6 0.675 0.907639 0.142593 0.159722
6 0.57037 0.270139 0.027778 0.054167
11 0.525926 0.256944 0.037037 0.091667
2 0.264815 0.358333 0.016667 0.052778
2 0.324074 0.253472 0.014815 0.045833
2 0.355556 0.249306 0.011111 0.031944
2 0.358796 0.222917 0.012037 0.029167
6 0.398611 0.245833 0.026852 0.05
2 0.588426 0.215972 0.008333 0.034722
6 0.551389 0.225 0.023148 0.036111
6 0.531944 0.192361 0.017593 0.029167
6 0.511111 0.20625 0.022222 0.029167
6 0.498148 0.179861 0.018519 0.023611
