2 0.811111 0.566667 0.035185 0.1
2 0.185648 0.439583 0.028704 0.0875
2 0.25463 0.379861 0.022222 0.0875
2 0.138426 0.559722 0.036111 0.119444
2 0.225463 0.429861 0.023148 0.0875
2 0.135185 0.477778 0.033333 0.1
2 0.189352 0.503472 0.025 0.098611
6 0.411574 0.379861 0.05463 0.109722
2 0.108333 0.545139 0.02963 0.109722
2 0.219444 0.388889 0.024074 0.072222
2 0.277315 0.315972 0.017593 0.048611
2 0.314815 0.3 0.014815 0.052778
2 0.331019 0.243056 0.013889 0.036111
2 0.378241 0.197222 0.012037 0.030556
2 0.689352 0.341667 0.017593 0.055556
2 0.661574 0.338889 0.017593 0.05
2 0.668056 0.314583 0.013889 0.040278
2 0.626389 0.301389 0.013889 0.038889
2 0.642593 0.315278 0.014815 0.041667
2 0.652778 0.295833 0.014815 0.044444
2 0.633796 0.26875 0.012037 0.034722
2 0.597222 0.246528 0.009259 0.031944
