2 0.060185 0.657639 0.05 0.148611
2 0.74213 0.409028 0.028704 0.081944
2 0.762963 0.507639 0.025926 0.095833
6 0.543519 0.3625 0.044444 0.066667
6 0.15463 0.843056 0.148148 0.277778
6 0.419444 0.332639 0.042593 0.084722
9 0.564815 0.221528 0.05 0.098611
2 0.744907 0.465278 0.025 0.069444
2 0.652315 0.289583 0.012037 0.051389
6 0.502778 0.182639 0.02037 0.029167
2 0.312037 0.295833 0.012963 0.047222
2 0.323611 0.25625 0.010185 0.043056
2 0.346296 0.252778 0.009259 0.038889
2 0.364815 0.202778 0.011111 0.030556
