2 0.798611 0.522222 0.030556 0.1
2 0.226389 0.380556 0.026852 0.083333
2 0.309259 0.278472 0.018519 0.051389
6 0.610185 0.369444 0.048148 0.075
6 0.547685 0.399306 0.056481 0.079167
6 0.388889 0.259722 0.037037 0.055556
10 0.225463 0.60625 0.15463 0.340278
6 0.579167 0.284722 0.036111 0.05
6 0.525 0.252778 0.02963 0.041667
2 0.645833 0.288889 0.010185 0.036111
2 0.598148 0.230556 0.007407 0.036111
2 0.584722 0.224306 0.010185 0.031944
2 0.348148 0.21875 0.011111 0.034722
6 0.409259 0.219444 0.027778 0.038889
