2 0.15 0.475 0.033333 0.111111
2 0.976389 0.763194 0.032407 0.109722
2 0.803704 0.526389 0.027778 0.091667
2 0.686574 0.39375 0.021296 0.068056
2 0.704167 0.360417 0.021296 0.068056
2 0.736111 0.4 0.024074 0.075
2 0.778241 0.470139 0.026852 0.0875
6 0.608796 0.366667 0.052778 0.086111
6 0.568519 0.275 0.035185 0.05
11 0.705556 0.541667 0.131481 0.244444
11 0.553704 0.409028 0.068519 0.176389
2 0.28287 0.336111 0.019444 0.063889
2 0.316667 0.25625 0.012963 0.054167
2 0.334259 0.270833 0.014815 0.055556
2 0.351852 0.249306 0.009259 0.029167
2 0.358333 0.219444 0.011111 0.030556
2 0.34537 0.234722 0.011111 0.030556
2 0.660648 0.347917 0.017593 0.054167
2 0.664352 0.315278 0.012037 0.033333
2 0.64213 0.317361 0.013889 0.045833
2 0.627315 0.257639 0.013889 0.043056
2 0.602778 0.2625 0.011111 0.038889
2 0.609722 0.254167 0.010185 0.036111
2 0.575 0.202778 0.009259 0.027778
