2 0.138426 0.528472 0.036111 0.106944
2 0.035648 0.707639 0.04537 0.1375
2 0.06713 0.564583 0.036111 0.118056
2 0.112963 0.611806 0.037037 0.115278
2 0.192593 0.440972 0.02963 0.104167
2 0.675463 0.328472 0.019444 0.0625
2 0.233333 0.424306 0.022222 0.084722
6 0.810648 0.849306 0.184259 0.268056
6 0.427778 0.28125 0.037037 0.059722
11 0.306019 0.411806 0.093519 0.2375
11 0.568519 0.448611 0.075926 0.169444
11 0.668519 0.466667 0.094444 0.175
11 0.601852 0.322917 0.055556 0.1125
11 0.519444 0.252778 0.042593 0.088889
6 0.560185 0.252778 0.02963 0.052778
2 0.6 0.234722 0.011111 0.033333
2 0.640741 0.275694 0.014815 0.048611
6 0.536111 0.204167 0.018519 0.027778
6 0.508333 0.201389 0.022222 0.030556
6 0.525 0.176389 0.018519 0.027778
6 0.503241 0.178472 0.017593 0.026389
2 0.309259 0.272222 0.012963 0.047222
2 0.334259 0.26875 0.012963 0.040278
