2 0.821759 0.571528 0.032407 0.093056
2 0.918981 0.732639 0.043519 0.118056
2 0.775 0.552778 0.027778 0.097222
2 0.972222 0.750694 0.038889 0.126389
11 0.833796 0.802778 0.228704 0.366667
11 0.624537 0.634722 0.143519 0.316667
11 0.349074 0.352083 0.061111 0.131944
11 0.525926 0.258333 0.031481 0.083333
9 0.424074 0.334722 0.046296 0.122222
2  0.6875 0.409722 0.025 0.069444
2  0.695833 0.367361 0.021296 0.051389
2  0.655556 0.326389 0.014815 0.047222
2  0.641204 0.303472 0.012037 0.043056
2  0.621759 0.292361 0.017593 0.0375
6 0.553704 0.247222 0.024074 0.033333
