2 0.843056 0.583333 0.034259 0.105556
2 0.95463 0.710417 0.059259 0.1375
2 0.72037 0.418056 0.022222 0.080556
2 0.752315 0.426389 0.025 0.088889
2 0.768519 0.474306 0.024074 0.079167
6 0.574074 0.561806 0.077778 0.134722
6 0.352778 0.652778 0.096296 0.205556
6 0.185185 0.720833 0.155556 0.291667
11 0.743519 0.624306 0.17037 0.318056
11 0.593519 0.296528 0.057407 0.098611
2 0.697685 0.418056 0.019444 0.058333
2 0.699537 0.370833 0.019444 0.044444
2 0.679167 0.343056 0.019444 0.047222
2 0.65463 0.338194 0.016667 0.054167
2 0.309722 0.271528 0.013889 0.045833
