2 0.796296 0.525694 0.027778 0.095833
2 0.8875 0.7125 0.049074 0.119444
2 0.275926 0.331944 0.02037 0.066667
2 0.710648 0.38125 0.021296 0.079167
2 0.689352 0.342361 0.023148 0.070833
6 0.544907 0.391667 0.056481 0.086111
11 0.874537 0.871528 0.239815 0.240278
11 0.564352 0.242361 0.036111 0.079167
2 0.306019 0.309028 0.015741 0.043056
2 0.318056 0.277083 0.012037 0.043056
2 0.299537 0.271528 0.012037 0.043056
2 0.757407 0.519444 0.031481 0.077778
2 0.7625 0.422222 0.017593 0.083333
2 0.746296 0.442361 0.024074 0.079167
2 0.724074 0.456944 0.025926 0.075
2 0.936574 0.703472 0.04537 0.145833
6 0.606944 0.349306 0.05463 0.084722
2 0.674537 0.370139 0.017593 0.0625
2 0.639815 0.286806 0.012963 0.043056
2 0.337963 0.270139 0.009259 0.043056
