2 0.893981 0.702083 0.04537 0.115278
2 0.268056 0.344444 0.021296 0.072222
2 0.70787 0.399306 0.025 0.084722
2 0.784722 0.522917 0.030556 0.093056
2 0.765741 0.449306 0.027778 0.090278
2 0.811574 0.513889 0.023148 0.088889
6 0.607407 0.358333 0.053704 0.075
6 0.848611 0.884722 0.180556 0.211111
6 0.346759 0.734028 0.100926 0.231944
11 0.431944 0.246528 0.036111 0.093056
11 0.523611 0.279167 0.043519 0.102778
2 0.349537 0.239583 0.012037 0.0375
6 0.569444 0.266667 0.035185 0.047222
2 0.623611 0.283333 0.015741 0.038889
2 0.617593 0.245833 0.014815 0.041667
2 0.602778 0.245833 0.012963 0.038889
6 0.545833 0.215972 0.028704 0.043056
