2 0.119907 0.540972 0.037963 0.120833
2 0.215278 0.39375 0.026852 0.098611
2 0.840278 0.577778 0.036111 0.105556
2 0.257407 0.347222 0.02037 0.075
2 0.708796 0.384722 0.021296 0.072222
2 0.291667 0.288194 0.018519 0.065278
6 0.356481 0.3375 0.055556 0.094444
6 0.586111 0.301389 0.038889 0.061111
11 0.625463 0.380556 0.073148 0.155556
11 0.533333 0.300694 0.046296 0.104167
2 0.287037 0.340278 0.016667 0.047222
2 0.326852 0.283333 0.012963 0.047222
2 0.334722 0.238194 0.010185 0.034722
2 0.732407 0.440278 0.022222 0.069444
2 0.744444 0.417361 0.02037 0.0625
2 0.649074 0.298611 0.018519 0.047222
2 0.594444 0.236806 0.011111 0.034722
11 0.546759 0.208333 0.030556 0.066667
2 0.612963 0.241667 0.011111 0.038889
