2 0.184722 0.454861 0.028704 0.109722
2 0.896759 0.705556 0.041667 0.116667
2 0.268981 0.35 0.021296 0.075
2 0.218519 0.379167 0.027778 0.086111
2 0.864352 0.602083 0.034259 0.109722
2 0.766204 0.501389 0.026852 0.080556
2 0.820833 0.529167 0.030556 0.097222
2 0.305093 0.326389 0.019444 0.083333
2 0.698611 0.40625 0.021296 0.073611
2 0.356944 0.234722 0.015741 0.066667
2 0.333796 0.25 0.017593 0.047222
6 0.62963 0.428472 0.059259 0.095833
6 0.694444 0.886806 0.181481 0.209722
6 0.55787 0.420833 0.056481 0.097222
2 0.6875 0.354167 0.013889 0.05
2 0.651852 0.330556 0.012963 0.044444
2 0.642593 0.294444 0.014815 0.047222
2 0.618056 0.280556 0.012037 0.044444
6 0.563889 0.257639 0.02963 0.040278
6 0.52037 0.252083 0.031481 0.0375
6 0.542593 0.220833 0.027778 0.033333
6 0.530556 0.190972 0.018519 0.034722
