2 0.800926 0.50625 0.02963 0.098611
2 0.060648 0.601389 0.041667 0.119444
2 0.129167 0.574306 0.037963 0.126389
2 0.179167 0.470833 0.032407 0.105556
2 0.214815 0.383333 0.024074 0.077778
2 0.652315 0.319444 0.017593 0.058333
2 0.299537 0.303472 0.019444 0.0625
6 0.635185 0.430556 0.066667 0.102778
6 0.359722 0.326389 0.041667 0.066667
6 0.560648 0.465972 0.060185 0.098611
6 0.587037 0.317361 0.046296 0.073611
6 0.350463 0.717361 0.09537 0.2375
6 0.545833 0.213889 0.030556 0.044444
6 0.567593 0.260417 0.037037 0.056944
2 0.264815 0.322917 0.022222 0.048611
2 0.40463 0.222917 0.024074 0.0375
6 0.523611 0.184028 0.017593 0.023611
6 0.516667 0.161806 0.014815 0.020833
6 0.500926 0.184722 0.02037 0.027778
2 0.240278 0.420833 0.023148 0.077778
