2 0.685185 0.649306 0.055556 0.170833
2 0.759259 0.65 0.057407 0.169444
2 0.712037 0.877083 0.074074 0.220833
2 0.601389 0.479861 0.037963 0.131944
2 0.540741 0.417361 0.02963 0.120833
2 0.698611 0.199306 0.019444 0.059722
2 0.686111 0.184028 0.016667 0.043056
2 0.672685 0.178472 0.019444 0.054167
2 0.650926 0.1875 0.018519 0.036111
2 0.814352 0.196528 0.017593 0.054167
2 0.798148 0.234722 0.014815 0.066667
2 0.765278 0.136111 0.015741 0.041667
2 0.720833 0.172917 0.008333 0.056944
6 0.842593 0.58125 0.174074 0.240278
6 0.644907 0.249306 0.071296 0.093056
6 0.702778 0.311111 0.068519 0.122222
6 0.804167 0.138194 0.039815 0.054167
11 0.778704 0.381944 0.103704 0.211111
11 0.746296 0.213194 0.061111 0.118056
6 0.610185 0.159028 0.053704 0.059722
