11 0.814352 0.48125 0.178704 0.326389
6 0.5875 0.370833 0.075 0.127778
6 0.719907 0.340972 0.056481 0.1125
6 0.654167 0.270139 0.063889 0.093056
6 0.805093 0.134722 0.036111 0.055556
11 0.75463 0.227083 0.066667 0.151389
7 0.800926 0.188194 0.040741 0.070833
2 0.524074 0.652083 0.046296 0.195833
2 0.706481 0.663194 0.062963 0.176389
2 0.744907 0.934028 0.091667 0.109722
2 0.036574 0.4875 0.062037 0.116667
2 0.300926 0.415972 0.062963 0.098611
2 0.385648 0.340972 0.04537 0.098611
2 0.59213 0.257639 0.026852 0.084722
2 0.653704 0.202778 0.02037 0.058333
2 0.694907 0.179167 0.025 0.077778
