10 0.436574 0.645139 0.708333 0.440278
11 0.182407 0.805556 0.353704 0.366667
6 0.690278 0.350694 0.069444 0.1125
6 0.610648 0.306944 0.080556 0.1
6 0.756019 0.238889 0.060185 0.077778
6 0.787037 0.195139 0.046296 0.068056
6 0.608796 0.158333 0.052778 0.061111
2 0.965741 0.695139 0.059259 0.101389
2 0.970833 0.895139 0.04537 0.131944
2 0.812037 0.472917 0.048148 0.140278
2 0.74213 0.425 0.039815 0.116667
2 0.708333 0.438889 0.035185 0.080556
2 0.669907 0.444444 0.032407 0.080556
2 0.625463 0.444444 0.030556 0.077778
2 0.440278 0.381944 0.039815 0.119444
2 0.487963 0.383333 0.033333 0.111111
2 0.552778 0.370139 0.02963 0.109722
2 0.47037 0.290972 0.02963 0.090278
2 0.488889 0.328472 0.025926 0.076389
2 0.520833 0.310417 0.028704 0.084722
2 0.534722 0.25625 0.025 0.070833
2 0.591667 0.395139 0.027778 0.101389
2 0.614815 0.353472 0.024074 0.090278
2 0.640741 0.351389 0.022222 0.102778
2 0.754167 0.3125 0.028704 0.1
2 0.672685 0.272917 0.021296 0.070833
2 0.683796 0.225 0.019444 0.080556
2 0.59213 0.227083 0.026852 0.073611
2 0.626852 0.239583 0.024074 0.056944
2 0.680556 0.177778 0.025926 0.063889
2 0.733796 0.184028 0.019444 0.056944
2 0.758796 0.167361 0.015741 0.068056
2 0.018056 0.528472 0.025 0.065278
