2 0.164815 0.497917 0.059259 0.129167
2 0.262963 0.486111 0.046296 0.125
2 0.806944 0.288194 0.019444 0.065278
2 0.624074 0.240278 0.016667 0.055556
2 0.839815 0.236111 0.016667 0.058333
2 0.328704 0.490278 0.037037 0.108333
6 0.623611 0.325 0.062037 0.097222
6 0.481944 0.475 0.100926 0.147222
6 0.470833 0.368056 0.093519 0.105556
5 0.875463 0.333333 0.050926 0.077778
6 0.564815 0.383333 0.072222 0.127778
religion 0.753241 0.163889 0.067593 0.116667
2 0.377778 0.438889 0.040741 0.088889
2 0.306481 0.422917 0.02963 0.090278
2 0.28287 0.442361 0.025 0.0875
2 0.398611 0.371528 0.023148 0.093056
2 0.538426 0.277778 0.017593 0.063889
6 0.788426 0.245833 0.036111 0.061111
6 0.818519 0.176389 0.024074 0.038889
