2 0.484259 0.655556 0.090741 0.144444
2 0.4 0.540972 0.040741 0.154167
2 0.361111 0.445139 0.031481 0.129167
2 0.811574 0.470833 0.039815 0.116667
2 0.689815 0.455556 0.048148 0.15
2 0.45 0.4875 0.037037 0.136111
2 0.623611 0.461111 0.028704 0.1
2 0.451852 0.366667 0.025926 0.086111
2 0.572222 0.38125 0.024074 0.081944
2 0.786111 0.326389 0.025926 0.077778
2 0.774074 0.40625 0.025926 0.090278
2 0.523611 0.375694 0.026852 0.093056
2 0.608333 0.373611 0.024074 0.069444
6 0.839352 0.788889 0.289815 0.227778
6 0.718981 0.29375 0.062037 0.101389
11 0.7625 0.230556 0.047222 0.102778
2 0.308333 0.538194 0.0 0.001389
2 0.302778 0.510417 0.038889 0.168056
2 0.436574 0.320139 0.028704 0.095833
2 0.467593 0.285417 0.022222 0.073611
2 0.491204 0.289583 0.021296 0.065278
2 0.494907 0.340972 0.025 0.093056
