2 0.921759 0.752083 0.078704 0.209722
2 0.233333 0.788194 0.055556 0.231944
2 0.379167 0.677778 0.052778 0.216667
2 0.543981 0.727778 0.043519 0.183333
2 0.593981 0.650694 0.043519 0.179167
2 0.463426 0.724306 0.047222 0.193056
2 0.710185 0.581944 0.042593 0.155556
2 0.538889 0.440278 0.033333 0.125
2 0.739352 0.815972 0.069444 0.204167
2 0.8125 0.643056 0.050926 0.161111
2 0.483796 0.590278 0.034259 0.130556
2 0.478241 0.43125 0.032407 0.115278
2 0.43287 0.334028 0.037963 0.0875
2 0.613889 0.270833 0.02037 0.075
2 0.455093 0.541667 0.034259 0.136111
2 0.709259 0.268056 0.02037 0.072222
2 0.540741 0.320833 0.027778 0.091667
2 0.575 0.288194 0.025926 0.084722
2 0.467593 0.939583 0.051852 0.104167
6 0.806481 0.501389 0.124074 0.205556
6 0.739352 0.322917 0.05463 0.109722
11 0.664815 0.390278 0.088889 0.277778
11 0.783333 0.216667 0.090741 0.127778
2 0.669907 0.227083 0.021296 0.0625
2 0.703241 0.185417 0.017593 0.054167
2 0.5 0.284722 0.02963 0.075
2 0.477315 0.209028 0.026852 0.0625
