6 0.243981 0.685417 0.308333 0.234722
2 0.592593 0.823611 0.133333 0.186111
2 0.841667 0.679167 0.114815 0.161111
2 0.531019 0.681944 0.106481 0.136111
2 0.454167 0.583333 0.091667 0.136111
2 0.551389 0.534028 0.065741 0.1625
2 0.235648 0.469444 0.067593 0.122222
2 0.209722 0.433333 0.058333 0.102778
2 0.021296 0.5 0.031481 0.105556
2 0.671759 0.46875 0.034259 0.123611
2 0.716204 0.453472 0.036111 0.123611
2 0.817593 0.401389 0.031481 0.108333
2 0.519444 0.367361 0.025926 0.098611
2 0.474074 0.290972 0.035185 0.068056
2 0.505556 0.327778 0.033333 0.088889
2 0.5625 0.45 0.036111 0.111111
2 0.771759 0.390972 0.028704 0.104167
2 0.716204 0.228472 0.017593 0.0625
2 0.681481 0.177083 0.02037 0.056944
2 0.713889 0.184028 0.016667 0.051389
2 0.765278 0.227083 0.023148 0.059722
2 0.750463 0.170139 0.017593 0.054167
2 0.787037 0.186806 0.014815 0.043056
2 0.806944 0.134722 0.015741 0.044444
2 0.739352 0.393056 0.030556 0.111111
2 0.750926 0.315278 0.02037 0.069444
2 0.725 0.300694 0.018519 0.079167
2 0.660185 0.386806 0.031481 0.106944
2 0.701852 0.347222 0.025926 0.083333
2 0.69537 0.311111 0.024074 0.077778
2 0.588426 0.377778 0.021296 0.108333
2 0.614815 0.360417 0.024074 0.098611
2 0.553241 0.365278 0.026852 0.094444
2 0.574537 0.292361 0.019444 0.076389
2 0.663426 0.296528 0.017593 0.0875
2 0.674537 0.318056 0.019444 0.077778
2 0.6375 0.346528 0.019444 0.104167
6 0.623611 0.272917 0.076852 0.095833
6 0.609722 0.161806 0.050926 0.059722
0 0.550926 0.196528 0.016667 0.051389
