2 0.903241 0.767361 0.126852 0.1625
1 0.490741 0.565972 0.038889 0.165278
2 0.258796 0.689583 0.119444 0.170833
2 0.581019 0.50625 0.049074 0.151389
2 0.20463 0.455556 0.07037 0.127778
2 0.486574 0.483333 0.047222 0.116667
2 0.873611 0.425 0.034259 0.116667
2 0.797222 0.411806 0.027778 0.104167
2 0.797222 0.356944 0.022222 0.055556
2 0.759722 0.413889 0.028704 0.091667
2 0.727315 0.397222 0.028704 0.105556
2 0.7625 0.349306 0.026852 0.0625
2 0.65 0.384028 0.02963 0.101389
2 0.675926 0.343056 0.025926 0.091667
2 0.70463 0.361111 0.025926 0.083333
2 0.707407 0.320139 0.024074 0.056944
2 0.75463 0.2875 0.022222 0.075
2 0.735185 0.318056 0.02037 0.080556
2 0.76713 0.211111 0.021296 0.063889
2 0.747222 0.263194 0.018519 0.045833
2 0.709259 0.250694 0.02037 0.0625
2 0.605093 0.405556 0.028704 0.119444
2 0.622222 0.382639 0.024074 0.104167
2 0.55463 0.378472 0.02963 0.101389
2 0.504167 0.378472 0.025 0.104167
2 0.51713 0.345139 0.019444 0.098611
2 0.481019 0.359722 0.030556 0.116667
2 0.505556 0.286806 0.024074 0.0875
2 0.572685 0.258333 0.023148 0.077778
2 0.565741 0.29375 0.031481 0.093056
2 0.592593 0.325 0.025926 0.086111
9 0.663889 0.208333 0.142593 0.191667
6 0.608333 0.163194 0.048148 0.056944
