2 0.254167 0.429167 0.043519 0.130556
2 0.666667 0.403472 0.025926 0.098611
2 0.616667 0.378472 0.024074 0.084722
2 0.356944 0.351389 0.034259 0.091667
2 0.392593 0.358333 0.024074 0.097222
2 0.500463 0.354167 0.030556 0.091667
2 0.422685 0.364583 0.025 0.090278
2 0.548148 0.379861 0.025926 0.079167
2 0.721296 0.417361 0.055556 0.1125
2 0.802778 0.661806 0.07963 0.093056
2 0.579167 0.378472 0.028704 0.090278
6 0.660185 0.255556 0.057407 0.063889
6 0.743519 0.263889 0.062963 0.091667
6 0.716667 0.225 0.053704 0.061111
6 0.593519 0.2875 0.074074 0.097222
6 0.684722 0.704861 0.108333 0.098611
2 0.4625 0.356944 0.028704 0.094444
2 0.458333 0.31875 0.035185 0.0875
2 0.791667 0.271528 0.02037 0.059722
2 0.7875 0.23125 0.019444 0.059722
2 0.793519 0.176389 0.012963 0.05
2 0.744444 0.158333 0.02037 0.041667
2 0.784722 0.138889 0.013889 0.044444
2 0.609259 0.207639 0.02037 0.054167
