2 0.746296 0.479167 0.033333 0.119444
2 0.320833 0.704167 0.102778 0.155556
2 0.808796 0.347222 0.023148 0.083333
2 0.836111 0.438889 0.027778 0.097222
2 0.35463 0.417361 0.033333 0.101389
2 0.255093 0.498611 0.037963 0.111111
2 0.403241 0.363889 0.030556 0.063889
6 0.440278 0.496528 0.119444 0.148611
6 0.559259 0.393056 0.087037 0.108333
6 0.437963 0.404167 0.1 0.111111
2 0.536111 0.290278 0.018519 0.066667
2 0.81713 0.267361 0.013889 0.059722
2 0.839352 0.2125 0.012037 0.038889
11 0.823611 0.157639 0.032407 0.081944
