6 0.704167 0.333333 0.065741 0.122222
6 0.608796 0.1625 0.05463 0.061111
6 0.572685 0.8875 0.376852 0.194444
2 0.597222 0.634722 0.109259 0.138889
2 0.698148 0.776389 0.107407 0.119444
2 0.74213 0.747222 0.123148 0.161111
2 0.873148 0.863194 0.133333 0.184722
2 0.938426 0.80625 0.110185 0.145833
2 0.937037 0.684722 0.112963 0.144444
2 0.356944 0.763889 0.130556 0.166667
2 0.419907 0.695833 0.136111 0.155556
2 0.391204 0.641667 0.106481 0.127778
2 0.401389 0.561111 0.097222 0.116667
2 0.233796 0.647222 0.102778 0.15
2 0.176389 0.534028 0.093519 0.131944
2 0.031944 0.613194 0.052778 0.129167
2 0.156944 0.715972 0.108333 0.156944
2 0.0625 0.801389 0.108333 0.186111
2 0.518981 0.359028 0.030556 0.104167
2 0.59537 0.38125 0.022222 0.109722
2 0.643981 0.314583 0.025 0.098611
2 0.559259 0.291667 0.02963 0.091667
2 0.757407 0.317361 0.024074 0.090278
2 0.734722 0.231944 0.015741 0.069444
2 0.666204 0.195833 0.017593 0.061111
2 0.634722 0.193056 0.013889 0.058333
2 0.731019 0.1875 0.013889 0.052778
2 0.777315 0.186806 0.015741 0.065278
2 0.798148 0.199306 0.014815 0.056944
2 0.815741 0.173611 0.016667 0.063889
0 0.915278 0.522222 0.030556 0.122222
