2 0.681944 0.770833 0.050926 0.208333
2 0.842593 0.6625 0.068519 0.180556
2 0.643981 0.915972 0.065741 0.145833
2 0.583796 0.620833 0.039815 0.191667
2 0.701852 0.488889 0.042593 0.133333
2 0.656481 0.366667 0.02963 0.108333
2 0.618981 0.4375 0.032407 0.119444
2 0.585185 0.382639 0.027778 0.1125
2 0.573148 0.274306 0.025926 0.084722
2 0.386111 0.341667 0.044444 0.091667
2 0.690278 0.274306 0.025 0.093056
2 0.667593 0.21875 0.02037 0.090278
2 0.765741 0.152083 0.02037 0.054167
2 0.793519 0.157639 0.018519 0.056944
2 0.8 0.123611 0.014815 0.047222
