2 0.08287 0.544444 0.084259 0.147222
2 0.556481 0.359722 0.038889 0.108333
2 0.66713 0.40625 0.026852 0.104167
2 0.697222 0.399306 0.027778 0.104167
2 0.735648 0.405556 0.032407 0.1
2 0.794444 0.436111 0.031481 0.111111
2 0.762037 0.402778 0.022222 0.113889
2 0.784259 0.359722 0.025926 0.080556
2 0.787963 0.322917 0.016667 0.065278
2 0.750463 0.318056 0.025 0.105556
2 0.431481 0.367361 0.037037 0.109722
2 0.403704 0.344444 0.038889 0.097222
2 0.475463 0.35 0.028704 0.105556
2 0.506019 0.363194 0.032407 0.101389
2 0.635648 0.374306 0.028704 0.104167
2 0.621759 0.323611 0.023148 0.088889
2 0.640741 0.288889 0.02037 0.075
2 0.718056 0.241667 0.013889 0.072222
2 0.67963 0.203472 0.022222 0.0625
2 0.713889 0.20625 0.018519 0.0625
2 0.773148 0.131944 0.012963 0.041667
6 0.535185 0.322222 0.090741 0.108333
6 0.701852 0.332639 0.057407 0.1125
0 0.241667 0.434722 0.037037 0.097222
