2 0.63287 0.755556 0.134259 0.180556
2 0.64537 0.695833 0.12037 0.158333
2 0.464352 0.784722 0.141667 0.186111
2 0.45463 0.705556 0.111111 0.161111
2 0.552315 0.622222 0.100926 0.144444
2 0.873148 0.664583 0.116667 0.143056
2 0.918056 0.766667 0.126852 0.166667
2 0.9625 0.905556 0.062037 0.133333
2 0.388889 0.936806 0.15 0.109722
2 0.213426 0.604167 0.10463 0.144444
2 0.2875 0.416667 0.056481 0.108333
2 0.027315 0.563889 0.043519 0.127778
2 0.565278 0.329861 0.026852 0.104167
2 0.634259 0.277083 0.02037 0.081944
2 0.70787 0.319444 0.025 0.094444
2 0.772685 0.320833 0.021296 0.080556
2 0.624074 0.209722 0.018519 0.058333
2 0.708796 0.211806 0.026852 0.068056
2 0.768981 0.147222 0.019444 0.044444
