11 0.606481 0.252083 0.103704 0.156944
6 0.610648 0.155556 0.052778 0.052778
6 0.725926 0.333333 0.057407 0.105556
6 0.751852 0.251389 0.053704 0.077778
6 0.771296 0.209722 0.040741 0.061111
2 0.786574 0.746528 0.121296 0.156944
2 0.219444 0.731944 0.118519 0.15
2 0.274537 0.697917 0.115741 0.1625
2 0.331481 0.381944 0.027778 0.094444
2 0.460648 0.404167 0.028704 0.113889
2 0.499074 0.404167 0.025926 0.113889
2 0.537037 0.421528 0.02963 0.101389
2 0.596296 0.4 0.02963 0.091667
2 0.639815 0.389583 0.027778 0.098611
2 0.684722 0.396528 0.030556 0.109722
2 0.746296 0.434722 0.037037 0.108333
2 0.840278 0.436111 0.032407 0.111111
2 0.796759 0.400694 0.030556 0.1125
2 0.402315 0.370833 0.030556 0.102778
2 0.44213 0.336111 0.026852 0.105556
2 0.481481 0.33125 0.02037 0.090278
2 0.505093 0.304861 0.021296 0.079167
2 0.51713 0.31875 0.021296 0.084722
2 0.548148 0.360417 0.022222 0.095833
2 0.674074 0.3125 0.018519 0.061111
2 0.643981 0.301389 0.025 0.083333
2 0.621296 0.359722 0.025926 0.102778
2 0.572685 0.359722 0.023148 0.091667
2 0.719907 0.247222 0.025 0.075
2 0.539352 0.253472 0.026852 0.0625
2 0.69213 0.172917 0.021296 0.051389
2 0.672685 0.241667 0.021296 0.075
2 0.696296 0.219444 0.02037 0.061111
2 0.710648 0.170139 0.021296 0.056944
2 0.736574 0.150694 0.021296 0.054167
2 0.756019 0.1625 0.021296 0.055556
2 0.794444 0.170833 0.016667 0.061111
2 0.811574 0.204861 0.019444 0.081944
2 0.797685 0.254167 0.015741 0.061111
2 0.791204 0.343056 0.021296 0.066667
2 0.769444 0.366667 0.016667 0.080556
2 0.775926 0.295833 0.018519 0.052778
2 0.408333 0.338194 0.031481 0.084722
1 0.156019 0.55 0.089815 0.147222
