0 0.385185 0.351389 0.022222 0.1
2 0.92963 0.765972 0.087037 0.206944
2 0.498148 0.624306 0.046296 0.1625
2 0.455556 0.439583 0.033333 0.126389
2 0.678704 0.4 0.031481 0.119444
2 0.641667 0.400694 0.031481 0.120833
2 0.587963 0.232639 0.022222 0.065278
2 0.578241 0.348611 0.026852 0.097222
2 0.466667 0.334722 0.02963 0.091667
2 0.631944 0.207639 0.019444 0.059722
2 0.593056 0.311806 0.021296 0.073611
1 0.526852 0.301389 0.033333 0.088889
6 0.176852 0.622222 0.240741 0.233333
6 0.765278 0.565972 0.165741 0.220833
6 0.750463 0.361806 0.084259 0.151389
6 0.555556 0.504167 0.092593 0.186111
11 0.739352 0.236111 0.075 0.141667
1 0.784259 0.30625 0.018519 0.079167
2 0.674537 0.236806 0.017593 0.068056
2 0.684259 0.197917 0.016667 0.054167
2 0.764815 0.1375 0.012963 0.038889
