2 0.4125 0.586111 0.039815 0.161111
2 0.483333 0.8375 0.051852 0.197222
2 0.541204 0.703472 0.049074 0.195833
2 0.626389 0.772222 0.043519 0.2
2 0.493519 0.388194 0.02963 0.109722
2 0.774537 0.454167 0.032407 0.122222
2 0.716204 0.829167 0.056481 0.227778
2 0.86713 0.679167 0.076852 0.205556
2 0.573148 0.497917 0.033333 0.131944
2 0.666667 0.617361 0.05 0.145833
2 0.645833 0.302083 0.025 0.090278
2 0.598611 0.322222 0.025 0.094444
2 0.568056 0.40625 0.034259 0.115278
2 0.672222 0.378472 0.02963 0.106944
2 0.971296 0.605556 0.042593 0.163889
2 0.817593 0.552778 0.046296 0.138889
2 0.897685 0.558333 0.037963 0.130556
2 0.864815 0.929861 0.088889 0.120833
2 0.688426 0.484028 0.034259 0.104167
2 0.952315 0.909028 0.069444 0.145833
2 0.684259 0.306944 0.022222 0.072222
2 0.698148 0.438194 0.02963 0.101389
6 0.752778 0.354861 0.066667 0.120833
2 0.76713 0.202778 0.015741 0.077778
2 0.731481 0.259722 0.02037 0.075
6 0.688426 0.235417 0.058333 0.0875
6 0.811574 0.177083 0.034259 0.056944
6 0.78287 0.163194 0.030556 0.054167
