11 0.513426 0.268056 0.119444 0.169444
11 0.716204 0.319444 0.062037 0.2
6 0.581019 0.327778 0.084259 0.102778
2 0.809259 0.8375 0.138889 0.180556
2 0.869907 0.517361 0.039815 0.131944
2 0.89213 0.492361 0.047222 0.126389
2 0.809259 0.470833 0.033333 0.119444
2 0.760185 0.5 0.046296 0.138889
2 0.757407 0.415972 0.035185 0.118056
2 0.793519 0.380556 0.02963 0.097222
2 0.818981 0.425 0.026852 0.108333
2 0.77963 0.328472 0.025926 0.084722
2 0.648148 0.386806 0.02963 0.115278
2 0.594907 0.386111 0.032407 0.111111
2 0.553241 0.397917 0.028704 0.098611
2 0.476389 0.432639 0.037963 0.1125
2 0.424537 0.420139 0.025 0.126389
2 0.311574 0.456944 0.026852 0.144444
2 0.225463 0.429861 0.058333 0.123611
2 0.473611 0.357639 0.030556 0.090278
2 0.593981 0.251389 0.023148 0.055556
2 0.698611 0.400694 0.028704 0.104167
2 0.754167 0.304167 0.021296 0.091667
2 0.794444 0.223611 0.014815 0.066667
2 0.742593 0.165278 0.012963 0.052778
2 0.64213 0.313194 0.013889 0.095833
2 0.662037 0.323611 0.022222 0.086111
2 0.627778 0.275694 0.016667 0.081944
2 0.640741 0.241667 0.02037 0.055556
2 0.656481 0.209722 0.02037 0.055556
2 0.671759 0.222222 0.021296 0.066667
2 0.702778 0.195139 0.016667 0.048611
2 0.765741 0.254861 0.02037 0.068056
2 0.775463 0.129167 0.013889 0.041667
2 0.79213 0.144444 0.013889 0.044444
2 0.808796 0.188889 0.012037 0.047222
