6 0.830093 0.548611 0.130556 0.180556
6 0.740741 0.395833 0.075926 0.125
6 0.453704 0.43125 0.125926 0.1375
6 0.638889 0.34375 0.061111 0.109722
6 0.626389 0.254861 0.076852 0.104167
6 0.743981 0.275 0.060185 0.102778
6 0.808796 0.177083 0.036111 0.070833
2 0.626389 0.761806 0.05463 0.234722
2 0.733796 0.886111 0.084259 0.202778
2 0.900463 0.905556 0.123148 0.169444
2 0.813889 0.692361 0.072222 0.181944
2 0.689352 0.470833 0.036111 0.122222
2 0.794444 0.381944 0.031481 0.097222
2 0.35463 0.378472 0.048148 0.101389
2 0.336574 0.3625 0.030556 0.1
2 0.57037 0.346528 0.027778 0.090278
2 0.53287 0.370833 0.019444 0.097222
2 0.525926 0.302778 0.027778 0.077778
2 0.556481 0.267361 0.02037 0.079167
2 0.52963 0.254167 0.02037 0.052778
2 0.682407 0.269444 0.02037 0.066667
2 0.699074 0.222222 0.016667 0.055556
2 0.675463 0.20625 0.021296 0.068056
2 0.72037 0.216667 0.018519 0.047222
2 0.732407 0.174306 0.014815 0.043056
2 0.751389 0.182639 0.017593 0.051389
2 0.790741 0.141667 0.012963 0.047222
2 0.775 0.216667 0.012963 0.047222
