2 0.481019 0.364583 0.026852 0.0875
2 0.80463 0.381944 0.024074 0.083333
2 0.444907 0.367361 0.026852 0.090278
2 0.421296 0.440278 0.025926 0.088889
2 0.201389 0.476389 0.037963 0.102778
2 0.830093 0.254861 0.017593 0.0625
6 0.302315 0.758333 0.265741 0.233333
6 0.471759 0.479861 0.115741 0.145833
12 0.723611 0.188889 0.080556 0.138889
12 0.785648 0.14375 0.041667 0.093056
2 0.350926 0.525694 0.055556 0.115278
2 0.309259 0.509722 0.046296 0.119444
2 0.249537 0.48125 0.047222 0.109722
2 0.383333 0.472917 0.033333 0.109722
2 0.338426 0.386111 0.021296 0.072222
2 0.365278 0.38125 0.028704 0.076389
2 0.394907 0.394444 0.030556 0.083333
2 0.285648 0.415278 0.019444 0.077778
2 0.266204 0.447917 0.034259 0.0875
2 0.875 0.269444 0.016667 0.052778
