2 0.324537 0.803472 0.113889 0.206944
2 0.611574 0.698611 0.075 0.175
2 0.756481 0.407639 0.025926 0.093056
2 0.772685 0.329861 0.023148 0.073611
2 0.3125 0.453472 0.037963 0.118056
2 0.824074 0.360417 0.02963 0.084722
2 0.071759 0.920833 0.126852 0.136111
2 0.352778 0.409028 0.031481 0.095833
2 0.238889 0.500694 0.038889 0.093056
2 0.855556 0.290972 0.018519 0.0625
2 0.258796 0.483333 0.032407 0.102778
2 0.231019 0.466667 0.036111 0.111111
2 0.743519 0.273611 0.016667 0.058333
6 0.569444 0.603472 0.166667 0.181944
12 0.537037 0.359028 0.255556 0.3625
12 0.735185 0.179167 0.087037 0.130556
6 0.803704 0.218056 0.031481 0.047222
6 0.818981 0.190972 0.028704 0.045833
11 0.663889 0.270139 0.059259 0.118056
