2 0.324074 0.725 0.107407 0.163889
2 0.119907 0.750694 0.108333 0.179167
2 0.82037 0.741667 0.109259 0.161111
2 0.453704 0.671528 0.105556 0.151389
2 0.412963 0.415278 0.02963 0.111111
2 0.594907 0.400694 0.028704 0.106944
2 0.498148 0.419444 0.031481 0.122222
2 0.796759 0.404861 0.028704 0.093056
2 0.767593 0.391667 0.024074 0.1
2 0.65463 0.388194 0.027778 0.098611
2 0.544444 0.373611 0.025926 0.094444
2 0.788889 0.348611 0.027778 0.075
6 0.721296 0.338889 0.053704 0.105556
6 0.72963 0.267361 0.046296 0.070833
6 0.653241 0.283333 0.071296 0.1
11 0.632407 0.210417 0.094444 0.090278
2 0.446759 0.352083 0.026852 0.109722
2 0.472222 0.352778 0.022222 0.111111
2 0.631944 0.372917 0.019444 0.070833
2 0.711111 0.216667 0.014815 0.044444
2 0.546759 0.301389 0.019444 0.058333
2 0.525926 0.340972 0.022222 0.084722
2 0.503241 0.369444 0.028704 0.075
