6 0.922222 0.834028 0.135185 0.298611
6 0.720833 0.142361 0.04537 0.0625
2 0.739815 0.668056 0.057407 0.180556
2 0.64213 0.640278 0.052778 0.188889
2 0.674537 0.495139 0.039815 0.145833
2 0.678241 0.414583 0.036111 0.059722
2 0.736111 0.455556 0.040741 0.125
2 0.738889 0.377083 0.035185 0.0875
2 0.820833 0.347222 0.052778 0.097222
2 0.558333 0.406944 0.02963 0.108333
2 0.41713 0.334028 0.036111 0.0875
2 0.513426 0.294444 0.030556 0.094444
2 0.550463 0.297222 0.032407 0.086111
2 0.601389 0.263889 0.026852 0.077778
2 0.446296 0.252778 0.027778 0.058333
2 0.658333 0.330556 0.014815 0.080556
2 0.702778 0.334028 0.025926 0.084722
2 0.671759 0.295833 0.021296 0.069444
2 0.742593 0.279167 0.022222 0.077778
2 0.656481 0.210417 0.018519 0.054167
2 0.710185 0.239583 0.018519 0.073611
2 0.731019 0.215972 0.023148 0.068056
2 0.679167 0.196528 0.019444 0.0625
2 0.699074 0.188194 0.022222 0.059722
2 0.776852 0.151389 0.014815 0.052778
2 0.798148 0.121528 0.012963 0.040278
2 0.808796 0.28125 0.017593 0.0625
