6 0.774074 0.521528 0.122222 0.173611
6 0.925 0.789583 0.137037 0.248611
6 0.696759 0.353472 0.067593 0.1625
2 0.671759 0.576389 0.050926 0.161111
2 0.772222 0.730556 0.07963 0.225
2 0.558796 0.422222 0.026852 0.113889
2 0.625463 0.420833 0.032407 0.116667
2 0.641667 0.306944 0.022222 0.086111
2 0.606944 0.293056 0.025 0.088889
2 0.574074 0.325694 0.024074 0.095833
2 0.5 0.302083 0.033333 0.095833
2 0.641667 0.240972 0.018519 0.070833
2 0.683796 0.230556 0.021296 0.066667
2 0.761574 0.211111 0.015741 0.069444
2 0.721296 0.182639 0.016667 0.056944
2 0.706481 0.171528 0.016667 0.051389
2 0.743519 0.154167 0.014815 0.05
2 0.785185 0.139583 0.014815 0.051389
2 0.810185 0.147222 0.011111 0.044444
