2 0.564352 0.754167 0.117593 0.183333
2 0.745833 0.793056 0.119444 0.172222
2 0.258333 0.698611 0.107407 0.161111
2 0.934722 0.699306 0.100926 0.151389
2 0.858333 0.580556 0.085185 0.133333
2 0.402315 0.672917 0.09537 0.151389
2 0.817593 0.397222 0.02963 0.105556
2 0.700463 0.409028 0.030556 0.118056
2 0.198148 0.5625 0.088889 0.119444
2 0.368056 0.860417 0.137963 0.204167
2 0.099074 0.632639 0.083333 0.123611
2 0.368056 0.400694 0.026852 0.106944
2 0.840278 0.361806 0.023148 0.098611
2 0.472222 0.421528 0.033333 0.123611
2 0.775926 0.404861 0.031481 0.106944
2 0.408333 0.397917 0.024074 0.106944
2 0.6625 0.390278 0.023148 0.097222
2 0.113426 0.577778 0.063889 0.105556
2 0.802315 0.298611 0.023148 0.077778
5 0.608333 0.291667 0.059259 0.077778
2 0.602778 0.39375 0.022222 0.093056
2 0.634259 0.377778 0.022222 0.086111
2 0.57037 0.375 0.02963 0.102778
2 0.537963 0.368056 0.025926 0.097222
2 0.509722 0.360417 0.021296 0.095833
2 0.488889 0.34375 0.024074 0.093056
2 0.444444 0.377083 0.022222 0.081944
6 0.839815 0.922222 0.311111 0.138889
6 0.752315 0.304861 0.049074 0.0875
6 0.659722 0.214583 0.062037 0.0625
6 0.706481 0.213889 0.057407 0.072222
6 0.789352 0.193056 0.036111 0.061111
