6 0.297685 0.773611 0.302778 0.222222
6 0.531019 0.315278 0.10463 0.125
6 0.718056 0.290278 0.056481 0.094444
6 0.719907 0.145139 0.049074 0.068056
2 0.676852 0.754861 0.12037 0.156944
2 0.818981 0.827778 0.126852 0.180556
2 0.943056 0.899306 0.100926 0.190278
2 0.961574 0.671528 0.073148 0.126389
2 0.977315 0.778472 0.036111 0.090278
2 0.578241 0.894444 0.149074 0.186111
2 0.224537 0.869444 0.143519 0.141667
2 0.184722 0.932639 0.150926 0.109722
2 0.03287 0.826389 0.052778 0.163889
2 0.099537 0.621528 0.102778 0.151389
2 0.25787 0.561111 0.082407 0.1
2 0.264815 0.622222 0.094444 0.091667
2 0.433333 0.588889 0.1 0.122222
2 0.460648 0.627778 0.10463 0.097222
2 0.492593 0.716667 0.105556 0.125
2 0.634722 0.629167 0.117593 0.130556
2 0.695833 0.690972 0.10463 0.140278
2 0.791204 0.403472 0.032407 0.106944
2 0.749074 0.388889 0.025926 0.102778
2 0.684259 0.388889 0.031481 0.105556
2 0.651852 0.384722 0.022222 0.1
2 0.528241 0.395833 0.032407 0.094444
2 0.609259 0.375694 0.027778 0.104167
2 0.630093 0.352083 0.023148 0.090278
2 0.660185 0.321528 0.022222 0.079167
2 0.679167 0.247917 0.021296 0.068056
2 0.677315 0.204861 0.017593 0.045833
2 0.607407 0.255556 0.024074 0.063889
2 0.605093 0.304861 0.025 0.065278
2 0.795833 0.134028 0.023148 0.0625
2 0.443981 0.25625 0.025 0.059722
