2 0.559722 0.692361 0.047222 0.176389
2 0.768056 0.328472 0.025 0.0875
2 0.461111 0.64375 0.040741 0.190278
2 0.665278 0.778472 0.067593 0.181944
2 0.80463 0.445139 0.035185 0.1125
2 0.396759 0.542361 0.039815 0.1625
2 0.868519 0.733333 0.07963 0.180556
2 0.558796 0.527083 0.036111 0.123611
2 0.651389 0.514583 0.036111 0.140278
2 0.619444 0.3875 0.025926 0.1
2 0.372222 0.434722 0.031481 0.113889
2 0.458333 0.346528 0.025926 0.093056
2 0.414815 0.388194 0.040741 0.104167
2 0.970833 0.818056 0.039815 0.111111
2 0.874074 0.524306 0.044444 0.106944
2 0.836574 0.640972 0.05463 0.140278
6 0.361111 0.359722 0.131481 0.136111
6 0.525 0.35 0.083333 0.116667
6 0.706944 0.365972 0.060185 0.131944
6 0.6375 0.235417 0.067593 0.081944
6 0.773611 0.219444 0.041667 0.066667
6 0.620833 0.302778 0.062037 0.088889
11 0.722222 0.254861 0.061111 0.106944
2 0.548611 0.2625 0.021296 0.069444
2 0.572222 0.241667 0.02037 0.075
2 0.510185 0.28125 0.022222 0.070833
6 0.719444 0.2 0.05 0.055556
6 0.798611 0.15625 0.039815 0.051389
2 0.766667 0.141667 0.012963 0.05
