0 0.325926 0.295139 0.022222 0.090278
0 0.965741 0.640972 0.042593 0.131944
2 0.758333 0.650694 0.064815 0.1875
2 0.865278 0.647222 0.065741 0.169444
2 0.623148 0.495833 0.035185 0.119444
2 0.594444 0.411806 0.02963 0.098611
2 0.548611 0.396528 0.028704 0.109722
2 0.491667 0.4125 0.037037 0.130556
2 0.397685 0.402778 0.028704 0.116667
2 0.455093 0.884028 0.058333 0.206944
2 0.651389 0.322917 0.019444 0.090278
2 0.578704 0.2875 0.024074 0.075
2 0.613889 0.256944 0.031481 0.077778
2 0.72963 0.178472 0.02037 0.054167
2 0.77037 0.165278 0.018519 0.052778
2 0.801389 0.135417 0.015741 0.0375
2 0.782407 0.121528 0.016667 0.034722
2 0.835185 0.099306 0.007407 0.031944
2 0.748611 0.147222 0.012037 0.036111
6 0.726852 0.445139 0.081481 0.140278
6 0.820833 0.151389 0.017593 0.05
6 0.950463 0.832639 0.086111 0.254167
