6 0.374074 0.7375 0.301852 0.247222
6 0.131944 0.857639 0.249074 0.245833
6 0.626389 0.290278 0.071296 0.097222
9 0.718056 0.278472 0.069444 0.176389
2 0.911574 0.525694 0.076852 0.120833
2 0.905556 0.640278 0.098148 0.125
2 0.949537 0.740972 0.087963 0.148611
2 0.562963 0.681944 0.094444 0.147222
2 0.352778 0.534722 0.075926 0.133333
2 0.393056 0.574306 0.062037 0.079167
2 0.211111 0.603472 0.098148 0.131944
2 0.270833 0.563889 0.075 0.125
2 0.04537 0.556944 0.075926 0.116667
2 0.037963 0.659028 0.064815 0.115278
2 0.38287 0.375694 0.032407 0.106944
2 0.423611 0.366667 0.036111 0.102778
2 0.46713 0.361111 0.026852 0.105556
2 0.503704 0.354861 0.031481 0.093056
2 0.54213 0.384722 0.037963 0.097222
2 0.602315 0.377778 0.030556 0.102778
2 0.651852 0.376389 0.025926 0.111111
2 0.690741 0.392361 0.033333 0.106944
2 0.626852 0.355556 0.02037 0.102778
2 0.575463 0.295139 0.023148 0.0875
2 0.543519 0.30625 0.02963 0.076389
2 0.602315 0.220833 0.023148 0.061111
2 0.773611 0.335417 0.028704 0.098611
2 0.772685 0.269444 0.021296 0.072222
2 0.781944 0.179861 0.017593 0.051389
2 0.72963 0.172917 0.014815 0.031944
2 0.743056 0.15625 0.012037 0.045833
2 0.768519 0.150694 0.014815 0.045833
2 0.728241 0.147917 0.012037 0.031944
2 0.814352 0.140972 0.019444 0.051389
1 0.300926 0.389583 0.035185 0.098611
