2 0.507407 0.376389 0.02963 0.1
2 0.403704 0.716667 0.109259 0.144444
2 0.761574 0.395139 0.028704 0.1125
2 0.562037 0.374306 0.027778 0.109722
2 0.544444 0.288889 0.033333 0.077778
2 0.599537 0.398611 0.034259 0.136111
2 0.721759 0.409028 0.034259 0.118056
2 0.553241 0.568056 0.039815 0.158333
2 0.618981 0.3 0.025 0.083333
2 0.717593 0.653472 0.075926 0.109722
2 0.490741 0.336111 0.033333 0.086111
2 0.662963 0.379861 0.027778 0.101389
2 0.633333 0.359028 0.025926 0.093056
6 0.722685 0.273611 0.063889 0.108333
5 0.718981 0.846528 0.332407 0.265278
2 0.762963 0.184722 0.016667 0.075
2 0.706019 0.1875 0.021296 0.058333
2 0.681481 0.175694 0.016667 0.051389
