2 0.433333 0.775 0.125926 0.183333
2 0.478241 0.370833 0.036111 0.105556
2 0.736111 0.316667 0.024074 0.091667
2 0.660185 0.390972 0.031481 0.109722
0 0.24213 0.41875 0.025 0.1125
2 0.959259 0.748611 0.066667 0.111111
2 0.703241 0.3375 0.019444 0.094444
2 0.5375 0.332639 0.028704 0.095833
2 0.693981 0.245833 0.021296 0.061111
2 0.636574 0.245139 0.019444 0.070833
2 0.07037 0.659722 0.053704 0.133333
2 0.671759 0.263194 0.021296 0.076389
2 0.025 0.604167 0.038889 0.15
2 0.110648 0.739583 0.130556 0.1625
6 0.597222 0.346528 0.077778 0.120833
0 0.375 0.246528 0.016667 0.0625
2 0.67037 0.331944 0.022222 0.069444
2 0.623611 0.693056 0.108333 0.136111
2 0.653241 0.621528 0.099074 0.126389
