2 0.579167 0.58125 0.102778 0.143056
2 0.776389 0.707639 0.121296 0.145833
2 0.463889 0.594444 0.096296 0.119444
2 0.369444 0.610417 0.087037 0.084722
2 0.309259 0.540278 0.075926 0.122222
2 0.308796 0.609028 0.062037 0.081944
2 0.23287 0.629167 0.084259 0.102778
2 0.216667 0.513194 0.074074 0.131944
2 0.173148 0.553472 0.064815 0.134722
2 0.125926 0.579861 0.085185 0.140278
2 0.046759 0.611806 0.082407 0.145833
2 0.055093 0.508333 0.067593 0.119444
2 0.015741 0.51875 0.024074 0.104167
2 0.347685 0.378472 0.043519 0.084722
2 0.420833 0.403472 0.030556 0.106944
2 0.45 0.391667 0.035185 0.102778
2 0.400463 0.358333 0.04537 0.105556
2 0.49213 0.36875 0.032407 0.101389
2 0.528241 0.374306 0.026852 0.084722
2 0.562037 0.370833 0.025926 0.094444
2 0.596759 0.36875 0.025 0.106944
2 0.633796 0.373611 0.032407 0.111111
2 0.753241 0.40625 0.037963 0.104167
2 0.778704 0.375 0.02963 0.102778
2 0.809259 0.3625 0.035185 0.091667
2 0.810185 0.404167 0.027778 0.113889
2 0.598611 0.309028 0.025 0.073611
2 0.568981 0.294444 0.023148 0.072222
2 0.539815 0.271528 0.022222 0.073611
2 0.558333 0.241667 0.024074 0.061111
2 0.476389 0.289583 0.039815 0.073611
2 0.518056 0.330556 0.023148 0.080556
2 0.740741 0.183333 0.025926 0.061111
2 0.787037 0.254167 0.022222 0.063889
2 0.768519 0.230556 0.02037 0.058333
2 0.757407 0.338889 0.02037 0.061111
2 0.039352 0.404167 0.063889 0.094444
6 0.55463 0.754167 0.083333 0.202778
6 0.70463 0.379861 0.064815 0.134722
6 0.743519 0.276389 0.053704 0.111111
6 0.792593 0.219444 0.038889 0.072222
6 0.813889 0.191667 0.027778 0.075
6 0.79213 0.142361 0.039815 0.0625
6 0.634722 0.28125 0.052778 0.0875
11 0.675926 0.205556 0.092593 0.152778
11 0.305093 0.822222 0.419444 0.338889
11 0.851389 0.828472 0.284259 0.323611
