2 0.572222 0.836806 0.059259 0.198611
2 0.359259 0.429167 0.042593 0.102778
2 0.703704 0.466667 0.02963 0.111111
2 0.615278 0.570833 0.039815 0.144444
2 0.638426 0.892361 0.060185 0.184722
2 0.815741 0.481944 0.02963 0.111111
2 0.750926 0.447222 0.02963 0.097222
2 0.755556 0.526389 0.033333 0.122222
2 0.538889 0.297917 0.02037 0.070833
2 0.80787 0.403472 0.025 0.0875
2 0.851389 0.411111 0.025 0.086111
2 0.852778 0.345833 0.024074 0.072222
6 0.680556 0.415278 0.072222 0.097222
6 0.765741 0.270139 0.044444 0.065278
2 0.696759 0.203472 0.012037 0.0375
2 0.676852 0.204861 0.011111 0.034722
2 0.82963 0.30625 0.014815 0.056944
2 0.814815 0.247917 0.014815 0.048611
2 0.834722 0.25 0.017593 0.052778
6 0.800463 0.202778 0.028704 0.041667
11 0.823611 0.161111 0.023148 0.058333
