2 0.507407 0.369444 0.027778 0.108333
2 0.949537 0.529861 0.050926 0.134722
2 0.944907 0.708333 0.093519 0.141667
2 0.393981 0.370833 0.026852 0.105556
2 0.562963 0.375694 0.025926 0.084722
2 0.467593 0.359028 0.033333 0.098611
2 0.777778 0.390972 0.02963 0.101389
2 0.335185 0.370833 0.046296 0.102778
2 0.74213 0.383333 0.030556 0.113889
2 0.443056 0.350694 0.028704 0.0875
2 0.676852 0.403472 0.02963 0.1125
2 0.532407 0.288194 0.024074 0.079167
2 0.619907 0.381944 0.021296 0.088889
2 0.603704 0.336806 0.025926 0.0875
2 0.703704 0.398611 0.025926 0.097222
6 0.412963 0.895833 0.37037 0.180556
6 0.526389 0.754167 0.306481 0.230556
6 0.584259 0.284722 0.081481 0.088889
6 0.668519 0.311111 0.059259 0.088889
6 0.702778 0.2625 0.051852 0.075
6 0.752315 0.291667 0.05463 0.086111
6 0.774074 0.214583 0.044444 0.068056
2 0.584259 0.21875 0.025926 0.056944
2 0.626852 0.202778 0.02037 0.061111
2 0.65787 0.202083 0.021296 0.051389
0 0.794444 0.515972 0.02037 0.134722
2 0.796759 0.3625 0.019444 0.086111
