2 0.390278 0.615972 0.102778 0.179167
2 0.616667 0.397917 0.027778 0.115278
2 0.697685 0.409028 0.026852 0.104167
2 0.569907 0.423611 0.034259 0.119444
2 0.503241 0.402778 0.032407 0.125
2 0.74537 0.405556 0.035185 0.122222
2 0.468519 0.370833 0.02963 0.097222
2 0.822222 0.434722 0.031481 0.122222
2 0.719907 0.329167 0.023148 0.083333
2 0.773148 0.356944 0.024074 0.091667
2 0.688426 0.284722 0.025 0.075
2 0.659722 0.39375 0.025 0.093056
2 0.647685 0.240278 0.023148 0.061111
2 0.467593 0.321528 0.027778 0.070833
2 0.540741 0.3875 0.027778 0.1
6 0.078704 0.639583 0.142593 0.198611
6 0.6 0.89375 0.296296 0.1875
2 0.443519 0.756944 0.127778 0.166667
2 0.794444 0.397222 0.024074 0.094444
2 0.644907 0.333333 0.025 0.086111
2 0.621296 0.297222 0.025926 0.086111
2 0.586111 0.333333 0.02963 0.086111
2 0.55463 0.290278 0.02963 0.086111
2 0.577778 0.268056 0.024074 0.061111
2 0.782407 0.222222 0.014815 0.052778
2 0.762037 0.218056 0.016667 0.041667
2 0.72963 0.214583 0.014815 0.051389
2 0.711111 0.208333 0.012963 0.047222
2 0.674537 0.342361 0.023148 0.084722
