2 0.518519 0.620139 0.048148 0.165278
2 0.199074 0.436111 0.062963 0.116667
2 0.912037 0.619444 0.062963 0.161111
2 0.587963 0.509028 0.037037 0.143056
2 0.696759 0.769444 0.102778 0.197222
2 0.731019 0.577778 0.043519 0.152778
2 0.156019 0.7625 0.110185 0.166667
2 0.450926 0.465972 0.02963 0.1125
2 0.383796 0.447222 0.030556 0.125
2 0.766204 0.469444 0.036111 0.122222
2 0.404167 0.338889 0.030556 0.1
2 0.803704 0.421528 0.027778 0.098611
2 0.618056 0.419444 0.026852 0.102778
6 0.518056 0.349306 0.09537 0.109722
6 0.700463 0.36875 0.065741 0.156944
6 0.585648 0.3 0.078704 0.105556
6 0.756481 0.245139 0.042593 0.0625
2 0.431019 0.408333 0.025 0.113889
2 0.453704 0.345833 0.035185 0.097222
2 0.636111 0.382639 0.022222 0.101389
2 0.723148 0.4875 0.048148 0.111111
2 0.778241 0.385417 0.021296 0.093056
2 0.80463 0.350694 0.02963 0.0875
