2 0.696296 0.797222 0.114815 0.155556
2 0.446759 0.697917 0.100926 0.143056
2 0.39537 0.577778 0.092593 0.141667
2 0.840278 0.674306 0.099074 0.154167
2 0.208333 0.758333 0.127778 0.158333
2 0.55463 0.743056 0.096296 0.119444
2 0.45787 0.34375 0.034259 0.104167
2 0.968056 0.813194 0.050926 0.106944
2 0.825926 0.717361 0.096296 0.159722
2 0.535648 0.388194 0.030556 0.084722
2 0.65 0.414583 0.025926 0.090278
2 0.586574 0.374306 0.023148 0.0875
6 0.480556 0.879861 0.35 0.215278
6 0.731944 0.355556 0.063889 0.125
6 0.62963 0.327083 0.061111 0.101389
6 0.69213 0.220139 0.050926 0.0625
6 0.550463 0.302778 0.084259 0.088889
6 0.523148 0.279167 0.07963 0.086111
6 0.637037 0.244444 0.057407 0.066667
6 0.725463 0.26875 0.052778 0.079167
9 0.768056 0.188194 0.050926 0.0875
2 0.618056 0.414583 0.028704 0.1125
2 0.68287 0.329167 0.025 0.102778
2 0.593981 0.267361 0.019444 0.081944
2 0.61713 0.225 0.023148 0.058333
6 0.673611 0.186806 0.052778 0.054167
2 0.668056 0.297222 0.019444 0.069444
6 0.759722 0.254861 0.04537 0.076389
2 0.285648 0.65 0.099074 0.138889
2 0.268981 0.5875 0.100926 0.097222
