6 0.59537 0.273611 0.088889 0.111111
11 0.405556 0.790972 0.496296 0.393056
2 0.767593 0.695833 0.116667 0.161111
2 0.772685 0.636111 0.119444 0.141667
2 0.704167 0.778472 0.100926 0.170833
2 0.461574 0.572222 0.078704 0.055556
2 0.349537 0.557639 0.086111 0.084722
2 0.091667 0.693056 0.098148 0.163889
2 0.213426 0.6625 0.099074 0.152778
2 0.20463 0.649306 0.088889 0.151389
2 0.022685 0.760417 0.037963 0.104167
2 0.023611 0.557639 0.036111 0.120833
2 0.048148 0.498611 0.057407 0.091667
2 0.100926 0.578472 0.090741 0.131944
2 0.197222 0.470833 0.055556 0.130556
2 0.248611 0.422222 0.062037 0.102778
2 0.481481 0.378472 0.033333 0.106944
2 0.521296 0.375694 0.031481 0.106944
2 0.562963 0.377083 0.02963 0.106944
2 0.781019 0.372917 0.025 0.106944
2 0.731944 0.351389 0.025 0.1
2 0.661574 0.372222 0.023148 0.105556
2 0.60463 0.367361 0.027778 0.104167
2 0.634722 0.355556 0.023148 0.086111
2 0.659259 0.302778 0.018519 0.041667
2 0.684259 0.345833 0.02037 0.094444
2 0.684259 0.254861 0.024074 0.081944
2 0.731944 0.24375 0.019444 0.068056
2 0.712037 0.26875 0.022222 0.056944
2 0.714815 0.331944 0.022222 0.088889
2 0.50463 0.294444 0.02963 0.075
2 0.458796 0.359722 0.032407 0.102778
2 0.588426 0.209722 0.021296 0.044444
2 0.627778 0.204861 0.02037 0.0375
2 0.775463 0.179167 0.013889 0.044444
2 0.767593 0.163194 0.011111 0.040278
2 0.72963 0.154861 0.014815 0.040278
2 0.806944 0.152083 0.015741 0.043056
