6 0.609722 0.160417 0.058333 0.0625
6 0.801852 0.170833 0.042593 0.061111
2 0.624537 0.5625 0.039815 0.158333
2 0.763426 0.576389 0.052778 0.119444
2 0.665741 0.467361 0.038889 0.120833
2 0.663426 0.386806 0.032407 0.101389
2 0.736574 0.372917 0.025 0.104167
2 0.8 0.279861 0.024074 0.084722
2 0.662037 0.226389 0.02037 0.069444
2 0.601389 0.359722 0.028704 0.102778
2 0.581944 0.319444 0.025 0.102778
2 0.496296 0.309722 0.031481 0.1
2 0.508333 0.497917 0.035185 0.159722
2 0.039352 0.523611 0.065741 0.122222
2 0.704167 0.175 0.013889 0.047222
2 0.774074 0.153472 0.014815 0.043056
11 0.912037 0.60625 0.168519 0.398611
