2 0.483333 0.600694 0.098148 0.143056
2 0.069907 0.488889 0.076852 0.127778
2 0.716667 0.263194 0.02037 0.076389
2 0.618056 0.374306 0.028704 0.104167
2 0.891667 0.594444 0.085185 0.113889
2 0.667593 0.393056 0.033333 0.119444
2 0.548148 0.371528 0.031481 0.106944
2 0.588426 0.840972 0.158333 0.204167
2 0.540278 0.734028 0.091667 0.156944
2 0.563426 0.296528 0.025 0.079167
2 0.929167 0.797917 0.123148 0.143056
2 0.035185 0.69375 0.059259 0.173611
2 0.918981 0.91875 0.117593 0.143056
6 0.639815 0.259722 0.083333 0.105556
6 0.781944 0.160417 0.043519 0.051389
2 0.606481 0.236806 0.02037 0.059722
2 0.931944 0.698611 0.115741 0.127778
