2 0.061574 0.592361 0.093519 0.159722
2 0.347685 0.731944 0.04537 0.188889
2 0.289352 0.529861 0.049074 0.1625
2 0.471296 0.604167 0.044444 0.158333
2 0.426389 0.906944 0.052778 0.155556
2 0.483796 0.751389 0.041667 0.158333
2 0.702315 0.20625 0.017593 0.059722
2 0.593981 0.224306 0.021296 0.0625
6 0.498611 0.370139 0.112037 0.165278
6 0.628704 0.861806 0.201852 0.254167
6 0.625926 0.335417 0.07037 0.143056
6 0.263426 0.882639 0.139815 0.218056
6 0.64213 0.240278 0.075 0.075
6 0.786111 0.204167 0.046296 0.072222
11 0.755556 0.3375 0.068519 0.188889
11 0.908333 0.80625 0.166667 0.3625
11 0.575 0.552778 0.105556 0.219444
2 0.513426 0.263889 0.026852 0.066667
2 0.777315 0.159028 0.013889 0.0375
