2 0.488426 0.886111 0.062037 0.205556
2 0.512963 0.393056 0.035185 0.116667
2 0.462963 0.365278 0.031481 0.111111
2 0.641204 0.375 0.026852 0.091667
2 0.700463 0.40625 0.028704 0.109722
2 0.681944 0.297917 0.023148 0.093056
2 0.614815 0.250694 0.02963 0.084722
2 0.787037 0.19375 0.016667 0.059722
2 0.668981 0.219444 0.021296 0.063889
2 0.685648 0.199306 0.017593 0.054167
2 0.657407 0.190972 0.024074 0.056944
2 0.770833 0.135417 0.015741 0.048611
2 0.809722 0.186111 0.013889 0.05
6 0.787963 0.505556 0.101852 0.169444
6 0.947222 0.725 0.092593 0.2
6 0.628241 0.494444 0.087963 0.175
6 0.739815 0.168056 0.048148 0.058333
6 0.812037 0.153472 0.038889 0.056944
