2 0.161574 0.740972 0.091667 0.1875
2 0.4875 0.709028 0.089815 0.165278
2 0.688889 0.494444 0.035185 0.116667
2 0.620833 0.286111 0.025 0.080556
2 0.35787 0.545833 0.039815 0.136111
2 0.774537 0.361806 0.025 0.090278
2 0.217593 0.560417 0.068519 0.131944
2 0.852778 0.459028 0.027778 0.109722
2 0.091204 0.615972 0.073148 0.145833
2 0.47963 0.497222 0.037037 0.119444
2 0.489352 0.4 0.030556 0.1
2 0.296759 0.645833 0.062037 0.141667
2 0.258333 0.461111 0.037037 0.102778
2 0.276852 0.598611 0.053704 0.147222
2 0.041667 0.615278 0.048148 0.125
2 0.328704 0.434722 0.033333 0.091667
2 0.375 0.470139 0.033333 0.109722
2 0.3 0.524306 0.048148 0.101389
2 0.539815 0.304861 0.024074 0.076389
2 0.183796 0.501389 0.036111 0.127778
2 0.083796 0.529167 0.062037 0.1
2 0.218981 0.452083 0.034259 0.079167
2 0.370833 0.409028 0.025 0.068056
2 0.34537 0.377083 0.02963 0.070833
