6 0.513426 0.343056 0.102778 0.105556
6 0.872685 0.531944 0.160185 0.197222
6 0.718056 0.316667 0.063889 0.127778
6 0.655556 0.257639 0.068519 0.101389
6 0.602778 0.234722 0.053704 0.086111
6 0.762963 0.236111 0.059259 0.102778
6 0.79213 0.193056 0.047222 0.077778
2 0.221759 0.615278 0.05463 0.208333
2 0.316204 0.656944 0.04537 0.186111
2 0.350463 0.565972 0.034259 0.1375
2 0.408333 0.641667 0.040741 0.172222
2 0.456944 0.694444 0.05463 0.188889
2 0.548611 0.854861 0.089815 0.259722
2 0.469444 0.929167 0.048148 0.119444
2 0.622685 0.724306 0.082407 0.195833
2 0.858796 0.863194 0.126852 0.243056
2 0.768519 0.682639 0.066667 0.168056
2 0.731481 0.552083 0.046296 0.129167
2 0.775 0.532639 0.048148 0.156944
2 0.836111 0.413194 0.038889 0.0625
2 0.793056 0.375694 0.028704 0.098611
2 0.972222 0.479167 0.040741 0.122222
2 0.886111 0.740972 0.083333 0.173611
2 0.930093 0.700694 0.067593 0.165278
2 0.976852 0.69375 0.033333 0.168056
2 0.96713 0.929167 0.050926 0.116667
2 0.599537 0.369444 0.028704 0.113889
2 0.588426 0.545833 0.05463 0.158333
2 0.506481 0.58125 0.035185 0.148611
2 0.461111 0.495139 0.035185 0.115278
2 0.415741 0.464583 0.033333 0.129167
2 0.427778 0.372917 0.031481 0.098611
2 0.439352 0.416667 0.032407 0.108333
2 0.530556 0.431944 0.062963 0.125
2 0.681019 0.456944 0.039815 0.122222
2 0.666204 0.389583 0.037963 0.104167
2 0.643981 0.322917 0.032407 0.068056
2 0.701389 0.202083 0.023148 0.054167
2 0.711574 0.234028 0.021296 0.054167
2 0.685185 0.171528 0.018519 0.045833
2 0.738889 0.185417 0.016667 0.051389
2 0.755556 0.161111 0.014815 0.047222
2 0.654167 0.185417 0.026852 0.043056
2 0.446759 0.259722 0.026852 0.063889
0 0.941667 0.460417 0.031481 0.115278
