2 0.317593 0.695833 0.05 0.183333
2 0.240278 0.560417 0.043519 0.179167
2 0.293519 0.499306 0.033333 0.145833
2 0.384259 0.646528 0.042593 0.179167
2 0.449074 0.611111 0.042593 0.175
2 0.501852 0.533333 0.035185 0.152778
2 0.596759 0.636806 0.05463 0.184722
2 0.668519 0.79375 0.088889 0.198611
2 0.752315 0.76875 0.09537 0.231944
2 0.858333 0.613889 0.061111 0.177778
2 0.916667 0.601389 0.057407 0.175
2 0.956944 0.553472 0.037963 0.140278
2 0.849537 0.5125 0.04537 0.119444
2 0.739815 0.589583 0.053704 0.140278
2 0.632407 0.602778 0.042593 0.169444
2 0.675926 0.554861 0.046296 0.145833
2 0.397222 0.534722 0.038889 0.105556
2 0.417593 0.465278 0.02963 0.113889
2 0.380093 0.347222 0.039815 0.102778
2 0.184259 0.449306 0.064815 0.1125
2 0.474537 0.439583 0.030556 0.123611
2 0.527778 0.401389 0.02963 0.102778
2 0.637037 0.463194 0.033333 0.115278
2 0.67963 0.404861 0.033333 0.115278
2 0.709259 0.491667 0.037037 0.130556
2 0.717593 0.452778 0.018519 0.1
2 0.776852 0.471528 0.038889 0.1125
2 0.778704 0.575694 0.040741 0.154167
2 0.809259 0.457639 0.02963 0.129167
2 0.835185 0.423611 0.02963 0.091667
2 0.466204 0.351389 0.025 0.094444
2 0.503704 0.357639 0.024074 0.090278
2 0.541204 0.304861 0.026852 0.098611
2 0.517593 0.272917 0.025926 0.084722
2 0.570833 0.265278 0.021296 0.061111
2 0.572685 0.221528 0.021296 0.059722
2 0.599074 0.283333 0.024074 0.063889
2 0.650926 0.325 0.022222 0.086111
2 0.672222 0.302083 0.025926 0.076389
2 0.781019 0.334028 0.023148 0.0875
2 0.778241 0.272222 0.025 0.061111
2 0.781944 0.220139 0.017593 0.054167
2 0.784259 0.170833 0.014815 0.047222
2 0.800926 0.159722 0.014815 0.052778
2 0.772685 0.14375 0.012037 0.048611
2 0.74537 0.15625 0.016667 0.045833
2 0.660185 0.200694 0.022222 0.054167
2 0.628241 0.216667 0.015741 0.05
2 0.624537 0.269444 0.019444 0.055556
6 0.603704 0.382639 0.068519 0.131944
6 0.681944 0.229167 0.050926 0.069444
9 0.721759 0.290972 0.078704 0.1875
