2 0.766204 0.470833 0.030556 0.108333
2 0.703704 0.552778 0.037037 0.136111
2 0.852315 0.45625 0.028704 0.106944
2 0.606019 0.25625 0.021296 0.059722
2 0.816204 0.418056 0.023148 0.086111
2 0.739352 0.304167 0.019444 0.066667
2 0.806481 0.347917 0.02037 0.076389
6 0.781019 0.265278 0.043519 0.069444
11 0.207407 0.827083 0.412963 0.301389
12 0.239352 0.539583 0.475 0.554167
11 0.783333 0.203472 0.040741 0.073611
2 0.490741 0.326389 0.022222 0.080556
2 0.685185 0.204167 0.016667 0.047222
2 0.826852 0.279167 0.014815 0.052778
2 0.845833 0.281944 0.017593 0.052778
2 0.839815 0.230556 0.012963 0.038889
