2 0.440278 0.338889 0.030556 0.111111
2 0.691204 0.406944 0.030556 0.108333
2 0.5625 0.34375 0.032407 0.101389
2 0.657407 0.377778 0.025926 0.1
2 0.7375 0.425694 0.030556 0.115278
2 0.806019 0.393056 0.025 0.086111
2 0.768981 0.399306 0.028704 0.104167
2 0.699074 0.233333 0.018519 0.061111
2 0.622222 0.375694 0.025926 0.101389
2 0.590278 0.36875 0.030556 0.104167
6 0.746296 0.292361 0.048148 0.0875
6 0.789352 0.195833 0.05463 0.075
6 0.757407 0.178472 0.044444 0.056944
6 0.647222 0.236806 0.07037 0.084722
2 0.715741 0.3875 0.02037 0.094444
2 0.701852 0.334028 0.016667 0.0625
2 0.671296 0.336111 0.02037 0.083333
2 0.637963 0.338889 0.016667 0.086111
2 0.630556 0.301389 0.02037 0.077778
2 0.653704 0.29375 0.016667 0.070833
2 0.701852 0.18125 0.016667 0.045833
2 0.817593 0.127778 0.014815 0.044444
2 0.508333 0.364583 0.027778 0.109722
2 0.501389 0.336806 0.026852 0.095833
2 0.602315 0.329861 0.017593 0.0875
