2 0.808796 0.341667 0.023148 0.080556
2 0.316667 0.533333 0.048148 0.133333
2 0.14537 0.542361 0.038889 0.134722
2 0.228241 0.499306 0.039815 0.106944
2 0.17963 0.491667 0.038889 0.113889
2 0.100463 0.546528 0.060185 0.134722
9 0.497685 0.415278 0.237963 0.369444
12 0.653241 0.245833 0.126852 0.194444
2 0.239352 0.456944 0.037963 0.097222
2 0.281944 0.49375 0.039815 0.126389
2 0.347685 0.45625 0.030556 0.1125
2 0.336574 0.415972 0.034259 0.095833
2 0.842593 0.251389 0.014815 0.047222
6 0.719444 0.232639 0.033333 0.079167
