2 0.250463 0.46875 0.047222 0.106944
2 0.341667 0.477778 0.037037 0.102778
2 0.303241 0.474306 0.032407 0.104167
2 0.424074 0.367361 0.027778 0.093056
2 0.370833 0.39375 0.026852 0.095833
6 0.441667 0.495833 0.112963 0.152778
6 0.466667 0.375 0.085185 0.097222
6 0.522222 0.4125 0.075926 0.102778
11 0.630093 0.289583 0.141667 0.2125
6 0.534722 0.325 0.04537 0.091667
6 0.689352 0.265972 0.030556 0.070833
2 0.286574 0.409722 0.025 0.088889
2 0.334259 0.405556 0.033333 0.080556
2 0.3125 0.427778 0.023148 0.075
