2 0.727315 0.79375 0.058333 0.245833
2 0.699074 0.484028 0.040741 0.134722
2 0.713426 0.411806 0.030556 0.118056
2 0.759722 0.404167 0.032407 0.113889
2 0.819444 0.434722 0.055556 0.102778
2 0.345833 0.406944 0.05463 0.108333
2 0.225 0.436111 0.062963 0.111111
2 0.577315 0.31875 0.026852 0.104167
2 0.653241 0.2875 0.026852 0.086111
2 0.693056 0.320139 0.025 0.098611
2 0.701389 0.263889 0.025 0.063889
2 0.734259 0.252083 0.018519 0.059722
2 0.755093 0.218056 0.025 0.063889
2 0.699074 0.213194 0.018519 0.054167
2 0.446296 0.259722 0.033333 0.066667
2 0.791204 0.147222 0.012037 0.044444
2 0.766204 0.144444 0.015741 0.038889
2 0.725463 0.168056 0.013889 0.044444
2 0.744907 0.16875 0.019444 0.043056
2 0.896296 0.229167 0.0 0.002778
6 0.725 0.144444 0.05 0.066667
