2 0.652778 0.707639 0.114815 0.156944
2 0.418981 0.769444 0.130556 0.180556
2 0.057407 0.486111 0.081481 0.138889
2 0.576852 0.46875 0.040741 0.129167
2 0.705556 0.438194 0.033333 0.120833
2 0.737963 0.400694 0.033333 0.1125
2 0.863426 0.455556 0.04537 0.119444
2 0.791204 0.402083 0.036111 0.104167
2 0.781481 0.3625 0.02963 0.088889
2 0.653241 0.382639 0.026852 0.1125
2 0.675926 0.370139 0.02037 0.104167
2 0.611574 0.372222 0.030556 0.105556
2 0.602778 0.352778 0.024074 0.088889
2 0.565741 0.354861 0.025926 0.093056
2 0.525926 0.363889 0.022222 0.1
2 0.496759 0.347917 0.028704 0.101389
2 0.507407 0.302083 0.018519 0.073611
2 0.547685 0.286806 0.017593 0.054167
2 0.543981 0.331944 0.023148 0.083333
2 0.460648 0.31875 0.032407 0.084722
2 0.459259 0.367361 0.02963 0.090278
2 0.426852 0.353472 0.031481 0.106944
2 0.589352 0.25 0.034259 0.077778
2 0.65463 0.197222 0.02037 0.05
2 0.701852 0.179167 0.016667 0.052778
6 0.715278 0.322917 0.065741 0.104167
6 0.725926 0.208333 0.0 0.027778
6 0.750463 0.265972 0.050926 0.084722
6 0.767593 0.236111 0.046296 0.066667
6 0.786574 0.201389 0.039815 0.072222
6 0.739815 0.202083 0.040741 0.0625
6 0.696759 0.234722 0.050926 0.066667
6 0.639815 0.265972 0.074074 0.090278
6 0.609722 0.163194 0.052778 0.0625
