2 0.286574 0.424306 0.056481 0.115278
2 0.405556 0.809722 0.055556 0.244444
2 0.535185 0.654167 0.042593 0.177778
2 0.964815 0.610417 0.051852 0.148611
2 0.436111 0.377083 0.031481 0.115278
2 0.472685 0.410417 0.030556 0.115278
2 0.511111 0.409722 0.027778 0.116667
2 0.38287 0.374306 0.049074 0.098611
2 0.843519 0.570833 0.048148 0.136111
2 0.603704 0.430556 0.027778 0.102778
2 0.756019 0.384028 0.026852 0.098611
2 0.647685 0.418056 0.030556 0.105556
2 0.792593 0.554167 0.051852 0.141667
2 0.549074 0.386111 0.027778 0.102778
2 0.681481 0.649306 0.044444 0.148611
2 0.774537 0.455556 0.028704 0.088889
2 0.718981 0.270139 0.019444 0.070833
2 0.877778 0.480556 0.038889 0.102778
2 0.65 0.738194 0.07963 0.176389
6 0.583796 0.289583 0.086111 0.098611
2 0.714352 0.535417 0.037963 0.1375
2 0.656019 0.535417 0.052778 0.106944
2 0.684722 0.40625 0.026852 0.098611
2 0.72037 0.372222 0.025926 0.1
2 0.649074 0.35625 0.022222 0.073611
2 0.65787 0.31875 0.017593 0.059722
2 0.701389 0.332639 0.021296 0.081944
2 0.685648 0.297917 0.017593 0.079167
2 0.663889 0.263194 0.018519 0.068056
2 0.643519 0.295139 0.022222 0.084722
2 0.633796 0.252778 0.017593 0.075
2 0.711111 0.227083 0.012963 0.051389
2 0.747222 0.165972 0.014815 0.059722
2 0.755093 0.215278 0.052778 0.086111
2 0.790741 0.144444 0.014815 0.05
2 0.809259 0.201389 0.014815 0.05
2 0.723611 0.170139 0.012037 0.048611
2 0.870833 0.551389 0.036111 0.127778
2 0.805556 0.434028 0.031481 0.101389
2 0.828241 0.480556 0.030556 0.105556
