2 0.283796 0.641667 0.108333 0.155556
2 0.509259 0.345833 0.027778 0.102778
2 0.472685 0.345139 0.028704 0.101389
2 0.811574 0.677778 0.091667 0.127778
2 0.706481 0.607639 0.085185 0.129167
2 0.691667 0.375 0.025926 0.1
2 0.608333 0.648611 0.094444 0.136111
2 0.134259 0.684028 0.098148 0.134722
2 0.647222 0.374306 0.027778 0.109722
2 0.05463 0.6 0.07963 0.136111
2 0.119907 0.54375 0.067593 0.1125
2 0.61713 0.361111 0.025 0.091667
2 0.5875 0.76875 0.123148 0.165278
2 0.739815 0.7125 0.077778 0.138889
2 0.547685 0.378472 0.030556 0.079167
2 0.586574 0.372222 0.026852 0.091667
2 0.554167 0.332639 0.025 0.068056
2 0.753241 0.186111 0.017593 0.058333
6 0.756481 0.371528 0.066667 0.131944
2 0.939352 0.657639 0.091667 0.140278
2 0.924074 0.777778 0.122222 0.116667
2 0.588889 0.302778 0.024074 0.061111
2 0.585648 0.265278 0.025 0.052778
2 0.468056 0.297917 0.041667 0.0875
2 0.614815 0.218056 0.018519 0.058333
2 0.743981 0.144444 0.017593 0.05
2 0.8 0.146528 0.018519 0.048611
