2 0.862963 0.742361 0.137037 0.151389
2 0.811574 0.515972 0.05463 0.134722
2 0.75463 0.510417 0.042593 0.1375
2 0.688889 0.509722 0.048148 0.15
2 0.401852 0.378472 0.033333 0.101389
2 0.437037 0.357639 0.033333 0.098611
2 0.475463 0.35625 0.026852 0.095833
2 0.50463 0.365972 0.031481 0.0875
2 0.545833 0.360417 0.030556 0.095833
2 0.581019 0.357639 0.028704 0.098611
2 0.612037 0.372222 0.027778 0.088889
2 0.641204 0.391667 0.028704 0.102778
2 0.684722 0.40625 0.032407 0.081944
2 0.737963 0.400694 0.025926 0.101389
2 0.770833 0.394444 0.021296 0.097222
2 0.79537 0.413194 0.022222 0.098611
2 0.793981 0.354167 0.023148 0.058333
2 0.3875 0.322222 0.034259 0.088889
2 0.418981 0.313889 0.023148 0.077778
2 0.448611 0.302778 0.021296 0.069444
2 0.487037 0.281944 0.025926 0.072222
2 0.510185 0.292361 0.016667 0.065278
2 0.593056 0.215278 0.019444 0.047222
2 0.545833 0.290972 0.017593 0.070833
2 0.567593 0.3125 0.024074 0.066667
2 0.590741 0.302083 0.016667 0.068056
2 0.618981 0.316667 0.026852 0.063889
2 0.649074 0.320833 0.022222 0.061111
2 0.674537 0.311111 0.023148 0.080556
2 0.704167 0.372222 0.025 0.086111
2 0.568056 0.273611 0.021296 0.066667
2 0.709259 0.165278 0.016667 0.041667
2 0.735648 0.170833 0.015741 0.041667
2 0.764352 0.154861 0.013889 0.0375
2 0.773148 0.145833 0.011111 0.033333
6 0.731481 0.274306 0.055556 0.084722
6 0.760185 0.228472 0.055556 0.093056
6 0.797685 0.198611 0.050926 0.077778
6 0.694907 0.228472 0.058333 0.090278
6 0.633796 0.256944 0.063889 0.083333
