2 0.143056 0.754861 0.112037 0.143056
2 0.473148 0.4625 0.040741 0.119444
2 0.258333 0.49375 0.046296 0.104167
2 0.420833 0.5 0.039815 0.122222
2 0.566204 0.275694 0.021296 0.068056
2 0.320833 0.4875 0.049074 0.125
2 0.658333 0.215972 0.018519 0.048611
2 0.455556 0.423611 0.031481 0.102778
6 0.576852 0.372222 0.087037 0.125
2 0.357407 0.492361 0.042593 0.1125
2 0.402778 0.464583 0.038889 0.101389
2 0.405093 0.397917 0.030556 0.081944
2 0.365278 0.40625 0.026852 0.0875
2 0.325926 0.404861 0.025926 0.070833
2 0.415741 0.381944 0.024074 0.088889
