2 0.414352 0.363194 0.036111 0.1125
2 0.280093 0.709028 0.123148 0.179167
2 0.643519 0.417361 0.02963 0.1125
2 0.457407 0.352778 0.02963 0.102778
2 0.785648 0.404861 0.030556 0.104167
2 0.590278 0.374306 0.028704 0.109722
2 0.744444 0.410417 0.027778 0.109722
2 0.55 0.352778 0.02963 0.102778
2 0.710185 0.445139 0.027778 0.101389
2 0.598611 0.771528 0.115741 0.126389
2 0.699074 0.356944 0.022222 0.080556
2 0.505556 0.347222 0.02963 0.088889
6 0.657407 0.252083 0.062963 0.076389
6 0.738426 0.324306 0.052778 0.095833
6 0.747222 0.257639 0.066667 0.084722
6 0.763426 0.164583 0.04537 0.048611
2 0.57963 0.285417 0.025926 0.098611
2 0.551852 0.293056 0.02963 0.080556
