2 0.896759 0.627778 0.117593 0.144444
2 0.917593 0.903472 0.148148 0.176389
2 0.748148 0.829861 0.133333 0.165278
2 0.594444 0.765972 0.127778 0.170833
2 0.563426 0.583333 0.108333 0.141667
2 0.208333 0.533333 0.092593 0.144444
2 0.064352 0.6 0.093519 0.152778
2 0.450463 0.347917 0.043519 0.104167
2 0.646759 0.350694 0.023148 0.098611
2 0.748611 0.317361 0.025 0.095833
2 0.692593 0.279861 0.02037 0.084722
2 0.727778 0.247222 0.018519 0.061111
2 0.678241 0.26875 0.019444 0.079167
2 0.65787 0.25 0.021296 0.072222
2 0.653241 0.211806 0.015741 0.048611
2 0.806019 0.136111 0.012037 0.05
2 0.784259 0.127083 0.012963 0.040278
2 0.754167 0.204167 0.013889 0.055556
2 0.738426 0.206944 0.015741 0.058333
6 0.609722 0.161806 0.056481 0.056944
10 0.701852 0.167361 0.066667 0.118056
0 0.811574 0.486111 0.025 0.113889
