2 0.747222 0.598611 0.051852 0.15
2 0.635185 0.495833 0.038889 0.141667
2 0.54213 0.44375 0.030556 0.129167
2 0.772685 0.439583 0.034259 0.106944
2 0.680093 0.35 0.026852 0.091667
2 0.680556 0.442361 0.027778 0.109722
2 0.60787 0.352778 0.028704 0.091667
2 0.606019 0.298611 0.030556 0.069444
2 0.611111 0.927778 0.059259 0.119444
2 0.793056 0.247917 0.017593 0.065278
2 0.668056 0.213194 0.015741 0.059722
2 0.700926 0.166667 0.016667 0.05
2 0.764815 0.147917 0.016667 0.043056
2 0.793981 0.161806 0.012037 0.051389
2 0.78287 0.152778 0.010185 0.047222
