2 0.380093 0.721528 0.039815 0.206944
2 0.306481 0.63125 0.031481 0.179167
2 0.041204 0.655556 0.069444 0.161111
2 0.937963 0.621528 0.062963 0.165278
2 0.626852 0.509028 0.037037 0.145833
2 0.663889 0.458333 0.040741 0.119444
2 0.77037 0.434028 0.035185 0.126389
2 0.792593 0.366667 0.024074 0.105556
2 0.784259 0.292361 0.022222 0.076389
2 0.600463 0.434722 0.028704 0.113889
2 0.524074 0.465278 0.027778 0.127778
2 0.403704 0.416667 0.027778 0.1
2 0.436574 0.36875 0.026852 0.093056
2 0.381481 0.366667 0.02963 0.108333
2 0.399537 0.340278 0.028704 0.086111
2 0.490278 0.367361 0.026852 0.106944
2 0.556944 0.382639 0.030556 0.118056
2 0.537037 0.347222 0.02037 0.102778
2 0.531944 0.304861 0.017593 0.081944
2 0.505556 0.323611 0.027778 0.102778
2 0.601389 0.339583 0.026852 0.084722
2 0.632407 0.347917 0.022222 0.098611
2 0.623611 0.322917 0.021296 0.081944
2 0.576389 0.324306 0.019444 0.084722
2 0.602778 0.272917 0.024074 0.079167
2 0.560185 0.297917 0.018519 0.084722
2 0.577315 0.2625 0.017593 0.066667
2 0.637963 0.206944 0.018519 0.058333
2 0.55787 0.240278 0.017593 0.052778
9 0.6875 0.351389 0.069444 0.169444
11 0.731019 0.284028 0.078704 0.134722
6 0.608796 0.15625 0.052778 0.051389
6 0.655093 0.261806 0.060185 0.076389
6 0.689815 0.2125 0.062963 0.066667
6 0.774074 0.23125 0.051852 0.0875
6 0.802778 0.159722 0.037037 0.052778
6 0.793056 0.198611 0.047222 0.058333
