2 0.297685 0.658333 0.052778 0.2
2 0.054167 0.520833 0.082407 0.125
2 0.467593 0.548611 0.038889 0.147222
2 0.730093 0.559028 0.04537 0.156944
2 0.533796 0.378472 0.028704 0.109722
2 0.589352 0.373611 0.028704 0.111111
2 0.764352 0.514583 0.043519 0.154167
2 0.65 0.284722 0.02037 0.080556
2 0.668519 0.379861 0.027778 0.109722
2 0.621759 0.340972 0.025 0.098611
2 0.694907 0.276389 0.021296 0.069444
2 0.755093 0.403472 0.028704 0.090278
2 0.776852 0.25 0.018519 0.069444
2 0.724074 0.216667 0.014815 0.055556
6 0.912037 0.640278 0.164815 0.252778
6 0.568056 0.718056 0.158333 0.336111
2 0.740741 0.183333 0.012963 0.066667
2 0.710185 0.172222 0.014815 0.055556
2 0.689352 0.170139 0.017593 0.059722
