2 0.611111 0.638889 0.112963 0.155556
2 0.691204 0.508333 0.049074 0.155556
2 0.758796 0.513889 0.047222 0.144444
2 0.786111 0.486111 0.027778 0.130556
2 0.818981 0.467361 0.032407 0.118056
2 0.757407 0.729167 0.118519 0.161111
2 0.655556 0.855556 0.138889 0.172222
2 0.850926 0.917361 0.146296 0.143056
2 0.467593 0.73125 0.118519 0.151389
2 0.493519 0.669444 0.107407 0.138889
2 0.209259 0.736111 0.122222 0.155556
2 0.3 0.553472 0.092593 0.134722
2 0.265278 0.636806 0.102778 0.154167
2 0.219907 0.584028 0.108333 0.1375
2 0.030556 0.573611 0.048148 0.136111
2 0.833796 0.630556 0.099074 0.136111
2 0.880093 0.817361 0.123148 0.154167
2 0.938426 0.627083 0.10463 0.140278
2 0.740741 0.394444 0.027778 0.105556
2 0.660185 0.354167 0.025926 0.1
2 0.611574 0.370833 0.032407 0.108333
2 0.548611 0.356944 0.034259 0.094444
2 0.584722 0.356944 0.028704 0.105556
2 0.937037 0.675694 0.107407 0.129167
2 0.641667 0.25625 0.027778 0.079167
2 0.648611 0.297917 0.017593 0.076389
2 0.6125 0.304861 0.026852 0.065278
2 0.556944 0.311111 0.026852 0.066667
2 0.692593 0.2 0.02037 0.058333
2 0.75787 0.175694 0.017593 0.043056
2 0.744444 0.163889 0.014815 0.047222
2 0.72037 0.163194 0.014815 0.048611
2 0.812037 0.208333 0.012963 0.052778
2 0.764815 0.136806 0.014815 0.040278
0 0.454167 0.226389 0.025 0.077778
6 0.339815 0.86875 0.327778 0.245833
6 0.728704 0.311806 0.057407 0.104167
6 0.751852 0.234722 0.053704 0.077778
6 0.811111 0.169444 0.040741 0.061111
6 0.797222 0.147222 0.031481 0.052778
