2 0.419907 0.500694 0.080556 0.118056
2 0.157407 0.63125 0.092593 0.154167
2 0.832407 0.415972 0.031481 0.1125
2 0.206481 0.442361 0.061111 0.120833
2 0.416667 0.340278 0.033333 0.108333
2 0.581944 0.365972 0.026852 0.106944
2 0.445833 0.347222 0.030556 0.1
2 0.541204 0.386806 0.026852 0.106944
2 0.041204 0.704861 0.067593 0.173611
2 0.763426 0.416667 0.032407 0.108333
2 0.688889 0.306944 0.022222 0.077778
2 0.504167 0.352083 0.026852 0.093056
9 0.633796 0.25625 0.087963 0.118056
6 0.569444 0.897222 0.366667 0.191667
6 0.719444 0.35 0.062963 0.122222
2 0.691204 0.707639 0.102778 0.129167
2 0.628704 0.384028 0.033333 0.118056
6 0.647222 0.350694 0.046296 0.120833
2 0.530556 0.338889 0.025926 0.105556
2 0.562037 0.347222 0.025926 0.105556
2 0.488889 0.345139 0.027778 0.1125
2 0.510185 0.286111 0.031481 0.063889
2 0.606944 0.210417 0.023148 0.054167
11 0.739815 0.258333 0.074074 0.108333
6 0.783333 0.227778 0.038889 0.077778
2 0.805093 0.390278 0.023148 0.1
2 0.781944 0.375 0.023148 0.1
12 0.799074 0.161806 0.055556 0.118056
6 0.698611 0.217361 0.04537 0.073611
