2 0.700926 0.689583 0.038889 0.198611
2 0.946759 0.890972 0.093519 0.195833
2 0.875926 0.963889 0.044444 0.052778
2 0.717593 0.583333 0.051852 0.169444
2 0.744907 0.429167 0.039815 0.125
2 0.81713 0.428472 0.032407 0.115278
2 0.674537 0.438194 0.030556 0.115278
2 0.62963 0.314583 0.02963 0.076389
2 0.696296 0.295833 0.024074 0.083333
2 0.588889 0.286111 0.025926 0.094444
2 0.698611 0.202778 0.021296 0.061111
2 0.693981 0.178472 0.019444 0.051389
2 0.80463 0.128472 0.02037 0.045833
6 0.872685 0.591667 0.171296 0.216667
6 0.743981 0.256944 0.058333 0.111111
6 0.610185 0.1625 0.053704 0.058333
