2 0.320833 0.665972 0.112037 0.154167
2 0.812963 0.634722 0.075926 0.130556
2 0.451389 0.35625 0.032407 0.093056
2 0.499074 0.357639 0.031481 0.109722
2 0.808333 0.420139 0.031481 0.098611
2 0.766667 0.418056 0.031481 0.116667
2 0.660648 0.375 0.028704 0.111111
2 0.548148 0.358333 0.027778 0.1
2 0.583333 0.36875 0.02963 0.106944
2 0.638426 0.252778 0.023148 0.069444
2 0.619907 0.246528 0.023148 0.068056
2 0.627778 0.354861 0.025926 0.101389
2 0.614352 0.377083 0.025 0.101389
2 0.769907 0.277778 0.019444 0.072222
6 0.731944 0.288889 0.056481 0.1
2 0.68287 0.225 0.019444 0.072222
2 0.700926 0.195139 0.018519 0.065278
2 0.745833 0.157639 0.017593 0.056944
2 0.729167 0.377083 0.030556 0.123611
