2 0.762963 0.829167 0.053704 0.180556
2 0.771296 0.524306 0.035185 0.123611
2 0.833333 0.50625 0.035185 0.120833
2 0.774537 0.378472 0.025 0.084722
2 0.85463 0.371528 0.025926 0.079167
2 0.839815 0.91875 0.051852 0.1375
2 0.484722 0.579167 0.026852 0.094444
2 0.810185 0.310417 0.02037 0.068056
2 0.793519 0.434722 0.024074 0.091667
2 0.661111 0.913889 0.062963 0.15
11 0.589815 0.506944 0.185185 0.3
11 0.762963 0.227778 0.055556 0.125
11 0.456481 0.455556 0.185185 0.291667
12 0.074537 0.703472 0.143519 0.545833
2 0.842593 0.299306 0.016667 0.059722
6 0.841204 0.209028 0.030556 0.051389
6 0.816667 0.186806 0.024074 0.040278
