2 0.710185 0.619444 0.092593 0.147222
2 0.930093 0.652083 0.108333 0.140278
2 0.857407 0.779861 0.133333 0.143056
2 0.91713 0.772222 0.097222 0.141667
2 0.54537 0.748611 0.124074 0.144444
2 0.687037 0.742361 0.133333 0.159722
2 0.518981 0.656944 0.108333 0.127778
2 0.572222 0.626389 0.094444 0.116667
2 0.446296 0.502778 0.053704 0.158333
2 0.366204 0.602083 0.108333 0.140278
2 0.083333 0.59375 0.107407 0.151389
2 0.377778 0.381944 0.031481 0.119444
2 0.449074 0.255556 0.027778 0.075
2 0.448148 0.347222 0.037037 0.102778
2 0.480556 0.356944 0.02963 0.113889
2 0.510185 0.359028 0.033333 0.106944
2 0.551852 0.384722 0.027778 0.097222
2 0.581944 0.370833 0.036111 0.102778
2 0.615741 0.385417 0.033333 0.104167
2 0.655556 0.3875 0.040741 0.127778
2 0.695833 0.409028 0.037963 0.101389
2 0.738889 0.416667 0.033333 0.116667
2 0.787963 0.413889 0.042593 0.122222
2 0.779167 0.3125 0.026852 0.083333
2 0.755556 0.323611 0.031481 0.091667
2 0.725 0.335417 0.02963 0.068056
2 0.694444 0.335417 0.025926 0.073611
2 0.555556 0.284028 0.025926 0.068056
2 0.520833 0.28125 0.025 0.0625
2 0.53287 0.328472 0.021296 0.0875
2 0.616667 0.299306 0.025926 0.070833
2 0.651389 0.304167 0.034259 0.055556
2 0.666204 0.277778 0.030556 0.077778
2 0.580093 0.288889 0.032407 0.083333
2 0.481481 0.2875 0.033333 0.030556
6 0.253241 0.729167 0.239815 0.208333
6 0.794907 0.90625 0.334259 0.1875
6 0.737037 0.246528 0.064815 0.0875
6 0.784722 0.209028 0.050926 0.090278
6 0.700926 0.222222 0.057407 0.083333
6 0.638889 0.252778 0.066667 0.075
2 0.621296 0.220139 0.024074 0.059722
2 0.677315 0.190972 0.017593 0.054167
2 0.740278 0.161806 0.023148 0.059722
6 0.773611 0.15 0.039815 0.058333
