2 0.791204 0.419444 0.026852 0.094444
2 0.504167 0.620833 0.078704 0.144444
2 0.3 0.568056 0.057407 0.125
2 0.218519 0.490278 0.040741 0.119444
2 0.825 0.290972 0.018519 0.065278
2 0.259259 0.529167 0.033333 0.102778
2 0.35 0.504861 0.024074 0.101389
2 0.378704 0.413889 0.024074 0.094444
6 0.413889 0.526389 0.118519 0.166667
6 0.45787 0.392361 0.099074 0.1125
12 0.616204 0.291667 0.163889 0.277778
12 0.735185 0.191667 0.083333 0.158333
6 0.838426 0.203472 0.025 0.043056
2 0.275926 0.45 0.025926 0.083333
2 0.306019 0.502778 0.039815 0.094444
2 0.3125 0.41875 0.032407 0.084722
2 0.351389 0.374306 0.032407 0.095833
2 0.167593 0.488194 0.051852 0.129167
