2 0.40787 0.851389 0.082407 0.244444
2 0.613889 0.745139 0.059259 0.220833
2 0.902778 0.654167 0.072222 0.161111
2 0.526852 0.299306 0.031481 0.098611
2 0.808333 0.673611 0.068519 0.172222
2 0.588889 0.51875 0.046296 0.165278
2 0.690278 0.475 0.039815 0.152778
2 0.678241 0.364583 0.028704 0.101389
2 0.684722 0.898611 0.049074 0.163889
2 0.747685 0.513194 0.043519 0.140278
2 0.606944 0.415278 0.032407 0.111111
2 0.735648 0.340278 0.025 0.088889
2 0.971759 0.602778 0.039815 0.111111
2 0.828241 0.615278 0.04537 0.138889
6 0.247685 0.527778 0.180556 0.175
6 0.786574 0.440278 0.10463 0.155556
6 0.626852 0.254167 0.077778 0.075
