2 0.627778 0.900694 0.088889 0.165278
2 0.600926 0.327778 0.025926 0.105556
2 0.916204 0.714583 0.091667 0.190278
2 0.675 0.503472 0.042593 0.134722
2 0.771759 0.663889 0.065741 0.172222
2 0.664815 0.411111 0.037037 0.122222
2 0.966204 0.859028 0.049074 0.168056
2 0.664815 0.260417 0.018519 0.068056
2 0.614352 0.254167 0.023148 0.066667
2 0.700463 0.226389 0.017593 0.052778
2 0.743981 0.193056 0.017593 0.058333
6 0.068519 0.529167 0.12037 0.161111
6 0.824537 0.552083 0.14537 0.193056
2 0.710185 0.2 0.011111 0.05
2 0.790741 0.184028 0.016667 0.051389
2 0.721759 0.165278 0.015741 0.052778
