2 0.952778 0.816667 0.083333 0.213889
2 0.446296 0.661806 0.048148 0.184722
2 0.702778 0.870833 0.074074 0.216667
2 0.580556 0.471528 0.031481 0.115278
2 0.605556 0.555556 0.038889 0.133333
2 0.565278 0.419444 0.028704 0.1
2 0.749537 0.536806 0.043519 0.118056
2 0.599537 0.857639 0.069444 0.215278
2 0.612037 0.265972 0.022222 0.076389
2 0.968981 0.624306 0.043519 0.126389
6 0.66713 0.318056 0.062037 0.108333
6 0.737963 0.406944 0.087037 0.158333
6 0.737963 0.271528 0.055556 0.095833
2 0.483333 0.211806 0.025926 0.0625
2 0.769444 0.155556 0.014815 0.052778
2 0.802778 0.181944 0.012963 0.052778
2 0.815741 0.145833 0.011111 0.033333
2 0.791667 0.155556 0.011111 0.041667
2 0.794444 0.130556 0.011111 0.036111
