2 0.903704 0.628472 0.064815 0.179167
2 0.794907 0.70625 0.073148 0.181944
2 0.375463 0.363889 0.047222 0.1
2 0.499537 0.688889 0.047222 0.202778
2 0.542593 0.545139 0.038889 0.148611
2 0.643981 0.605556 0.037963 0.147222
2 0.59537 0.330556 0.02963 0.111111
2 0.50787 0.428472 0.032407 0.140278
2 0.660185 0.765972 0.068519 0.215278
2 0.055556 0.491667 0.061111 0.105556
2 0.775926 0.570139 0.051852 0.151389
2 0.653241 0.222222 0.023148 0.083333
2 0.910185 0.9375 0.055556 0.108333
6 0.702315 0.418056 0.091667 0.169444
6 0.756944 0.225694 0.052778 0.076389
5 0.716204 0.293056 0.056481 0.091667
2 0.831019 0.325 0.028704 0.091667
2 0.519907 0.284028 0.028704 0.068056
