2 0.840278 0.620139 0.091667 0.126389
2 0.37037 0.613194 0.101852 0.143056
2 0.649074 0.7875 0.131481 0.177778
2 0.155093 0.644444 0.089815 0.15
2 0.728704 0.653472 0.077778 0.131944
2 0.745833 0.346528 0.026852 0.093056
2 0.505556 0.365278 0.027778 0.097222
2 0.65787 0.370139 0.025 0.101389
2 0.688889 0.399306 0.02963 0.118056
2 0.562963 0.344444 0.031481 0.105556
2 0.562037 0.704167 0.098148 0.133333
2 0.715278 0.305556 0.021296 0.080556
2 0.549074 0.618056 0.07963 0.122222
2 0.588426 0.369444 0.028704 0.111111
2 0.739815 0.439583 0.031481 0.104167
2 0.509722 0.275694 0.026852 0.073611
2 0.623148 0.370833 0.025926 0.097222
2 0.025926 0.572917 0.037037 0.098611
2 0.75787 0.216667 0.015741 0.061111
2 0.623148 0.577083 0.074074 0.115278
6 0.289352 0.779861 0.286111 0.2375
6 0.950926 0.780556 0.090741 0.216667
6 0.646296 0.240972 0.072222 0.090278
2 0.684722 0.285417 0.019444 0.079167
2 0.735648 0.229167 0.017593 0.066667
2 0.708796 0.224306 0.013889 0.068056
2 0.690278 0.245139 0.015741 0.059722
2 0.724537 0.184722 0.017593 0.061111
2 0.748148 0.155556 0.011111 0.052778
2 0.774537 0.138194 0.012037 0.045833
2 0.797222 0.134028 0.012963 0.043056
2 0.635185 0.332639 0.022222 0.081944
