2 0.60463 0.553472 0.037037 0.140278
2 0.507407 0.381944 0.027778 0.102778
2 0.821296 0.544444 0.048148 0.136111
2 0.818056 0.429861 0.037963 0.101389
2 0.545833 0.36875 0.026852 0.095833
2 0.739815 0.454861 0.044444 0.134722
2 0.276389 0.410417 0.050926 0.090278
2 0.475 0.351389 0.024074 0.091667
2 0.557407 0.454861 0.031481 0.109722
2 0.430093 0.448611 0.032407 0.111111
2 0.626852 0.9125 0.125926 0.147222
2 0.758333 0.379861 0.024074 0.084722
2 0.570833 0.329861 0.026852 0.098611
2 0.497222 0.3 0.025926 0.075
2 0.660185 0.428472 0.027778 0.109722
2 0.773611 0.258333 0.019444 0.072222
2 0.622222 0.238194 0.024074 0.0625
2 0.652778 0.240278 0.02037 0.069444
2 0.598148 0.44375 0.031481 0.106944
6 0.716667 0.333333 0.064815 0.122222
6 0.724074 0.254861 0.057407 0.076389
2 0.630556 0.3875 0.024074 0.1
2 0.60787 0.311111 0.025 0.086111
2 0.631019 0.327083 0.017593 0.068056
2 0.593056 0.375 0.030556 0.097222
2 0.773148 0.199306 0.02037 0.0625
2 0.65 0.3125 0.022222 0.086111
2 0.424537 0.351389 0.047222 0.111111
2 0.715741 0.205556 0.025926 0.061111
1 0.176389 0.651389 0.10463 0.158333
