2 0.955556 0.579167 0.059259 0.15
2 0.344444 0.613194 0.044444 0.170833
2 0.572685 0.665972 0.050926 0.1875
2 0.376389 0.476389 0.034259 0.130556
2 0.472685 0.781944 0.05463 0.188889
2 0.47963 0.611806 0.046296 0.165278
2 0.531481 0.434722 0.031481 0.122222
2 0.425463 0.498611 0.032407 0.133333
2 0.894444 0.886806 0.122222 0.190278
2 0.885648 0.73125 0.091667 0.170833
2 0.693056 0.501389 0.041667 0.138889
2 0.420833 0.327778 0.028704 0.088889
2 0.328241 0.923611 0.056481 0.122222
2 0.491667 0.377083 0.027778 0.098611
2 0.562963 0.542361 0.038889 0.120833
2 0.675 0.315278 0.02037 0.083333
2 0.476389 0.477083 0.028704 0.104167
2 0.525 0.265972 0.024074 0.065278
2 0.646759 0.328472 0.025 0.095833
2 0.623148 0.211806 0.022222 0.056944
2 0.703704 0.399306 0.02963 0.104167
2 0.736574 0.309722 0.021296 0.077778
6 0.792593 0.415972 0.1 0.126389
6 0.786111 0.55625 0.12963 0.195833
6 0.768519 0.2375 0.053704 0.077778
11 0.605556 0.388194 0.068519 0.198611
2 0.718981 0.186806 0.019444 0.059722
