2 0.246296 0.482639 0.046296 0.126389
2 0.82037 0.38125 0.025926 0.093056
2 0.862963 0.4875 0.035185 0.113889
2 0.349074 0.511111 0.044444 0.122222
2 0.454167 0.378472 0.032407 0.0875
2 0.29537 0.5125 0.037037 0.102778
2 0.861111 0.410417 0.024074 0.081944
2 0.810648 0.231944 0.017593 0.052778
2 0.418056 0.447917 0.037963 0.109722
6 0.472685 0.480556 0.106481 0.138889
6 0.59537 0.343056 0.077778 0.108333
6 0.524537 0.404861 0.076852 0.101389
12 0.70463 0.211111 0.096296 0.155556
2 0.406019 0.39375 0.025 0.0875
2 0.28287 0.440972 0.032407 0.081944
2 0.313426 0.448611 0.036111 0.083333
2 0.368519 0.444444 0.031481 0.097222
2 0.344907 0.413194 0.036111 0.093056
2 0.538426 0.290278 0.017593 0.066667
2 0.852315 0.25 0.019444 0.052778
