2 0.189815 0.704861 0.109259 0.159722
2 0.546759 0.623611 0.062037 0.125
2 0.175926 0.505556 0.044444 0.130556
2 0.336111 0.457639 0.038889 0.106944
2 0.28287 0.523611 0.041667 0.122222
2 0.836111 0.278472 0.018519 0.0625
2 0.474074 0.38125 0.02963 0.073611
2 0.229167 0.479861 0.037963 0.109722
6 0.466204 0.494444 0.130556 0.161111
2 0.276852 0.470833 0.040741 0.1
2 0.311574 0.421528 0.039815 0.098611
2 0.845833 0.231944 0.012037 0.047222
2 0.874074 0.220139 0.011111 0.040278
6 0.839815 0.204167 0.025926 0.047222
6 0.824074 0.192361 0.018519 0.0375
