2 0.161574 0.7375 0.110185 0.130556
2 0.166204 0.536111 0.04537 0.130556
2 0.460648 0.532639 0.039815 0.131944
2 0.227315 0.472917 0.034259 0.120833
2 0.318981 0.515972 0.039815 0.1125
2 0.853704 0.291667 0.02037 0.066667
5 0.626389 0.575694 0.139815 0.173611
6 0.124537 0.885417 0.239815 0.215278
6 0.627315 0.309028 0.065741 0.098611
6 0.561111 0.389583 0.07037 0.109722
6 0.466204 0.452778 0.121296 0.161111
12 0.714352 0.198611 0.100926 0.152778
6 0.701389 0.393056 0.067593 0.105556
2 0.364352 0.459722 0.034259 0.088889
2 0.280556 0.504167 0.042593 0.111111
2 0.463426 0.354167 0.026852 0.080556
2 0.385185 0.3875 0.027778 0.088889
2 0.327315 0.446528 0.036111 0.0875
2 0.169907 0.473611 0.047222 0.111111
