2 0.550463 0.552083 0.04537 0.170833
2 0.425926 0.617361 0.042593 0.181944
2 0.4125 0.813889 0.043519 0.194444
2 0.513426 0.884028 0.05463 0.190278
2 0.643056 0.840972 0.075 0.251389
2 0.734259 0.25625 0.018519 0.073611
2 0.772222 0.551389 0.044444 0.138889
2 0.624074 0.217361 0.024074 0.051389
2 0.715741 0.466667 0.031481 0.108333
6 0.753704 0.40625 0.077778 0.126389
6 0.681481 0.308333 0.075926 0.136111
6 0.676389 0.545139 0.123148 0.184722
6 0.939815 0.795833 0.107407 0.219444
6 0.900926 0.613889 0.174074 0.211111
2 0.777778 0.1875 0.011111 0.044444
6 0.780556 0.140972 0.038889 0.056944
2 0.681944 0.185417 0.017593 0.051389
2 0.701852 0.186806 0.018519 0.043056
