2 0.245833 0.480556 0.043519 0.125
2 0.873148 0.716667 0.051852 0.180556
2 0.764352 0.3875 0.026852 0.102778
2 0.402778 0.390278 0.033333 0.1
2 0.343981 0.510417 0.043519 0.126389
2 0.303241 0.501389 0.04537 0.116667
2 0.369444 0.456944 0.025926 0.1
2 0.834259 0.292361 0.022222 0.073611
6 0.473148 0.477083 0.107407 0.143056
6 0.597222 0.34375 0.075926 0.106944
6 0.525463 0.404167 0.080556 0.105556
6 0.824074 0.250694 0.037037 0.051389
2 0.316667 0.451389 0.031481 0.080556
2 0.341204 0.430556 0.032407 0.086111
2 0.280093 0.4375 0.032407 0.088889
2 0.530556 0.302083 0.018519 0.065278
2 0.867593 0.226389 0.011111 0.038889
6 0.840278 0.216667 0.026852 0.05
0 0.333796 0.345139 0.019444 0.079167
