2 0.551389 0.709722 0.041667 0.2
2 0.789352 0.60625 0.063889 0.165278
2 0.555093 0.525694 0.034259 0.1375
2 0.553241 0.418056 0.032407 0.119444
2 0.30463 0.396528 0.05 0.120833
2 0.068981 0.500694 0.073148 0.140278
2 0.586111 0.360417 0.027778 0.104167
2 0.619444 0.317361 0.022222 0.090278
2 0.664815 0.334028 0.022222 0.0875
2 0.704167 0.326389 0.025 0.088889
2 0.733333 0.353472 0.024074 0.098611
2 0.488889 0.291667 0.035185 0.097222
2 0.54213 0.260417 0.028704 0.081944
2 0.588426 0.222222 0.025 0.063889
2 0.755093 0.2375 0.017593 0.044444
2 0.713889 0.254861 0.02037 0.054167
2 0.723148 0.199306 0.018519 0.045833
2 0.761574 0.188194 0.017593 0.045833
2 0.643519 0.20625 0.016667 0.051389
2 0.680093 0.197222 0.017593 0.052778
2 0.696759 0.215972 0.013889 0.043056
2 0.6625 0.189583 0.017593 0.048611
2 0.783333 0.138889 0.012963 0.036111
2 0.793056 0.129167 0.010185 0.025
2 0.819444 0.201389 0.018519 0.044444
6 0.811574 0.445833 0.100926 0.15
6 0.808796 0.163889 0.039815 0.052778
