6 0.723148 0.348611 0.059259 0.116667
6 0.74213 0.250694 0.062037 0.095833
6 0.651389 0.257639 0.069444 0.101389
6 0.799074 0.919444 0.335185 0.141667
6 0.951852 0.839583 0.081481 0.193056
9 0.174537 0.715972 0.302778 0.268056
11 0.731944 0.1625 0.086111 0.108333
6 0.787037 0.143056 0.038889 0.080556
2 0.590741 0.675 0.109259 0.158333
2 0.713889 0.729167 0.12963 0.161111
2 0.811574 0.670833 0.084259 0.144444
2 0.904167 0.625694 0.089815 0.1375
2 0.3875 0.669444 0.113889 0.147222
2 0.180093 0.536806 0.086111 0.104167
2 0.213426 0.4625 0.067593 0.102778
2 0.092593 0.602083 0.059259 0.109722
2 0.473148 0.354167 0.025926 0.119444
2 0.497222 0.376389 0.027778 0.105556
2 0.551389 0.370833 0.025 0.116667
2 0.574074 0.386111 0.025926 0.111111
2 0.609259 0.377778 0.027778 0.105556
2 0.635648 0.395139 0.034259 0.106944
2 0.66713 0.39375 0.026852 0.1125
2 0.6 0.33125 0.018519 0.073611
2 0.571759 0.288194 0.025 0.084722
