2 0.512963 0.751389 0.124074 0.163889
2 0.634722 0.577083 0.050926 0.179167
2 0.739352 0.591667 0.058333 0.163889
2 0.920833 0.696528 0.082407 0.198611
2 0.435185 0.552778 0.040741 0.141667
2 0.543519 0.525694 0.038889 0.140278
2 0.480093 0.456944 0.030556 0.116667
2 0.452315 0.4125 0.028704 0.108333
2 0.352778 0.422222 0.053704 0.108333
2 0.125926 0.473611 0.075926 0.127778
2 0.260648 0.4125 0.063889 0.111111
2 0.336574 0.369444 0.030556 0.088889
2 0.395833 0.315278 0.025 0.066667
2 0.512963 0.3875 0.02963 0.113889
2 0.548611 0.404167 0.025 0.1
2 0.569907 0.484028 0.030556 0.120833
2 0.605556 0.443056 0.024074 0.125
2 0.653704 0.44375 0.027778 0.118056
2 0.709722 0.391667 0.028704 0.108333
2 0.735648 0.449306 0.032407 0.115278
2 0.755093 0.527778 0.041667 0.130556
2 0.794444 0.454167 0.040741 0.122222
2 0.750926 0.370833 0.027778 0.105556
2 0.798611 0.397222 0.028704 0.05
2 0.869444 0.541667 0.055556 0.144444
2 0.875 0.483333 0.038889 0.088889
2 0.849537 0.446528 0.039815 0.101389
2 0.508796 0.277778 0.034259 0.080556
2 0.551389 0.3 0.021296 0.091667
2 0.547685 0.25625 0.026852 0.073611
2 0.591204 0.259028 0.030556 0.076389
2 0.602778 0.28125 0.024074 0.073611
2 0.575 0.352778 0.02037 0.088889
2 0.686111 0.361806 0.024074 0.095833
2 0.634259 0.400694 0.024074 0.1125
2 0.65787 0.357639 0.019444 0.081944
2 0.801389 0.234722 0.019444 0.075
2 0.750926 0.173611 0.016667 0.055556
2 0.70463 0.246528 0.022222 0.079167
2 0.713426 0.202778 0.021296 0.058333
2 0.656944 0.297222 0.019444 0.083333
2 0.668981 0.238194 0.019444 0.065278
2 0.638889 0.271528 0.02037 0.073611
2 0.616204 0.344444 0.021296 0.077778
0 0.692593 0.122222 0.011111 0.044444
6 0.441204 0.33125 0.113889 0.120833
6 0.751389 0.247222 0.060185 0.086111
6 0.808333 0.15 0.037037 0.05
