2 0.685185 0.715278 0.044444 0.169444
2 0.759259 0.477778 0.02963 0.108333
2 0.751852 0.649306 0.040741 0.148611
2 0.848148 0.486111 0.031481 0.111111
2 0.830556 0.4375 0.025926 0.094444
2 0.849074 0.301389 0.022222 0.066667
2 0.77037 0.277083 0.02037 0.065278
2 0.793981 0.266667 0.017593 0.055556
6 0.772685 0.373611 0.063889 0.088889
6 0.473148 0.366667 0.062963 0.119444
12 0.596296 0.302778 0.188889 0.288889
12 0.224074 0.633333 0.440741 0.666667
2 0.820833 0.258333 0.013889 0.05
5 0.860648 0.206944 0.028704 0.05
