2 0.414352 0.39375 0.037963 0.093056
2 0.759259 0.68125 0.044444 0.168056
2 0.637963 0.644444 0.042593 0.161111
2 0.589815 0.528472 0.044444 0.120833
2 0.7125 0.60625 0.034259 0.1375
2 0.730556 0.346528 0.022222 0.0875
2 0.709722 0.477083 0.030556 0.104167
2 0.755556 0.494444 0.031481 0.102778
2 0.7875 0.3875 0.025 0.088889
2 0.745833 0.430556 0.026852 0.086111
6 0.676389 0.413194 0.078704 0.109722
5 0.83287 0.452778 0.082407 0.136111
12 0.752778 0.165972 0.068519 0.123611
2 0.550926 0.290972 0.024074 0.070833
2 0.860185 0.297917 0.018519 0.059722
2 0.836111 0.279861 0.016667 0.056944
2 0.80463 0.254167 0.016667 0.055556
6 0.807407 0.196528 0.025926 0.048611
