0 0.905556 0.443056 0.025926 0.108333
2 0.396296 0.704861 0.107407 0.173611
2 0.83287 0.499306 0.04537 0.134722
2 0.824074 0.635417 0.090741 0.1125
2 0.481019 0.290972 0.032407 0.090278
2 0.896759 0.834722 0.123148 0.172222
2 0.571759 0.284722 0.025 0.091667
2 0.44537 0.625694 0.088889 0.1375
2 0.662963 0.640972 0.092593 0.123611
2 0.531019 0.665278 0.099074 0.127778
2 0.759259 0.235417 0.016667 0.065278
2 0.584722 0.230556 0.023148 0.063889
2 0.706481 0.852778 0.144444 0.241667
2 0.639815 0.196528 0.022222 0.054167
6 0.7125 0.245833 0.056481 0.097222
2 0.460648 0.210417 0.028704 0.056944
2 0.788889 0.188194 0.02037 0.068056
