0 0.52963 0.858333 0.064815 0.194444
2 0.131944 0.823611 0.130556 0.188889
2 0.372222 0.525694 0.044444 0.1375
2 0.231944 0.484028 0.047222 0.106944
2 0.825 0.265972 0.016667 0.0625
2 0.341667 0.507639 0.033333 0.098611
2 0.263426 0.516667 0.039815 0.116667
2 0.861111 0.277083 0.02037 0.070833
2 0.311574 0.472222 0.036111 0.116667
2 0.803704 0.25 0.018519 0.055556
2 0.643056 0.238889 0.017593 0.052778
2 0.411111 0.445833 0.031481 0.111111
6 0.501389 0.456944 0.10463 0.136111
6 0.704167 0.373611 0.069444 0.086111
6 0.455093 0.402778 0.078704 0.108333
6 0.731019 0.214583 0.036111 0.056944
11 0.644444 0.550694 0.185185 0.334722
12 0.82037 0.158333 0.038889 0.094444
2 0.675463 0.239583 0.015741 0.051389
2 0.377778 0.452778 0.027778 0.097222
2 0.353704 0.442361 0.024074 0.076389
2 0.28287 0.44375 0.028704 0.104167
2 0.360185 0.397917 0.027778 0.070833
2 0.410648 0.375694 0.023148 0.065278
2 0.385648 0.361806 0.026852 0.076389
2 0.460648 0.320833 0.023148 0.058333
