2 0.36713 0.661111 0.102778 0.152778
2 0.258333 0.740278 0.096296 0.172222
2 0.615278 0.793056 0.126852 0.163889
2 0.55463 0.710417 0.118519 0.151389
2 0.589815 0.2625 0.02963 0.091667
2 0.679167 0.403472 0.032407 0.129167
2 0.149074 0.668056 0.096296 0.133333
2 0.948611 0.69375 0.084259 0.156944
2 0.467593 0.304167 0.040741 0.086111
2 0.139352 0.51875 0.076852 0.104167
2 0.772685 0.742361 0.091667 0.1375
2 0.888426 0.793056 0.115741 0.127778
0 0.811111 0.569444 0.025926 0.122222
2 0.770833 0.229167 0.015741 0.061111
2 0.745833 0.251389 0.017593 0.066667
2 0.161574 0.829167 0.137963 0.175
5 0.699074 0.263194 0.055556 0.090278
2 0.718519 0.190278 0.018519 0.052778
2 0.738426 0.170139 0.013889 0.048611
2 0.789352 0.163194 0.015741 0.045833
2 0.809722 0.156944 0.015741 0.05
2 0.776852 0.163194 0.012963 0.043056
0 0.726389 0.674306 0.041667 0.095833
0 0.755556 0.588889 0.018519 0.105556
0 0.769444 0.654861 0.024074 0.106944
