2 0.915278 0.724306 0.082407 0.2125
2 0.512963 0.577778 0.046296 0.172222
2 0.43287 0.35625 0.043519 0.118056
2 0.039815 0.498611 0.057407 0.105556
2 0.3125 0.422222 0.047222 0.086111
2 0.231944 0.438194 0.052778 0.104167
2 0.727778 0.454167 0.037037 0.130556
2 0.694444 0.268056 0.025926 0.069444
2 0.674074 0.344444 0.025926 0.094444
2 0.649537 0.325 0.021296 0.083333
2 0.682407 0.402778 0.027778 0.1
6 0.863426 0.539583 0.147222 0.184722
6 0.684722 0.566667 0.14537 0.258333
6 0.758796 0.354861 0.062037 0.115278
6 0.592593 0.278472 0.090741 0.104167
6 0.597685 0.379167 0.084259 0.180556
2 0.77037 0.286111 0.02037 0.069444
2 0.736111 0.277083 0.018519 0.065278
2 0.444907 0.267361 0.030556 0.0875
