2 0.565741 0.623611 0.057407 0.138889
2 0.785648 0.683333 0.043519 0.172222
2 0.217593 0.488889 0.042593 0.122222
2 0.800463 0.298611 0.021296 0.069444
2 0.754167 0.348611 0.023148 0.083333
2 0.290278 0.534028 0.060185 0.140278
2 0.847685 0.401389 0.026852 0.091667
2 0.408333 0.463194 0.035185 0.104167
2 0.35787 0.505556 0.032407 0.119444
2 0.423148 0.393056 0.035185 0.083333
6 0.826389 0.235417 0.032407 0.048611
11 0.521296 0.372917 0.159259 0.276389
12 0.663889 0.236806 0.12963 0.209722
2 0.351389 0.421528 0.037963 0.084722
2 0.313426 0.40625 0.039815 0.0875
2 0.260648 0.486111 0.032407 0.138889
2 0.871296 0.269444 0.014815 0.055556
11 0.8 0.19375 0.027778 0.070833
12 0.738889 0.186111 0.061111 0.122222
