2 0.401852 0.346528 0.037037 0.098611
2 0.448148 0.485417 0.037037 0.140278
2 0.631481 0.375 0.027778 0.111111
2 0.580093 0.35 0.025 0.1
2 0.517593 0.384028 0.02963 0.101389
2 0.433333 0.409722 0.031481 0.113889
2 0.605556 0.339583 0.024074 0.101389
2 0.626389 0.293056 0.021296 0.069444
6 0.13287 0.577778 0.225 0.2
6 0.72037 0.328472 0.064815 0.129167
6 0.713426 0.197222 0.058333 0.063889
6 0.748148 0.239583 0.055556 0.076389
11 0.832407 0.511111 0.216667 0.355556
11 0.538426 0.556944 0.102778 0.244444
4 0.661574 0.217361 0.036111 0.081944
11 0.771759 0.147222 0.049074 0.088889
2 0.764815 0.302778 0.024074 0.088889
2 0.619444 0.211806 0.022222 0.059722
2 0.780093 0.184722 0.019444 0.044444
2 0.685185 0.172917 0.02037 0.043056
