2 0.624537 0.803472 0.139815 0.165278
2 0.740278 0.741667 0.112037 0.141667
2 0.806481 0.765278 0.118519 0.116667
2 0.886111 0.647222 0.107407 0.147222
2 0.72963 0.682639 0.098148 0.134722
2 0.305093 0.740972 0.123148 0.165278
2 0.368981 0.675694 0.117593 0.151389
2 0.439815 0.617361 0.111111 0.145833
2 0.178241 0.673611 0.113889 0.166667
2 0.356019 0.282639 0.032407 0.0875
2 0.548611 0.384028 0.030556 0.106944
2 0.596759 0.375694 0.028704 0.1125
2 0.646759 0.382639 0.030556 0.109722
2 0.700463 0.408333 0.028704 0.097222
2 0.759259 0.411111 0.033333 0.119444
2 0.79213 0.4125 0.030556 0.119444
2 0.766204 0.300694 0.025 0.0875
2 0.784259 0.235417 0.018519 0.065278
2 0.668519 0.282639 0.018519 0.076389
2 0.643981 0.315972 0.025 0.0875
2 0.645833 0.25625 0.021296 0.073611
2 0.626389 0.215278 0.017593 0.066667
2 0.674074 0.208333 0.02037 0.072222
2 0.69537 0.172222 0.022222 0.063889
2 0.499074 0.330556 0.024074 0.102778
2 0.457407 0.346528 0.033333 0.101389
2 0.437037 0.338194 0.022222 0.093056
6 0.102778 0.864583 0.198148 0.251389
6 0.833333 0.890278 0.322222 0.202778
6 0.584259 0.321528 0.083333 0.104167
11 0.718981 0.304861 0.065741 0.173611
11 0.767593 0.15 0.057407 0.094444
