2 0.641667 0.745139 0.046296 0.173611
2 0.739815 0.527083 0.033333 0.126389
2 0.725463 0.740972 0.04537 0.170833
2 0.681481 0.880556 0.051852 0.186111
2 0.586111 0.881944 0.062963 0.191667
2 0.789352 0.545139 0.032407 0.126389
2 0.811574 0.490972 0.030556 0.109722
2 0.850926 0.379167 0.024074 0.080556
2 0.810185 0.38125 0.024074 0.081944
2 0.766667 0.366667 0.024074 0.083333
6 0.431019 0.411806 0.09537 0.115278
12 0.210648 0.657639 0.408333 0.643056
11 0.637037 0.266667 0.118519 0.191667
12 0.726389 0.19375 0.069444 0.134722
12 0.372222 0.8125 0.224074 0.341667
2 0.799537 0.339583 0.021296 0.070833
2 0.863426 0.330556 0.023148 0.063889
2 0.523148 0.304167 0.012963 0.061111
2 0.548148 0.309722 0.024074 0.075
2 0.448148 0.336111 0.025926 0.052778
2 0.766204 0.271528 0.017593 0.051389
2 0.82037 0.304167 0.016667 0.055556
