2 0.793981 0.371528 0.026852 0.104167
2 0.94213 0.727778 0.097222 0.147222
2 0.374074 0.345833 0.035185 0.091667
2 0.590741 0.3625 0.024074 0.091667
2 0.286111 0.4 0.044444 0.094444
2 0.770833 0.256944 0.019444 0.075
2 0.7 0.200694 0.02037 0.054167
2 0.756944 0.411111 0.026852 0.108333
2 0.630556 0.388889 0.025926 0.097222
2 0.452315 0.379167 0.026852 0.094444
2 0.490278 0.349306 0.023148 0.093056
2 0.698148 0.352778 0.025926 0.091667
2 0.735648 0.202083 0.017593 0.051389
6 0.474074 0.727778 0.298148 0.25
6 0.724074 0.283333 0.055556 0.086111
2 0.736111 0.370139 0.025926 0.104167
2 0.6625 0.397917 0.026852 0.098611
2 0.672222 0.324306 0.018519 0.073611
2 0.651852 0.334028 0.027778 0.090278
2 0.606944 0.304861 0.030556 0.093056
2 0.660648 0.267361 0.017593 0.065278
2 0.560185 0.373611 0.024074 0.094444
2 0.573611 0.318056 0.019444 0.083333
2 0.544444 0.344444 0.025926 0.1
2 0.52963 0.279861 0.035185 0.059722
2 0.606019 0.227778 0.023148 0.072222
2 0.416204 0.335417 0.030556 0.095833
2 0.440278 0.345833 0.030556 0.105556
2 0.468981 0.345833 0.025 0.091667
2 0.724074 0.484028 0.0 0.001389
