2 0.710185 0.759722 0.125926 0.163889
2 0.731481 0.636806 0.133333 0.1375
2 0.77037 0.715278 0.090741 0.130556
2 0.904167 0.591667 0.099074 0.119444
2 0.952778 0.648611 0.083333 0.136111
2 0.953241 0.865278 0.082407 0.172222
2 0.536574 0.569444 0.100926 0.141667
2 0.440741 0.595139 0.098148 0.126389
2 0.330556 0.545139 0.094444 0.129167
2 0.320833 0.611806 0.084259 0.0875
2 0.199537 0.559028 0.09537 0.134722
2 0.05787 0.594444 0.087963 0.15
2 0.517593 0.363194 0.031481 0.109722
2 0.530556 0.331944 0.024074 0.1
2 0.621759 0.315972 0.026852 0.093056
2 0.606944 0.298611 0.021296 0.105556
2 0.581019 0.280556 0.023148 0.083333
2 0.558333 0.274306 0.02037 0.090278
2 0.673611 0.258333 0.021296 0.080556
2 0.699537 0.205556 0.017593 0.063889
2 0.733333 0.191667 0.014815 0.058333
2 0.695833 0.165278 0.015741 0.047222
2 0.803241 0.172222 0.015741 0.05
2 0.809259 0.202778 0.014815 0.063889
2 0.810648 0.113194 0.012037 0.040278
6 0.723611 0.298611 0.056481 0.105556
6 0.764815 0.217361 0.05 0.073611
6 0.377315 0.735417 0.287963 0.220833
6 0.174074 0.847222 0.335185 0.288889
