6 0.425463 0.547917 0.100926 0.256944
6 0.744907 0.452083 0.102778 0.193056
6 0.963426 0.726389 0.060185 0.202778
6 0.676852 0.220833 0.062963 0.086111
6 0.768056 0.213194 0.052778 0.079167
6 0.762037 0.158333 0.038889 0.05
6 0.610648 0.157639 0.052778 0.056944
2 0.623148 0.491667 0.040741 0.147222
2 0.668519 0.648611 0.055556 0.219444
2 0.865741 0.770833 0.083333 0.230556
2 0.35787 0.388889 0.043519 0.1
2 0.549074 0.259028 0.027778 0.084722
2 0.609722 0.244444 0.021296 0.069444
2 0.662963 0.302778 0.018519 0.069444
2 0.729167 0.252083 0.023148 0.076389
2 0.65463 0.165972 0.014815 0.040278
2 0.714352 0.165278 0.013889 0.044444
2 0.814815 0.156944 0.014815 0.044444
2 0.799537 0.122222 0.012037 0.038889
2 0.847685 0.406944 0.041667 0.1
