2 0.418981 0.517361 0.036111 0.1375
2 0.402315 0.431944 0.030556 0.119444
2 0.45 0.384722 0.031481 0.102778
2 0.800926 0.424306 0.033333 0.101389
2 0.450463 0.309028 0.034259 0.0875
2 0.791667 0.370139 0.027778 0.098611
2 0.635185 0.379167 0.022222 0.094444
6 0.669444 0.345139 0.064815 0.115278
2 0.589352 0.441667 0.056481 0.119444
11 0.556944 0.309722 0.123148 0.147222
6 0.627778 0.261111 0.051852 0.083333
2 0.586111 0.386806 0.02963 0.090278
2 0.599537 0.3625 0.019444 0.088889
2 0.672222 0.439583 0.025926 0.109722
2 0.705556 0.425 0.027778 0.113889
2 0.736574 0.414583 0.021296 0.106944
2 0.766204 0.393056 0.021296 0.119444
2 0.743519 0.358333 0.02963 0.116667
2 0.723611 0.324306 0.021296 0.0875
2 0.690741 0.272917 0.02037 0.076389
2 0.775926 0.163889 0.012963 0.05
2 0.808796 0.128472 0.012037 0.045833
2 0.706944 0.346528 0.019444 0.068056
