2 0.925 0.748611 0.090741 0.197222
2 0.037037 0.638889 0.051852 0.194444
2 0.620833 0.563194 0.050926 0.145833
2 0.503704 0.405556 0.02963 0.111111
2 0.5875 0.453472 0.032407 0.120833
2 0.094444 0.486111 0.068519 0.094444
2 0.635185 0.391667 0.025926 0.113889
2 0.463889 0.35 0.024074 0.086111
2 0.948148 0.459028 0.055556 0.1125
2 0.706944 0.51875 0.041667 0.1375
2 0.211574 0.429861 0.047222 0.126389
2 0.552315 0.453472 0.028704 0.106944
2 0.513426 0.295139 0.028704 0.084722
2 0.781944 0.354167 0.025 0.097222
2 0.474074 0.313889 0.02037 0.075
2 0.551852 0.381944 0.025926 0.080556
6 0.801389 0.502083 0.132407 0.170833
6 0.789815 0.202083 0.05 0.073611
6 0.726852 0.209722 0.055556 0.072222
6 0.576852 0.301389 0.077778 0.086111
6 0.7375 0.299306 0.056481 0.109722
11 0.355556 0.499306 0.307407 0.2875
2 0.679167 0.311806 0.021296 0.0625
2 0.664815 0.3875 0.02037 0.097222
6 0.640278 0.261111 0.069444 0.088889
