11 0.844907 0.713194 0.297222 0.548611
2 0.581481 0.552778 0.037037 0.158333
2 0.488426 0.4875 0.028704 0.130556
2 0.490278 0.358333 0.032407 0.102778
2 0.543519 0.395833 0.031481 0.122222
2 0.594444 0.338889 0.024074 0.105556
2 0.551852 0.252778 0.027778 0.077778
2 0.647685 0.224306 0.023148 0.068056
2 0.693519 0.222222 0.02037 0.061111
2 0.707407 0.261111 0.02037 0.058333
2 0.718056 0.311111 0.021296 0.083333
2 0.724074 0.275 0.027778 0.061111
2 0.743056 0.356944 0.025 0.083333
2 0.738426 0.411111 0.026852 0.102778
2 0.693056 0.463194 0.026852 0.1375
2 0.850463 0.422917 0.028704 0.065278
2 0.776389 0.352083 0.028704 0.109722
2 0.732407 0.213889 0.016667 0.072222
2 0.747685 0.179167 0.017593 0.058333
2 0.767593 0.152083 0.012963 0.054167
2 0.812963 0.123611 0.014815 0.047222
2 0.822685 0.139583 0.010185 0.045833
0 0.514815 0.203472 0.016667 0.059722
6 0.646759 0.389583 0.073148 0.151389
