2 0.721759 0.415278 0.026852 0.102778
2 0.810185 0.702778 0.044444 0.163889
2 0.379167 0.424306 0.039815 0.115278
2 0.767593 0.372222 0.024074 0.080556
2 0.605093 0.253472 0.019444 0.056944
2 0.838889 0.452778 0.025926 0.1
2 0.821759 0.392361 0.025 0.0875
2 0.868981 0.393056 0.025 0.088889
2 0.808796 0.35625 0.023148 0.076389
11 0.260648 0.786111 0.487963 0.419444
11 0.750463 0.252083 0.073148 0.131944
2 0.84213 0.284722 0.015741 0.063889
2 0.814815 0.2875 0.014815 0.055556
2 0.866667 0.236111 0.011111 0.047222
2 0.84213 0.238194 0.013889 0.048611
6 0.742593 0.165972 0.027778 0.043056
6 0.775 0.171528 0.022222 0.0375
6 0.794907 0.152778 0.025 0.041667
