2 0.627315 0.765972 0.115741 0.159722
2 0.761574 0.733333 0.110185 0.163889
2 0.868056 0.649306 0.09537 0.151389
2 0.67963 0.659722 0.103704 0.144444
2 0.487037 0.711806 0.114815 0.170833
2 0.400926 0.652083 0.098148 0.140278
2 0.346759 0.738194 0.119444 0.159722
2 0.282407 0.626389 0.105556 0.155556
2 0.153241 0.659028 0.110185 0.1375
2 0.144444 0.581944 0.090741 0.130556
2 0.068056 0.568056 0.089815 0.147222
2 0.025 0.623611 0.038889 0.083333
2 0.057407 0.488889 0.074074 0.122222
2 0.221296 0.442361 0.061111 0.123611
2 0.788889 0.397917 0.027778 0.106944
2 0.650463 0.377778 0.025 0.094444
2 0.658796 0.34375 0.023148 0.081944
2 0.603241 0.376389 0.025 0.1
2 0.57963 0.352083 0.024074 0.1125
2 0.547222 0.363194 0.024074 0.104167
2 0.516667 0.354167 0.031481 0.1
2 0.487037 0.377083 0.022222 0.104167
2 0.489352 0.315972 0.023148 0.068056
2 0.577315 0.298611 0.019444 0.061111
2 0.576852 0.236806 0.025926 0.070833
2 0.669907 0.247917 0.019444 0.070833
2 0.775 0.218056 0.016667 0.066667
2 0.683796 0.204167 0.021296 0.058333
2 0.633796 0.199306 0.021296 0.068056
2 0.661111 0.211111 0.02037 0.058333
2 0.724074 0.168056 0.02037 0.047222
2 0.738889 0.18125 0.02037 0.051389
2 0.786574 0.164583 0.013889 0.043056
2 0.819907 0.188889 0.015741 0.055556
6 0.924537 0.904167 0.137963 0.169444
6 0.103241 0.822917 0.187963 0.234722
6 0.722685 0.357639 0.065741 0.143056
6 0.609722 0.161806 0.052778 0.070833
11 0.356481 0.903472 0.566667 0.181944
