2 0.38287 0.674306 0.043519 0.195833
2 0.47037 0.827083 0.059259 0.251389
2 0.483796 0.50625 0.036111 0.140278
2 0.494907 0.675 0.049074 0.177778
2 0.551852 0.417361 0.037037 0.143056
2 0.648611 0.254167 0.023148 0.072222
2 0.635648 0.208333 0.019444 0.055556
6 0.66713 0.820833 0.206481 0.330556
6 0.799074 0.190972 0.048148 0.073611
6 0.725 0.180556 0.048148 0.052778
11 0.747685 0.36875 0.123148 0.279167
6 0.753704 0.234028 0.046296 0.059722
2 0.760185 0.161111 0.014815 0.047222
2 0.748148 0.139583 0.011111 0.040278
