2 0.588889 0.669444 0.101852 0.141667
2 0.311111 0.690278 0.109259 0.136111
2 0.449537 0.349306 0.028704 0.098611
2 0.549537 0.364583 0.025 0.095833
2 0.809259 0.421528 0.02963 0.095833
2 0.497222 0.35625 0.025926 0.104167
2 0.189815 0.65 0.077778 0.144444
2 0.135185 0.463889 0.059259 0.097222
2 0.764352 0.427778 0.030556 0.105556
2 0.522222 0.322917 0.024074 0.0875
2 0.614352 0.379167 0.030556 0.1
2 0.659259 0.381944 0.025926 0.097222
2 0.585185 0.372917 0.027778 0.104167
2 0.785648 0.388889 0.030556 0.1
6 0.736111 0.318056 0.051852 0.086111
5 0.747222 0.272917 0.048148 0.076389
11 0.182407 0.7875 0.357407 0.377778
2 0.043519 0.549306 0.077778 0.126389
2 0.95463 0.723611 0.083333 0.155556
2 0.731944 0.392361 0.036111 0.115278
2 0.686111 0.358333 0.024074 0.108333
2 0.485185 0.340972 0.024074 0.106944
2 0.564352 0.325 0.021296 0.094444
2 0.587037 0.323611 0.02037 0.063889
2 0.585648 0.280556 0.017593 0.05
2 0.622685 0.309722 0.015741 0.055556
2 0.62963 0.358333 0.02037 0.077778
2 0.657407 0.328472 0.024074 0.070833
2 0.639815 0.294444 0.016667 0.072222
2 0.677778 0.281944 0.02037 0.075
2 0.598148 0.217361 0.025926 0.068056
0 0.802778 0.295833 0.014815 0.075
2 0.73287 0.178472 0.023148 0.056944
