2 0.414815 0.670139 0.090741 0.156944
2 0.738426 0.522917 0.034259 0.120833
2 0.183333 0.478472 0.062963 0.123611
2 0.839352 0.427778 0.028704 0.097222
2 0.809259 0.289583 0.02037 0.0625
2 0.863426 0.31875 0.021296 0.076389
6 0.348148 0.464583 0.12037 0.131944
6 0.456481 0.465278 0.12037 0.180556
6 0.777315 0.371528 0.056481 0.090278
6 0.695833 0.380556 0.065741 0.088889
6 0.799074 0.20625 0.035185 0.048611
2 0.863426 0.285417 0.013889 0.051389
2 0.864352 0.240972 0.015741 0.054167
2 0.84213 0.264583 0.013889 0.045833
2 0.534259 0.298611 0.022222 0.072222
