2 0.664815 0.330556 0.024074 0.088889
2 0.640741 0.713194 0.061111 0.218056
2 0.706019 0.35 0.026852 0.094444
2 0.759259 0.551389 0.05 0.141667
2 0.087037 0.502083 0.085185 0.131944
2 0.624537 0.31875 0.025 0.098611
2 0.679167 0.463194 0.037963 0.123611
2 0.528704 0.376389 0.044444 0.119444
2 0.529167 0.341667 0.036111 0.088889
6 0.956019 0.790278 0.080556 0.2
6 0.638889 0.195139 0.061111 0.065278
2 0.747222 0.225 0.014815 0.063889
2 0.784722 0.172917 0.017593 0.0625
2 0.690741 0.209722 0.016667 0.058333
