6 0.763426 0.192361 0.047222 0.0625
2 0.640278 0.494444 0.037963 0.147222
2 0.740741 0.663889 0.064815 0.191667
2 0.880093 0.679167 0.09537 0.186111
2 0.950463 0.896528 0.082407 0.184722
2 0.193981 0.459722 0.067593 0.136111
2 0.672685 0.2375 0.021296 0.075
2 0.648148 0.221528 0.02037 0.068056
2 0.686574 0.210417 0.019444 0.0625
0 0.75 0.436806 0.02963 0.106944
0 0.969907 0.495139 0.036111 0.109722
2 0.792593 0.152083 0.012963 0.051389
2 0.808796 0.131944 0.012037 0.047222
2 0.760648 0.150694 0.015741 0.043056
2 0.751389 0.14375 0.013889 0.043056
