6 0.536111 0.274306 0.098148 0.101389
6 0.619444 0.302083 0.074074 0.095833
6 0.724537 0.327083 0.065741 0.131944
6 0.60787 0.160417 0.05463 0.0625
6 0.805556 0.160417 0.037037 0.054167
2 0.602778 0.784722 0.12037 0.180556
2 0.794907 0.745139 0.117593 0.165278
2 0.775463 0.718056 0.106481 0.158333
2 0.382407 0.718056 0.116667 0.155556
2 0.409722 0.633333 0.106481 0.141667
2 0.178704 0.783333 0.127778 0.175
2 0.211574 0.465972 0.071296 0.129167
2 0.05463 0.602083 0.094444 0.148611
2 0.04537 0.549306 0.074074 0.109722
2 0.700463 0.460417 0.04537 0.140278
2 0.763426 0.464583 0.039815 0.123611
2 0.798611 0.456944 0.026852 0.113889
2 0.853241 0.477778 0.036111 0.119444
2 0.838889 0.422917 0.031481 0.093056
2 0.660648 0.382639 0.026852 0.1125
2 0.545833 0.378472 0.026852 0.101389
2 0.584259 0.376389 0.02963 0.097222
2 0.501852 0.356944 0.02963 0.088889
2 0.622222 0.223611 0.024074 0.063889
2 0.693519 0.24375 0.02037 0.065278
2 0.754167 0.18125 0.017593 0.0625
2 0.72963 0.175 0.012963 0.05
2 0.799537 0.186111 0.017593 0.055556
2 0.775463 0.148611 0.017593 0.055556
2 0.759722 0.308333 0.019444 0.080556
2 0.783333 0.351389 0.025926 0.086111
2 0.788889 0.31875 0.022222 0.054167
2 0.749537 0.404167 0.023148 0.086111
