2 0.436111 0.715972 0.046296 0.206944
2 0.603704 0.627778 0.046296 0.169444
2 0.711574 0.677778 0.062037 0.177778
2 0.793056 0.640278 0.067593 0.169444
2 0.827315 0.597222 0.063889 0.172222
2 0.891204 0.595139 0.067593 0.151389
2 0.956481 0.566667 0.062963 0.15
2 0.955093 0.904167 0.076852 0.175
2 0.431944 0.554861 0.036111 0.134722
2 0.50787 0.525694 0.034259 0.148611
2 0.35 0.480556 0.037037 0.144444
2 0.250463 0.427083 0.04537 0.1125
2 0.209259 0.572917 0.048148 0.151389
2 0.536574 0.415278 0.028704 0.122222
2 0.486111 0.449306 0.02963 0.131944
2 0.590741 0.409028 0.02963 0.115278
2 0.629167 0.439583 0.023148 0.118056
2 0.674074 0.443056 0.035185 0.125
2 0.731481 0.501389 0.037037 0.155556
2 0.760185 0.451389 0.02963 0.125
2 0.80787 0.470139 0.041667 0.1125
2 0.852315 0.468056 0.039815 0.122222
2 0.795833 0.396528 0.025 0.106944
2 0.794907 0.322917 0.019444 0.056944
2 0.773148 0.334722 0.012963 0.05
2 0.773611 0.223611 0.015741 0.055556
2 0.788426 0.275 0.021296 0.066667
2 0.583796 0.231944 0.025 0.069444
2 0.609722 0.208333 0.019444 0.047222
2 0.636574 0.234722 0.019444 0.052778
2 0.659722 0.227083 0.013889 0.0375
2 0.685185 0.185417 0.02037 0.048611
2 0.702315 0.176389 0.021296 0.05
2 0.726852 0.202778 0.014815 0.047222
2 0.74213 0.145833 0.008333 0.044444
2 0.634722 0.356944 0.021296 0.069444
2 0.661574 0.33125 0.019444 0.0625
2 0.684259 0.383333 0.025926 0.086111
2 0.681944 0.279167 0.025 0.086111
6 0.430556 0.353472 0.12037 0.145833
6 0.603241 0.316667 0.078704 0.1
6 0.725 0.330556 0.062963 0.133333
6 0.728241 0.263889 0.047222 0.05
6 0.805556 0.182639 0.040741 0.0625
6 0.608333 0.161111 0.055556 0.063889
