9 0.794907 0.133333 0.075 0.116667
2 0.690741 0.288889 0.02037 0.072222
2 0.477315 0.563194 0.034259 0.165278
2 0.54213 0.834722 0.062037 0.283333
2 0.463426 0.9 0.056481 0.186111
2 0.394907 0.964583 0.032407 0.045833
2 0.447685 0.250694 0.026852 0.0625
2 0.700926 0.215278 0.024074 0.069444
2 0.680556 0.19375 0.025926 0.068056
2 0.742593 0.202778 0.018519 0.052778
2 0.971296 0.495139 0.038889 0.079167
0 0.384259 0.252083 0.018519 0.076389
0 0.944444 0.470833 0.02037 0.108333
6 0.72037 0.147222 0.051852 0.063889
6 0.809722 0.632639 0.169444 0.2875
6 0.559259 0.315972 0.085185 0.101389
6 0.593519 0.471528 0.083333 0.2125
2 0.553704 0.390972 0.02963 0.1125
