2 0.480093 0.690278 0.036111 0.194444
2 0.688889 0.45625 0.040741 0.115278
2 0.791667 0.582639 0.055556 0.1625
2 0.924074 0.623611 0.072222 0.166667
2 0.961111 0.745833 0.066667 0.158333
2 0.801852 0.497222 0.042593 0.116667
2 0.606481 0.35625 0.027778 0.106944
2 0.412963 0.372222 0.048148 0.080556
2 0.489352 0.286806 0.030556 0.081944
2 0.546759 0.288889 0.030556 0.094444
2 0.6 0.279167 0.027778 0.083333
2 0.661111 0.276389 0.025926 0.086111
2 0.597685 0.218056 0.025 0.066667
2 0.696296 0.210417 0.022222 0.0625
2 0.680556 0.179861 0.018519 0.059722
2 0.768519 0.1625 0.02037 0.061111
2 0.757407 0.141667 0.014815 0.052778
6 0.828704 0.825694 0.264815 0.323611
6 0.762963 0.236806 0.051852 0.073611
6 0.818056 0.160417 0.030556 0.068056
