6 0.633796 0.448611 0.073148 0.144444
6 0.952315 0.722222 0.084259 0.216667
6 0.764352 0.227778 0.05463 0.088889
6 0.816667 0.1625 0.031481 0.075
2 0.501852 0.477083 0.031481 0.1375
2 0.77963 0.625 0.057407 0.175
2 0.781481 0.517361 0.053704 0.145833
2 0.762963 0.45 0.031481 0.091667
2 0.698148 0.370833 0.027778 0.102778
2 0.646759 0.334722 0.028704 0.088889
2 0.651389 0.275694 0.017593 0.068056
2 0.618056 0.305556 0.025 0.091667
2 0.555093 0.3125 0.025 0.108333
2 0.708333 0.25625 0.024074 0.070833
2 0.724537 0.188889 0.017593 0.052778
2 0.786111 0.159028 0.014815 0.043056
2 0.765278 0.13125 0.012037 0.040278
2 0.775463 0.14375 0.012037 0.0375
2 0.799074 0.123611 0.016667 0.038889
