2 0.777315 0.720139 0.04537 0.170833
2 0.775926 0.527083 0.031481 0.118056
2 0.872222 0.513194 0.02963 0.1125
2 0.776852 0.40625 0.024074 0.090278
2 0.85463 0.423611 0.024074 0.086111
2 0.82037 0.404167 0.024074 0.088889
2 0.802778 0.372917 0.024074 0.084722
2 0.8125 0.936111 0.058333 0.102778
6 0.263426 0.540278 0.162037 0.169444
6 0.66713 0.698611 0.132407 0.225
6 0.702778 0.244444 0.040741 0.066667
12 0.522222 0.400694 0.287037 0.445833
6 0.751389 0.165278 0.032407 0.041667
12 0.791204 0.140278 0.034259 0.075
2 0.681944 0.300694 0.012037 0.065278
2 0.812963 0.295139 0.018519 0.051389
2 0.866667 0.247917 0.014815 0.048611
