2 0.646759 0.795139 0.137963 0.168056
2 0.653704 0.686111 0.107407 0.138889
2 0.886574 0.747222 0.119444 0.15
2 0.892593 0.669444 0.103704 0.119444
2 0.410185 0.74375 0.116667 0.154167
2 0.458796 0.697917 0.119444 0.151389
2 0.454167 0.611806 0.112037 0.143056
2 0.328241 0.686111 0.106481 0.141667
2 0.301389 0.573611 0.091667 0.130556
2 0.057407 0.563194 0.081481 0.126389
2 0.058333 0.689583 0.096296 0.145833
2 0.162963 0.788889 0.122222 0.169444
2 0.026852 0.786806 0.042593 0.095833
2 0.537037 0.353472 0.024074 0.098611
2 0.567593 0.358333 0.031481 0.105556
2 0.453704 0.291667 0.038889 0.086111
2 0.575926 0.223611 0.024074 0.063889
2 0.596296 0.224306 0.024074 0.070833
2 0.591667 0.279861 0.02037 0.0875
2 0.640278 0.269444 0.021296 0.077778
2 0.652315 0.311111 0.023148 0.094444
2 0.6625 0.359722 0.030556 0.105556
2 0.611111 0.329167 0.024074 0.102778
2 0.73287 0.284722 0.021296 0.072222
2 0.691204 0.285417 0.019444 0.070833
2 0.683796 0.233333 0.023148 0.061111
2 0.7 0.186806 0.024074 0.051389
2 0.724074 0.225694 0.02037 0.059722
2 0.737037 0.183333 0.014815 0.05
2 0.810185 0.208333 0.016667 0.058333
2 0.765278 0.166667 0.019444 0.047222
1 0.862963 0.565278 0.083333 0.130556
0 0.272685 0.422222 0.037963 0.113889
0 0.389815 0.2375 0.018519 0.066667
6 0.796759 0.898611 0.382407 0.183333
6 0.775 0.228472 0.057407 0.084722
