2 0.324074 0.725 0.107407 0.163889
2 0.119907 0.750694 0.108333 0.179167
2 0.82037 0.741667 0.109259 0.161111
2 0.453704 0.671528 0.105556 0.151389
2 0.412963 0.415278 0.02963 0.111111
2 0.594907 0.400694 0.028704 0.106944
2 0.498148 0.419444 0.031481 0.122222
2 0.796759 0.404861 0.028704 0.093056
2 0.767593 0.391667 0.024074 0.1
2 0.65463 0.388194 0.027778 0.098611
2 0.544444 0.373611 0.025926 0.094444
2 0.788889 0.348611 0.027778 0.075
6 0.721296 0.340278 0.053704 0.105556
6 0.72963 0.267361 0.046296 0.070833
6 0.653241 0.283333 0.071296 0.1
11 0.632407 0.210417 0.094444 0.090278
2 0.473611 0.356944 0.028704 0.113889
2 0.444907 0.354167 0.028704 0.105556
2 0.525463 0.346528 0.019444 0.0875
2 0.543519 0.311806 0.014815 0.065278
2 0.564815 0.347222 0.024074 0.094444
2 0.576389 0.286111 0.025 0.083333
2 0.593056 0.343056 0.021296 0.080556
2 0.631019 0.367361 0.019444 0.095833
2 0.654167 0.339583 0.023148 0.070833
2 0.774074 0.304861 0.018519 0.070833
2 0.780093 0.228472 0.015741 0.065278
2 0.763889 0.253472 0.016667 0.068056
2 0.780556 0.175 0.014815 0.055556
2 0.823611 0.122917 0.013889 0.040278
2 0.7125 0.213194 0.013889 0.051389
