2 0.607407 0.695833 0.105556 0.147222
2 0.086574 0.6375 0.089815 0.138889
2 0.673148 0.423611 0.02963 0.119444
2 0.303241 0.636111 0.087963 0.133333
2 0.473611 0.7875 0.117593 0.15
2 0.687963 0.824306 0.124074 0.173611
2 0.280093 0.829861 0.126852 0.165278
2 0.518056 0.603472 0.089815 0.134722
2 0.17963 0.451389 0.066667 0.113889
2 0.907407 0.688889 0.07963 0.152778
2 0.140278 0.551389 0.082407 0.127778
2 0.775 0.625 0.094444 0.113889
2 0.833333 0.754167 0.088889 0.158333
2 0.0375 0.938889 0.065741 0.097222
2 0.448148 0.710417 0.098148 0.123611
2 0.479167 0.305556 0.028704 0.094444
2 0.761111 0.188194 0.014815 0.051389
6 0.723611 0.202083 0.050926 0.059722
6 0.633796 0.250694 0.058333 0.076389
11 0.561111 0.320139 0.124074 0.154167
2 0.11713 0.59375 0.069444 0.148611
2 0.230556 0.713194 0.122222 0.156944
2 0.946296 0.738194 0.094444 0.148611
2 0.601852 0.222222 0.024074 0.052778
2 0.676852 0.184028 0.025926 0.040278
2 0.791667 0.147222 0.012963 0.047222
2 0.778704 0.136806 0.014815 0.040278
