0 0.109722 0.378472 0.026852 0.0875
0 0.603704 0.172917 0.014815 0.051389
2 0.540741 0.721528 0.125926 0.168056
2 0.388889 0.604861 0.092593 0.154167
2 0.103241 0.602778 0.100926 0.169444
2 0.043519 0.747222 0.074074 0.161111
2 0.386111 0.389583 0.033333 0.101389
2 0.420833 0.38125 0.028704 0.098611
2 0.810185 0.404861 0.025926 0.115278
2 0.690741 0.397222 0.025926 0.111111
2 0.59213 0.371528 0.021296 0.1125
2 0.629167 0.377778 0.030556 0.1
2 0.655556 0.356944 0.024074 0.108333
2 0.52037 0.365278 0.025926 0.1
2 0.475 0.359722 0.02963 0.108333
2 0.44537 0.353472 0.022222 0.098611
2 0.5 0.332639 0.024074 0.098611
2 0.586574 0.272917 0.019444 0.073611
2 0.554167 0.3625 0.026852 0.102778
2 0.552315 0.275 0.034259 0.075
2 0.744907 0.411111 0.043519 0.102778
2 0.790278 0.323611 0.023148 0.077778
2 0.788426 0.372917 0.021296 0.084722
2 0.683796 0.31875 0.023148 0.073611
2 0.711111 0.271528 0.022222 0.065278
2 0.644907 0.24375 0.017593 0.054167
2 0.666667 0.261806 0.02037 0.059722
2 0.606481 0.294444 0.025926 0.080556
2 0.623148 0.208333 0.018519 0.066667
2 0.64537 0.192361 0.016667 0.054167
2 0.664815 0.195833 0.014815 0.063889
2 0.680556 0.2 0.016667 0.061111
2 0.706944 0.19375 0.017593 0.0625
2 0.6875 0.261806 0.019444 0.0625
2 0.729167 0.169444 0.015741 0.055556
2 0.756481 0.134722 0.014815 0.052778
2 0.748148 0.161111 0.014815 0.041667
6 0.74213 0.317361 0.058333 0.098611
6 0.754167 0.227083 0.043519 0.090278
6 0.781481 0.190278 0.038889 0.058333
6 0.813426 0.161111 0.028704 0.044444
6 0.820833 0.199306 0.017593 0.054167
10 0.796296 0.115278 0.053704 0.080556
