2 0.369907 0.738889 0.060185 0.236111
2 0.581019 0.748611 0.050926 0.219444
2 0.468056 0.761806 0.047222 0.201389
2 0.637037 0.286806 0.024074 0.0875
2 0.633796 0.69375 0.052778 0.209722
2 0.355093 0.383333 0.041667 0.111111
2 0.240278 0.44375 0.062037 0.109722
2 0.711574 0.292361 0.025 0.079167
2 0.433796 0.415278 0.028704 0.097222
2 0.044907 0.489583 0.063889 0.118056
2 0.447222 0.336111 0.02963 0.080556
2 0.676389 0.353472 0.023148 0.093056
2 0.476389 0.292361 0.034259 0.079167
6 0.52963 0.336806 0.092593 0.098611
6 0.495833 0.4625 0.097222 0.188889
11 0.787963 0.518056 0.235185 0.386111
2 0.819444 0.375694 0.024074 0.059722
2 0.781944 0.14375 0.015741 0.0625
