2 0.368981 0.385417 0.037963 0.1125
2 0.798611 0.422222 0.026852 0.102778
2 0.841204 0.439583 0.028704 0.106944
2 0.646759 0.405556 0.026852 0.102778
2 0.448148 0.353472 0.031481 0.106944
2 0.489815 0.352778 0.027778 0.102778
2 0.607407 0.380556 0.022222 0.088889
2 0.700926 0.249306 0.02037 0.065278
2 0.525926 0.367361 0.024074 0.095833
2 0.758333 0.410417 0.02963 0.104167
2 0.77037 0.326389 0.025926 0.1
2 0.556019 0.359028 0.025 0.081944
2 0.512963 0.304167 0.022222 0.072222
2 0.715741 0.434722 0.031481 0.108333
6 0.591667 0.890278 0.377778 0.205556
6 0.755556 0.241667 0.055556 0.080556
6 0.166667 0.693056 0.287037 0.236111
6 0.664815 0.327083 0.087037 0.098611
11 0.622222 0.234722 0.105556 0.155556
2 0.7625 0.177778 0.012037 0.044444
2 0.648148 0.227083 0.0 0.001389
