2 0.635185 0.850694 0.064815 0.268056
2 0.798148 0.615278 0.07963 0.169444
2 0.846296 0.583333 0.074074 0.158333
2 0.956019 0.654861 0.060185 0.109722
2 0.956019 0.573611 0.069444 0.122222
2 0.836111 0.501389 0.046296 0.102778
2 0.825 0.457639 0.033333 0.090278
2 0.775 0.46875 0.040741 0.129167
2 0.705556 0.484028 0.038889 0.145833
2 0.536574 0.684722 0.052778 0.188889
2 0.425 0.721528 0.046296 0.195833
2 0.469444 0.910417 0.068519 0.154167
2 0.305556 0.626389 0.038889 0.188889
2 0.474074 0.595833 0.042593 0.172222
2 0.468056 0.460417 0.030556 0.118056
2 0.431944 0.403472 0.036111 0.118056
2 0.39537 0.348611 0.027778 0.083333
2 0.526852 0.532639 0.042593 0.143056
2 0.554167 0.503472 0.034259 0.140278
2 0.612963 0.490972 0.038889 0.143056
2 0.635185 0.447222 0.031481 0.122222
2 0.71713 0.397917 0.034259 0.098611
2 0.738889 0.365278 0.027778 0.1
2 0.784722 0.385417 0.030556 0.098611
2 0.766667 0.31875 0.016667 0.076389
2 0.7875 0.324306 0.026852 0.084722
2 0.787037 0.322917 0.014815 0.040278
2 0.796296 0.2875 0.024074 0.066667
2 0.474537 0.324306 0.025 0.106944
2 0.456481 0.301389 0.024074 0.086111
2 0.508333 0.353472 0.027778 0.079167
2 0.523148 0.422917 0.027778 0.084722
2 0.543056 0.3375 0.025 0.086111
2 0.518981 0.278472 0.023148 0.081944
2 0.568056 0.297222 0.026852 0.086111
2 0.573611 0.373611 0.025 0.1
2 0.603704 0.38125 0.025926 0.095833
2 0.615278 0.305556 0.028704 0.080556
2 0.65787 0.374306 0.026852 0.101389
2 0.666204 0.306944 0.025 0.075
2 0.684722 0.2875 0.023148 0.077778
2 0.704167 0.247222 0.019444 0.055556
2 0.65463 0.203472 0.02037 0.045833
2 0.691204 0.184722 0.021296 0.05
2 0.721296 0.159028 0.012963 0.045833
2 0.786574 0.195833 0.013889 0.055556
2 0.809259 0.175 0.016667 0.05
2 0.798611 0.140972 0.013889 0.040278
2 0.777315 0.145139 0.021296 0.051389
6 0.639352 0.261111 0.065741 0.086111
6 0.731944 0.284722 0.071296 0.1
6 0.757407 0.239583 0.046296 0.065278
6 0.749537 0.190278 0.047222 0.058333
6 0.608796 0.157639 0.052778 0.065278
6 0.937963 0.828472 0.111111 0.318056
