2 0.340278 0.633333 0.112037 0.130556
2 0.385648 0.613194 0.09537 0.134722
2 0.343519 0.536806 0.090741 0.106944
2 0.210648 0.564583 0.089815 0.129167
2 0.151852 0.656944 0.114815 0.163889
2 0.087963 0.622917 0.1 0.151389
2 0.034259 0.557639 0.059259 0.1375
2 0.475926 0.351389 0.027778 0.1
2 0.518519 0.364583 0.031481 0.101389
2 0.511574 0.322222 0.026852 0.097222
2 0.556944 0.35625 0.028704 0.109722
2 0.583796 0.383333 0.028704 0.113889
2 0.621759 0.376389 0.032407 0.113889
2 0.660648 0.377083 0.026852 0.093056
2 0.701389 0.388194 0.025 0.101389
2 0.735648 0.410417 0.026852 0.101389
2 0.777315 0.404167 0.021296 0.1
2 0.762963 0.369444 0.022222 0.102778
2 0.781019 0.325 0.023148 0.080556
2 0.593519 0.303472 0.024074 0.090278
2 0.624074 0.297917 0.025926 0.090278
2 0.651389 0.30625 0.015741 0.084722
2 0.676852 0.273611 0.02037 0.069444
2 0.684259 0.3125 0.02037 0.083333
2 0.700463 0.304861 0.017593 0.065278
2 0.637963 0.236806 0.022222 0.0625
2 0.655093 0.214583 0.023148 0.059722
2 0.75 0.18125 0.02037 0.054167
2 0.709259 0.175 0.018519 0.033333
2 0.730093 0.16875 0.015741 0.043056
2 0.798611 0.160417 0.010185 0.048611
6 0.73287 0.2875 0.062037 0.111111
6 0.77963 0.218056 0.05 0.072222
6 0.610185 0.156944 0.053704 0.058333
6 0.821296 0.138889 0.033333 0.047222
0 0.669444 0.144444 0.014815 0.047222
6 0.841667 0.923611 0.305556 0.136111
11 0.231481 0.897917 0.451852 0.184722
10 0.715741 0.679861 0.546296 0.409722
