0 0.384259 0.411111 0.024074 0.108333
2 0.856481 0.540972 0.046296 0.156944
2 0.5 0.391667 0.025926 0.088889
2 0.952315 0.702778 0.080556 0.15
2 0.475926 0.652778 0.072222 0.136111
2 0.162037 0.604167 0.083333 0.147222
2 0.186111 0.631944 0.111111 0.158333
2 0.546759 0.390972 0.028704 0.106944
2 0.625926 0.399306 0.027778 0.095833
2 0.668981 0.414583 0.025 0.109722
2 0.816204 0.41875 0.030556 0.101389
6 0.72037 0.409028 0.072222 0.145833
6 0.061574 0.69375 0.112037 0.223611
6 0.569907 0.307639 0.086111 0.106944
6 0.707407 0.313889 0.057407 0.088889
11 0.664352 0.802083 0.536111 0.370833
11 0.751389 0.223611 0.078704 0.147222
2 0.422222 0.327083 0.024074 0.098611
2 0.45 0.338889 0.022222 0.094444
2 0.476389 0.330556 0.019444 0.122222
