2 0.144907 0.854167 0.136111 0.183333
2 0.762037 0.279167 0.018519 0.061111
2 0.229167 0.486111 0.039815 0.113889
2 0.77963 0.372222 0.022222 0.080556
2 0.286574 0.486111 0.04537 0.122222
2 0.8 0.315278 0.018519 0.069444
6 0.400463 0.415972 0.10463 0.1375
6 0.613889 0.348611 0.05 0.094444
6 0.828704 0.240972 0.042593 0.056944
11 0.511111 0.400694 0.161111 0.273611
2 0.255556 0.45 0.02963 0.105556
2 0.291204 0.4125 0.028704 0.077778
0 0.306944 0.339583 0.019444 0.0875
11 0.797685 0.209028 0.032407 0.084722
