2 0.750463 0.407639 0.028704 0.104167
2 0.481019 0.457639 0.04537 0.140278
2 0.516667 0.43125 0.031481 0.118056
2 0.572222 0.375 0.027778 0.091667
2 0.633796 0.479167 0.049074 0.127778
2 0.576389 0.285417 0.025 0.084722
2 0.612037 0.389583 0.02963 0.093056
2 0.691204 0.199306 0.026852 0.054167
6 0.739815 0.246528 0.059259 0.090278
6 0.711574 0.327083 0.067593 0.109722
6 0.618056 0.298611 0.060185 0.080556
6 0.365278 0.670833 0.299074 0.241667
12 0.793056 0.743056 0.40463 0.488889
2 0.50787 0.358333 0.028704 0.088889
2 0.678241 0.4625 0.032407 0.136111
2 0.701389 0.440278 0.026852 0.113889
2 0.655093 0.379861 0.030556 0.106944
2 0.658333 0.308333 0.02037 0.080556
2 0.645833 0.236111 0.026852 0.069444
2 0.662037 0.219444 0.014815 0.077778
2 0.758796 0.165972 0.013889 0.0625
2 0.806019 0.191667 0.015741 0.061111
2 0.474537 0.327778 0.025 0.088889
2 0.458333 0.311806 0.040741 0.0875
