6 0.701389 0.316667 0.069444 0.133333
6 0.735648 0.264583 0.05463 0.0875
6 0.759722 0.223611 0.049074 0.088889
6 0.707407 0.2125 0.061111 0.069444
2 0.823611 0.742361 0.115741 0.156944
2 0.734259 0.429167 0.042593 0.125
2 0.756019 0.400694 0.030556 0.109722
2 0.783333 0.39375 0.022222 0.106944
2 0.650926 0.375 0.027778 0.108333
2 0.605093 0.373611 0.028704 0.097222
2 0.615741 0.352083 0.022222 0.093056
2 0.613889 0.296528 0.025926 0.084722
2 0.652315 0.286111 0.021296 0.077778
2 0.6625 0.354167 0.030556 0.105556
2 0.659722 0.233333 0.019444 0.072222
2 0.598611 0.161806 0.021296 0.059722
2 0.581481 0.340972 0.027778 0.101389
2 0.54537 0.367361 0.035185 0.101389
2 0.506481 0.36875 0.02963 0.093056
2 0.485648 0.327778 0.028704 0.097222
2 0.523148 0.297917 0.024074 0.090278
2 0.55787 0.295833 0.023148 0.086111
2 0.684722 0.175 0.017593 0.055556
2 0.757407 0.170139 0.018519 0.045833
2 0.810185 0.198611 0.018519 0.058333
2 0.787037 0.147222 0.012963 0.052778
2 0.286111 0.632639 0.066667 0.165278
0 0.316667 0.297917 0.02037 0.098611
11 0.134259 0.759722 0.255556 0.444444
