2 0.34537 0.582639 0.044444 0.154167
2 0.418519 0.509722 0.035185 0.138889
2 0.250926 0.447222 0.057407 0.127778
2 0.118519 0.479861 0.074074 0.1375
2 0.725463 0.649306 0.052778 0.206944
2 0.45 0.93125 0.066667 0.123611
2 0.381019 0.884028 0.056481 0.209722
2 0.798611 0.879167 0.110185 0.227778
2 0.811111 0.749306 0.083333 0.190278
2 0.90787 0.702083 0.078704 0.176389
2 0.977315 0.677083 0.034259 0.145833
2 0.758796 0.546528 0.041667 0.143056
2 0.675926 0.54375 0.044444 0.156944
2 0.64213 0.45 0.030556 0.122222
2 0.686574 0.417361 0.026852 0.101389
2 0.675463 0.377083 0.026852 0.106944
2 0.518519 0.294444 0.02963 0.077778
2 0.564352 0.243056 0.028704 0.077778
2 0.781481 0.275 0.024074 0.069444
2 0.723148 0.247222 0.02037 0.069444
2 0.756944 0.258333 0.019444 0.038889
2 0.756481 0.163889 0.016667 0.052778
2 0.725 0.169444 0.018519 0.047222
2 0.739815 0.198611 0.018519 0.058333
2 0.783333 0.15625 0.012963 0.048611
2 0.80463 0.132639 0.016667 0.040278
6 0.808796 0.445139 0.121296 0.184722
6 0.756019 0.323611 0.056481 0.094444
6 0.764352 0.24375 0.047222 0.081944
6 0.794444 0.194444 0.05 0.069444
6 0.612037 0.325694 0.072222 0.1375
6 0.460185 0.376389 0.135185 0.161111
10 0.665741 0.224306 0.098148 0.170833
6 0.608796 0.157639 0.05463 0.059722
