9 0.900463 0.670833 0.187963 0.391667
6 0.625926 0.5125 0.085185 0.175
6 0.774074 0.498611 0.098148 0.175
6 0.806019 0.7625 0.217593 0.302778
6 0.718981 0.380556 0.063889 0.125
6 0.635648 0.272917 0.071296 0.093056
6 0.74213 0.292361 0.056481 0.120833
6 0.764352 0.23125 0.05463 0.095833
6 0.795833 0.200694 0.049074 0.081944
6 0.811111 0.163889 0.035185 0.066667
8 0.474537 0.359028 0.136111 0.173611
6 0.610648 0.158333 0.052778 0.055556
2 0.156481 0.472917 0.07037 0.118056
2 0.453241 0.572917 0.036111 0.143056
2 0.522222 0.684722 0.046296 0.188889
2 0.583796 0.751389 0.056481 0.180556
2 0.606944 0.897917 0.056481 0.179167
2 0.74213 0.855556 0.084259 0.236111
2 0.906481 0.940972 0.096296 0.098611
2 0.968056 0.927778 0.05463 0.122222
2 0.611111 0.661111 0.037037 0.158333
2 0.484722 0.936806 0.049074 0.106944
2 0.382407 0.928472 0.066667 0.123611
2 0.378241 0.833333 0.047222 0.116667
2 0.428241 0.795833 0.050926 0.238889
2 0.390741 0.654167 0.035185 0.169444
2 0.425926 0.4875 0.022222 0.091667
2 0.492593 0.500694 0.027778 0.140278
2 0.456481 0.709722 0.038889 0.188889
2 0.556019 0.455556 0.026852 0.111111
2 0.572685 0.420833 0.023148 0.108333
2 0.597685 0.396528 0.026852 0.098611
2 0.566204 0.247222 0.028704 0.086111
2 0.518981 0.259722 0.030556 0.058333
2 0.699537 0.260417 0.021296 0.079167
2 0.693519 0.2125 0.012963 0.052778
2 0.650463 0.215972 0.017593 0.0375
2 0.625926 0.220833 0.016667 0.038889
2 0.708333 0.158333 0.022222 0.05
2 0.741667 0.185417 0.014815 0.048611
2 0.735185 0.145139 0.016667 0.056944
2 0.757407 0.145833 0.012963 0.041667
