2 0.559722 0.646528 0.067593 0.159722
1 0.1 0.701389 0.07963 0.191667
2 0.335648 0.646528 0.04537 0.173611
2 0.565741 0.322917 0.025926 0.084722
2 0.794444 0.370833 0.024074 0.083333
2 0.861574 0.302083 0.021296 0.073611
2 0.4375 0.384028 0.030556 0.095833
2 0.403704 0.436111 0.031481 0.108333
2 0.350926 0.499306 0.040741 0.090278
2 0.299537 0.509722 0.039815 0.105556
2 0.37037 0.432639 0.027778 0.0875
2 0.272685 0.48125 0.034259 0.118056
2 0.244907 0.480556 0.037963 0.113889
2 0.298611 0.434722 0.032407 0.080556
2 0.340741 0.428472 0.027778 0.0875
