2 0.652315 0.745139 0.047222 0.179167
2 0.703704 0.509028 0.031481 0.120833
2 0.706019 0.840278 0.049074 0.188889
2 0.743056 0.545833 0.034259 0.127778
2 0.759722 0.647222 0.041667 0.161111
2 0.844907 0.4 0.025 0.088889
2 0.852315 0.314583 0.021296 0.068056
2 0.747222 0.271528 0.016667 0.059722
2 0.795833 0.929167 0.058333 0.113889
2 0.821296 0.270833 0.016667 0.061111
6 0.703241 0.202778 0.039815 0.052778
6 0.327778 0.890972 0.287037 0.184722
12 0.326389 0.547222 0.471296 0.686111
2 0.11713 0.540278 0.069444 0.155556
2 0.168981 0.477083 0.050926 0.098611
