6 0.754167 0.369444 0.076852 0.155556
6 0.618519 0.292361 0.07963 0.1125
6 0.649074 0.225694 0.053704 0.076389
6 0.746296 0.205556 0.051852 0.077778
6 0.823611 0.111111 0.030556 0.047222
2 0.635185 0.9 0.059259 0.175
2 0.726852 0.967361 0.040741 0.045833
2 0.933333 0.870833 0.111111 0.227778
2 0.525 0.897917 0.059259 0.181944
2 0.48287 0.766667 0.043519 0.213889
2 0.532407 0.489583 0.02963 0.126389
2 0.718519 0.496528 0.042593 0.151389
2 0.500926 0.347222 0.027778 0.102778
2 0.569444 0.286806 0.016667 0.079167
2 0.705093 0.308333 0.021296 0.080556
2 0.733796 0.267361 0.023148 0.051389
2 0.711574 0.229167 0.017593 0.061111
2 0.685648 0.195833 0.019444 0.069444
2 0.776852 0.225694 0.018519 0.076389
2 0.723611 0.160417 0.021296 0.043056
2 0.791667 0.148611 0.016667 0.061111
2 0.806944 0.156944 0.013889 0.047222
2 0.813889 0.175694 0.014815 0.045833
