2 0.824074 0.461111 0.033333 0.125
2 0.159259 0.457639 0.062963 0.115278
2 0.474537 0.710417 0.10463 0.148611
2 0.852315 0.657639 0.097222 0.151389
2 0.125926 0.618056 0.090741 0.127778
2 0.430093 0.56875 0.089815 0.123611
2 0.335648 0.611111 0.091667 0.136111
2 0.336574 0.744444 0.123148 0.163889
2 0.771759 0.751389 0.087963 0.141667
2 0.687963 0.716667 0.07037 0.119444
2 0.190278 0.575694 0.076852 0.115278
2 0.444444 0.342361 0.027778 0.0875
2 0.243981 0.668056 0.076852 0.15
2 0.513889 0.474306 0.033333 0.1125
2 0.611574 0.790278 0.113889 0.133333
2 0.485185 0.285417 0.031481 0.073611
2 0.641204 0.209722 0.021296 0.063889
2 0.737963 0.614583 0.051852 0.134722
2 0.541667 0.661111 0.066667 0.138889
2 0.756481 0.173611 0.016667 0.058333
2 0.551389 0.2875 0.026852 0.077778
2 0.693519 0.514583 0.035185 0.123611
6 0.133333 0.802083 0.253704 0.248611
6 0.475 0.4 0.112963 0.141667
6 0.95 0.840972 0.087037 0.190278
6 0.593519 0.311806 0.072222 0.0875
6 0.665741 0.319444 0.064815 0.102778
6 0.612037 0.403472 0.083333 0.1625
11 0.756481 0.333333 0.087037 0.216667
2 0.607407 0.494444 0.057407 0.138889
2 0.669444 0.641667 0.087037 0.125
2 0.842593 0.614583 0.085185 0.115278
2 0.673611 0.45 0.039815 0.108333
2 0.608333 0.242361 0.018519 0.0625
2 0.586574 0.257639 0.015741 0.040278
6 0.722685 0.265278 0.065741 0.108333
