6 0.708333 0.345139 0.057407 0.1125
6 0.726852 0.280556 0.05 0.080556
6 0.762037 0.167361 0.044444 0.048611
2 0.202778 0.621528 0.105556 0.151389
2 0.778241 0.441667 0.034259 0.108333
2 0.824074 0.453472 0.035185 0.1125
2 0.810648 0.407639 0.028704 0.098611
2 0.64537 0.4 0.02037 0.111111
2 0.744444 0.397222 0.031481 0.108333
2 0.784722 0.350694 0.026852 0.098611
2 0.606481 0.377778 0.025926 0.111111
2 0.563889 0.380556 0.02963 0.105556
2 0.448148 0.371528 0.024074 0.0875
2 0.447222 0.311806 0.02963 0.065278
2 0.484722 0.353472 0.032407 0.098611
2 0.512037 0.340972 0.022222 0.070833
2 0.5375 0.331944 0.023148 0.077778
2 0.55787 0.302083 0.021296 0.068056
2 0.585185 0.317361 0.022222 0.073611
2 0.614815 0.290278 0.016667 0.075
2 0.628704 0.294444 0.018519 0.069444
2 0.649537 0.286111 0.017593 0.080556
2 0.657407 0.310417 0.022222 0.076389
2 0.681481 0.245139 0.018519 0.045833
2 0.614815 0.223611 0.02963 0.055556
2 0.551852 0.246528 0.02963 0.070833
2 0.518981 0.304861 0.017593 0.059722
2 0.784722 0.207639 0.013889 0.059722
2 0.709259 0.183333 0.016667 0.047222
2 0.793519 0.128472 0.012963 0.048611
2 0.819907 0.129167 0.013889 0.044444
10 0.852315 0.767361 0.284259 0.443056
11 0.050463 0.732639 0.086111 0.365278
