2 0.462963 0.372222 0.031481 0.097222
2 0.328704 0.404861 0.035185 0.095833
2 0.756944 0.39375 0.026852 0.098611
2 0.6 0.260417 0.02037 0.0625
2 0.556019 0.288194 0.021296 0.068056
2 0.844444 0.263194 0.018519 0.056944
6 0.644907 0.251389 0.041667 0.063889
12 0.731481 0.182639 0.081481 0.140278
2 0.787037 0.243056 0.016667 0.047222
2 0.863889 0.229861 0.011111 0.048611
6 0.834259 0.207639 0.025926 0.043056
6 0.821296 0.175694 0.022222 0.0375
6 0.851852 0.181944 0.02037 0.041667
12 0.778704 0.154167 0.038889 0.1
