2 0.799537 0.45 0.026852 0.1
2 0.830093 0.277778 0.017593 0.063889
2 0.32963 0.528472 0.040741 0.120833
2 0.376389 0.475 0.034259 0.111111
2 0.2125 0.45625 0.039815 0.115278
2 0.256019 0.484722 0.036111 0.108333
2 0.794907 0.282639 0.019444 0.065278
2 0.296759 0.504861 0.041667 0.098611
5 0.411111 0.429167 0.083333 0.111111
5 0.452778 0.355556 0.057407 0.080556
12 0.56713 0.325694 0.221296 0.3375
0 0.85 0.31875 0.016667 0.079167
2 0.300926 0.461111 0.02963 0.077778
2 0.367593 0.368056 0.018519 0.066667
6 0.876389 0.328472 0.041667 0.0875
6 0.784259 0.15 0.027778 0.052778
