2 0.511574 0.66875 0.04537 0.195833
2 0.636111 0.763194 0.062963 0.218056
2 0.736111 0.698611 0.062963 0.202778
2 0.57037 0.693056 0.046296 0.216667
2 0.486574 0.419444 0.034259 0.127778
2 0.648611 0.23125 0.023148 0.084722
2 0.566667 0.454167 0.031481 0.122222
2 0.900926 0.802778 0.103704 0.183333
2 0.623148 0.913889 0.07963 0.141667
2 0.692593 0.177083 0.02037 0.056944
2 0.72963 0.193056 0.024074 0.055556
2 0.563426 0.33125 0.026852 0.084722
6 0.184259 0.519444 0.172222 0.180556
6 0.623148 0.359028 0.090741 0.1375
6 0.722222 0.4375 0.081481 0.147222
6 0.900926 0.694444 0.190741 0.291667
6 0.891667 0.5 0.161111 0.191667
6 0.85463 0.886111 0.266667 0.213889
2 0.825926 0.695139 0.061111 0.190278
2 0.243519 0.419444 0.053704 0.105556
