2 0.831481 0.906944 0.1 0.161111
2 0.780093 0.624306 0.060185 0.151389
2 0.934722 0.88125 0.108333 0.201389
2 0.606944 0.45 0.032407 0.127778
2 0.790741 0.471528 0.037037 0.131944
2 0.665278 0.249306 0.019444 0.065278
2 0.693056 0.249306 0.019444 0.070833
2 0.693056 0.475694 0.036111 0.140278
2 0.750463 0.249306 0.017593 0.068056
2 0.650463 0.199306 0.023148 0.048611
2 0.746296 0.193056 0.014815 0.061111
2 0.79213 0.1625 0.013889 0.05
2 0.775 0.163889 0.014815 0.052778
2 0.716204 0.200694 0.015741 0.0625
