2 0.526852 0.723611 0.042593 0.208333
2 0.647222 0.669444 0.053704 0.2
2 0.805093 0.834722 0.106481 0.238889
2 0.918056 0.642361 0.073148 0.168056
2 0.76713 0.528472 0.052778 0.154167
2 0.867593 0.529861 0.040741 0.143056
2 0.94213 0.563889 0.060185 0.161111
2 0.971296 0.856944 0.05 0.155556
2 0.595833 0.576389 0.043519 0.161111
2 0.631944 0.525 0.034259 0.127778
2 0.534722 0.5125 0.032407 0.155556
2 0.480556 0.619444 0.040741 0.186111
2 0.439815 0.51875 0.02963 0.106944
2 0.440741 0.423611 0.027778 0.102778
2 0.790278 0.255556 0.017593 0.080556
4 0.67037 0.446528 0.051852 0.145833
6 0.531481 0.345833 0.103704 0.147222
6 0.758796 0.384028 0.080556 0.159722
6 0.742593 0.290972 0.053704 0.090278
6 0.598148 0.240278 0.038889 0.075
6 0.778704 0.138889 0.035185 0.055556
11 0.648148 0.269444 0.07963 0.175
11 0.705556 0.160417 0.07963 0.090278
11 0.810185 0.170833 0.044444 0.1
9 0.768056 0.220833 0.067593 0.113889
11 0.726389 0.195833 0.04537 0.077778
0 0.334259 0.275 0.016667 0.077778
0 0.353704 0.2875 0.022222 0.1
0 0.347222 0.266667 0.014815 0.069444
