6 0.493519 0.761806 0.281481 0.248611
6 0.779167 0.917361 0.360185 0.145833
6 0.618056 0.291667 0.069444 0.088889
6 0.667593 0.232639 0.066667 0.090278
6 0.701852 0.197222 0.061111 0.069444
6 0.785648 0.213194 0.049074 0.076389
2 0.747222 0.615278 0.090741 0.138889
2 0.924074 0.684722 0.133333 0.138889
2 0.929167 0.786806 0.130556 0.190278
2 0.175463 0.64375 0.110185 0.134722
2 0.508796 0.59375 0.093519 0.109722
2 0.15 0.591667 0.074074 0.144444
2 0.063426 0.545833 0.080556 0.144444
2 0.042593 0.609028 0.074074 0.129167
2 0.494907 0.376389 0.028704 0.113889
2 0.456481 0.325694 0.02963 0.0875
2 0.575926 0.370139 0.024074 0.101389
2 0.606019 0.383333 0.025 0.083333
2 0.706481 0.417361 0.033333 0.118056
2 0.812037 0.406944 0.031481 0.113889
2 0.785185 0.331944 0.02037 0.091667
2 0.675926 0.373611 0.027778 0.102778
2 0.645833 0.381944 0.026852 0.097222
2 0.552778 0.329167 0.02037 0.097222
2 0.575463 0.277778 0.025 0.088889
2 0.544907 0.245833 0.028704 0.077778
2 0.633796 0.210417 0.026852 0.0625
2 0.733333 0.297222 0.02037 0.083333
2 0.7 0.285417 0.018519 0.079167
2 0.674537 0.306944 0.023148 0.061111
2 0.762963 0.278472 0.02037 0.079167
2 0.768056 0.159722 0.021296 0.052778
2 0.818519 0.186806 0.018519 0.051389
2 0.795833 0.125694 0.013889 0.0375
2 0.798148 0.163194 0.027778 0.040278
2 0.721759 0.39375 0.023148 0.109722
2 0.723611 0.236111 0.019444 0.069444
