2 0.366204 0.373611 0.047222 0.102778
2 0.646759 0.374306 0.028704 0.104167
2 0.825926 0.513194 0.046296 0.134722
2 0.046759 0.722222 0.073148 0.180556
2 0.743519 0.377778 0.024074 0.102778
2 0.734259 0.254861 0.018519 0.070833
2 0.69537 0.413889 0.031481 0.108333
2 0.605556 0.33125 0.024074 0.0875
2 0.591204 0.377083 0.026852 0.084722
2 0.519907 0.367361 0.030556 0.104167
2 0.480556 0.384722 0.027778 0.097222
2 0.726852 0.338889 0.022222 0.077778
2 0.718519 0.806944 0.140741 0.111111
2 0.710648 0.711111 0.128704 0.122222
1 0.503704 0.454167 0.02963 0.133333
2 0.554167 0.366667 0.023148 0.1
2 0.57037 0.330556 0.024074 0.080556
2 0.566204 0.266667 0.026852 0.094444
2 0.675926 0.349306 0.018519 0.095833
2 0.692593 0.35625 0.014815 0.065278
2 0.703241 0.277778 0.021296 0.069444
6 0.770833 0.172222 0.047222 0.072222
2 0.687037 0.19375 0.02037 0.059722
2 0.796759 0.201389 0.015741 0.061111
2 0.727778 0.194444 0.018519 0.061111
2 0.80463 0.152778 0.016667 0.055556
2 0.503704 0.30625 0.038889 0.081944
