2 0.294444 0.414583 0.05 0.104167
2 0.556481 0.589583 0.037037 0.145833
2 0.496296 0.466667 0.038889 0.144444
2 0.652778 0.340278 0.025926 0.094444
2 0.483796 0.293056 0.028704 0.077778
2 0.60787 0.45 0.030556 0.111111
2 0.541204 0.344444 0.028704 0.086111
2 0.552315 0.447917 0.026852 0.1125
2 0.207407 0.398611 0.033333 0.075
2 0.661574 0.270139 0.023148 0.070833
6 0.847685 0.627778 0.19537 0.255556
6 0.686111 0.433333 0.074074 0.141667
6 0.790278 0.422222 0.087963 0.133333
6 0.122685 0.543056 0.223148 0.233333
6 0.726852 0.292361 0.057407 0.1125
2 0.786574 0.159028 0.013889 0.051389
2 0.769444 0.159722 0.012963 0.058333
2 0.735648 0.204167 0.013889 0.061111
2 0.710648 0.229861 0.021296 0.054167
2 0.610185 0.343056 0.024074 0.086111
2 0.600463 0.313889 0.017593 0.083333
