6 0.829167 0.834722 0.223148 0.311111
6 0.608333 0.160417 0.057407 0.0625
2 0.406481 0.704861 0.05 0.198611
2 0.646759 0.952778 0.056481 0.077778
2 0.704167 0.59375 0.041667 0.173611
2 0.80463 0.553472 0.059259 0.156944
2 0.935648 0.65625 0.080556 0.173611
2 0.970833 0.799306 0.052778 0.170833
2 0.608796 0.5375 0.041667 0.152778
2 0.502778 0.434028 0.02963 0.118056
2 0.386574 0.364583 0.041667 0.093056
2 0.230556 0.436111 0.062963 0.125
2 0.596296 0.404861 0.033333 0.123611
2 0.665278 0.33125 0.023148 0.090278
2 0.737037 0.29375 0.024074 0.084722
2 0.681944 0.195833 0.021296 0.061111
2 0.753241 0.180556 0.013889 0.047222
2 0.768519 0.138889 0.014815 0.047222
2 0.805093 0.14375 0.017593 0.045833
1 0.508796 0.534028 0.030556 0.1375
0 0.437963 0.247222 0.016667 0.075
