2 0.614352 0.53125 0.047222 0.151389
2 0.740741 0.586806 0.055556 0.154167
2 0.916204 0.696528 0.09537 0.193056
2 0.593519 0.925 0.064815 0.127778
2 0.463426 0.351389 0.043519 0.102778
2 0.193056 0.468056 0.071296 0.127778
2 0.24537 0.418056 0.062963 0.1
2 0.069444 0.48125 0.098148 0.129167
2 0.028241 0.581944 0.043519 0.141667
2 0.646759 0.2875 0.025 0.094444
2 0.681944 0.241667 0.019444 0.086111
2 0.686111 0.209722 0.016667 0.044444
2 0.71713 0.221528 0.013889 0.065278
2 0.641204 0.227778 0.017593 0.052778
2 0.75787 0.167361 0.012037 0.045833
2 0.781019 0.135417 0.017593 0.056944
2 0.800926 0.136806 0.012963 0.056944
2 0.631481 0.216667 0.024074 0.058333
6 0.771296 0.472917 0.103704 0.156944
6 0.676852 0.14375 0.037037 0.065278
2 0.738889 0.159028 0.012963 0.048611
2 0.751852 0.156944 0.011111 0.055556
0 0.3 0.469444 0.024074 0.125
0 0.281481 0.474306 0.022222 0.126389
0 0.328241 0.338194 0.025 0.101389
0 0.359259 0.334722 0.018519 0.088889
