2 0.605556 0.695833 0.116667 0.152778
2 0.36713 0.367361 0.037963 0.098611
2 0.656944 0.252083 0.021296 0.073611
2 0.654167 0.350694 0.025 0.104167
2 0.70787 0.225694 0.017593 0.0625
2 0.638889 0.228472 0.02037 0.070833
2 0.226852 0.436111 0.059259 0.108333
2 0.946759 0.81875 0.084259 0.165278
6 0.813426 0.171528 0.034259 0.051389
0 0.873148 0.411806 0.024074 0.109722
0 0.831944 0.328472 0.019444 0.090278
2 0.72963 0.191667 0.018519 0.055556
2 0.751389 0.145139 0.017593 0.048611
2 0.777778 0.138889 0.011111 0.052778
2 0.791667 0.147917 0.011111 0.048611
