2 0.601389 0.63125 0.04537 0.181944
2 0.855093 0.795139 0.091667 0.198611
2 0.869907 0.932639 0.080556 0.118056
2 0.969444 0.730556 0.048148 0.161111
2 0.306944 0.446528 0.062037 0.126389
2 0.094907 0.484028 0.082407 0.123611
2 0.411111 0.343056 0.042593 0.091667
2 0.519907 0.276389 0.032407 0.075
2 0.575926 0.232639 0.024074 0.070833
2 0.602315 0.365972 0.023148 0.106944
2 0.633796 0.251389 0.021296 0.077778
2 0.665278 0.274306 0.026852 0.073611
2 0.68287 0.234028 0.023148 0.056944
2 0.616204 0.320833 0.021296 0.083333
2 0.765741 0.203472 0.016667 0.056944
2 0.723611 0.157639 0.021296 0.048611
2 0.782407 0.136111 0.016667 0.044444
6 0.781019 0.425 0.089815 0.152778
6 0.541204 0.468056 0.082407 0.180556
6 0.708333 0.574306 0.12037 0.209722
6 0.69537 0.338889 0.068519 0.108333
6 0.810185 0.150694 0.033333 0.056944
6 0.820833 0.200694 0.019444 0.054167
