2 0.526852 0.620139 0.1 0.1375
2 0.244444 0.6375 0.109259 0.147222
2 0.163426 0.582639 0.089815 0.143056
2 0.476389 0.3625 0.030556 0.133333
2 0.55787 0.36875 0.036111 0.106944
2 0.594907 0.361111 0.034259 0.116667
2 0.629167 0.379167 0.025 0.105556
2 0.705556 0.426389 0.027778 0.116667
2 0.734259 0.413889 0.038889 0.108333
2 0.661111 0.388889 0.022222 0.094444
2 0.67037 0.352083 0.02037 0.101389
2 0.634722 0.325694 0.019444 0.056944
2 0.648148 0.296528 0.02037 0.070833
2 0.678704 0.267361 0.022222 0.054167
2 0.515278 0.267361 0.036111 0.070833
2 0.79213 0.168056 0.017593 0.05
2 0.785185 0.143056 0.016667 0.055556
2 0.745833 0.170139 0.017593 0.051389
2 0.721759 0.213889 0.017593 0.058333
2 0.861111 0.689583 0.116667 0.143056
2 0.909259 0.654861 0.07963 0.154167
10 0.954167 0.704167 0.076852 0.386111
9 0.312037 0.857639 0.4 0.265278
6 0.562963 0.314583 0.096296 0.093056
6 0.60463 0.236111 0.081481 0.091667
6 0.753704 0.254167 0.061111 0.105556
6 0.753241 0.354861 0.05463 0.1125
6 0.609259 0.159722 0.055556 0.061111
6 0.821759 0.124306 0.030556 0.070833
0 0.806019 0.275694 0.017593 0.079167
