2 0.89213 0.715278 0.086111 0.211111
2 0.830093 0.521528 0.05463 0.145833
2 0.475 0.547222 0.037037 0.158333
2 0.403704 0.38125 0.035185 0.115278
2 0.580093 0.415278 0.030556 0.119444
2 0.946759 0.654861 0.082407 0.179167
2 0.684259 0.447917 0.035185 0.123611
2 0.613889 0.386806 0.027778 0.104167
2 0.05 0.491667 0.072222 0.108333
2 0.725 0.419444 0.027778 0.116667
2 0.786111 0.336806 0.024074 0.090278
2 0.749074 0.401389 0.027778 0.113889
2 0.484259 0.284722 0.027778 0.072222
2 0.772685 0.247917 0.021296 0.081944
2 0.670833 0.352778 0.030556 0.097222
6 0.521296 0.347222 0.111111 0.141667
6 0.722685 0.284028 0.063889 0.101389
2 0.691204 0.342361 0.019444 0.101389
2 0.65787 0.284722 0.021296 0.072222
2 0.618519 0.333333 0.027778 0.075
2 0.604167 0.311111 0.021296 0.091667
2 0.62037 0.240972 0.018519 0.0625
2 0.585648 0.271528 0.021296 0.081944
2 0.56713 0.25625 0.023148 0.065278
2 0.643981 0.234722 0.019444 0.055556
2 0.643981 0.285417 0.015741 0.065278
2 0.675 0.271528 0.016667 0.068056
2 0.722222 0.21875 0.014815 0.051389
2 0.700463 0.206944 0.021296 0.052778
2 0.8125 0.217361 0.013889 0.054167
2 0.777778 0.175 0.016667 0.05
2 0.968981 0.563889 0.043519 0.116667
