11 0.921296 0.63125 0.148148 0.351389
2 0.886574 0.717361 0.073148 0.209722
2 0.414815 0.594444 0.035185 0.163889
2 0.52037 0.408333 0.02963 0.105556
2 0.558333 0.40625 0.027778 0.106944
2 0.590741 0.321528 0.025926 0.095833
2 0.636574 0.26875 0.026852 0.093056
2 0.630556 0.208333 0.022222 0.063889
2 0.689815 0.20625 0.022222 0.051389
2 0.712963 0.234722 0.018519 0.066667
2 0.728241 0.2875 0.023148 0.072222
2 0.754167 0.257639 0.017593 0.065278
2 0.678241 0.415278 0.021296 0.111111
2 0.703241 0.465278 0.036111 0.108333
2 0.533796 0.354861 0.023148 0.090278
2 0.672222 0.364583 0.025926 0.081944
2 0.688889 0.290278 0.024074 0.077778
2 0.669444 0.267361 0.014815 0.068056
6 0.710185 0.63125 0.161111 0.245833
0 0.574537 0.5 0.023148 0.119444
