2 0.133796 0.83125 0.121296 0.184722
2 0.5125 0.700694 0.097222 0.154167
2 0.655093 0.669444 0.069444 0.163889
2 0.746296 0.46875 0.02963 0.101389
2 0.739352 0.606944 0.043519 0.138889
2 0.704167 0.347222 0.023148 0.083333
2 0.325463 0.508333 0.037963 0.105556
2 0.268519 0.4875 0.027778 0.105556
1 0.836111 0.43125 0.027778 0.095833
1 0.870833 0.429861 0.028704 0.098611
2 0.216667 0.46875 0.040741 0.101389
2 0.296296 0.495833 0.022222 0.1
6 0.543981 0.595139 0.187963 0.170833
6 0.776389 0.366667 0.060185 0.091667
6 0.469907 0.472222 0.113889 0.163889
11 0.775463 0.146528 0.052778 0.095833
2 0.360648 0.465278 0.030556 0.111111
2 0.519907 0.303472 0.025 0.070833
2 0.558333 0.264583 0.027778 0.0625
2 0.372685 0.372917 0.032407 0.079167
2 0.397685 0.384722 0.028704 0.094444
2 0.610185 0.227083 0.014815 0.054167
2 0.626852 0.227778 0.014815 0.05
6 0.464352 0.385417 0.106481 0.118056
