2 0.737037 0.456944 0.031481 0.111111
2 0.395833 0.685417 0.084259 0.140278
2 0.821759 0.454167 0.028704 0.105556
2 0.793981 0.383333 0.025 0.088889
2 0.342593 0.484722 0.05 0.130556
2 0.26713 0.466667 0.041667 0.116667
2 0.467593 0.345139 0.024074 0.076389
2 0.301389 0.483333 0.036111 0.113889
6 0.525 0.420833 0.098148 0.113889
11 0.597685 0.322917 0.087963 0.156944
2 0.345833 0.413194 0.023148 0.045833
2 0.489352 0.315278 0.021296 0.077778
2 0.836111 0.293056 0.011111 0.052778
2 0.405556 0.341667 0.027778 0.077778
