6 0.603241 0.265972 0.080556 0.093056
6 0.468981 0.377778 0.132407 0.152778
6 0.95 0.711111 0.087037 0.216667
6 0.816667 0.163194 0.025926 0.048611
2 0.600926 0.554167 0.038889 0.152778
2 0.669444 0.380556 0.025926 0.111111
2 0.739815 0.35625 0.024074 0.101389
2 0.97037 0.894444 0.05 0.175
2 0.707407 0.271528 0.018519 0.076389
2 0.660648 0.3 0.026852 0.080556
2 0.751389 0.209722 0.017593 0.063889
2 0.720833 0.185417 0.019444 0.056944
2 0.773611 0.163194 0.017593 0.051389
2 0.753704 0.165972 0.02037 0.051389
2 0.80463 0.131944 0.014815 0.047222
