2 0.306019 0.625 0.049074 0.186111
2 0.885185 0.740972 0.094444 0.223611
2 0.929167 0.564583 0.058333 0.154167
2 0.403241 0.66875 0.04537 0.198611
2 0.462037 0.580556 0.038889 0.161111
2 0.359259 0.534028 0.038889 0.154167
2 0.721296 0.716667 0.081481 0.188889
2 0.828241 0.588889 0.052778 0.119444
2 0.50463 0.534722 0.031481 0.130556
2 0.8625 0.469444 0.034259 0.113889
2 0.602315 0.607639 0.047222 0.159722
2 0.403704 0.330556 0.033333 0.091667
2 0.583333 0.914583 0.059259 0.145833
2 0.401389 0.475 0.034259 0.130556
2 0.322685 0.470833 0.037963 0.130556
2 0.447685 0.41875 0.030556 0.109722
2 0.5875 0.473611 0.032407 0.119444
2 0.548611 0.318056 0.026852 0.086111
2 0.777778 0.302083 0.02037 0.081944
2 0.705093 0.577778 0.04537 0.125
2 0.754167 0.58125 0.037963 0.126389
2 0.5125 0.418056 0.026852 0.097222
2 0.748611 0.300694 0.021296 0.081944
2 0.58287 0.335417 0.023148 0.079167
2 0.690278 0.388889 0.025 0.091667
2 0.822222 0.481944 0.042593 0.097222
2 0.484722 0.46875 0.036111 0.1125
2 0.559722 0.419444 0.025 0.091667
2 0.730556 0.479861 0.031481 0.0875
2 0.726389 0.302778 0.021296 0.072222
2 0.675 0.490278 0.037037 0.105556
6 0.637037 0.355556 0.066667 0.125
2 0.480556 0.290972 0.042593 0.081944
2 0.582407 0.241667 0.022222 0.066667
2 0.605093 0.263889 0.021296 0.072222
2 0.67963 0.28125 0.018519 0.070833
2 0.701389 0.279861 0.019444 0.068056
2 0.3125 0.386806 0.062037 0.104167
2 0.657407 0.206944 0.022222 0.061111
2 0.643981 0.259722 0.017593 0.063889
2 0.618519 0.295139 0.018519 0.059722
2 0.798148 0.254167 0.018519 0.052778
6 0.794907 0.197222 0.043519 0.055556
