2 0.37037 0.583333 0.094444 0.127778
2 0.531019 0.582639 0.089815 0.126389
2 0.484259 0.701389 0.109259 0.152778
2 0.608796 0.646528 0.09537 0.145833
2 0.110648 0.651389 0.093519 0.147222
2 0.756481 0.265972 0.02037 0.076389
2 0.273148 0.636111 0.094444 0.15
2 0.074074 0.783333 0.116667 0.180556
2 0.793981 0.689583 0.078704 0.126389
2 0.5375 0.350694 0.036111 0.123611
2 0.256481 0.430556 0.055556 0.136111
2 0.751389 0.395833 0.032407 0.113889
2 0.05787 0.556944 0.080556 0.111111
2 0.5875 0.383333 0.034259 0.116667
2 0.691204 0.601389 0.078704 0.130556
2 0.641667 0.278472 0.024074 0.084722
2 0.65 0.360417 0.037037 0.123611
2 0.91713 0.788194 0.089815 0.129167
2 0.672685 0.210417 0.019444 0.0625
2 0.584259 0.352778 0.033333 0.108333
2 0.738426 0.184722 0.017593 0.055556
2 0.621759 0.225694 0.019444 0.048611
2 0.893519 0.627083 0.1 0.140278
