2 0.66713 0.6375 0.049074 0.186111
2 0.777315 0.591667 0.052778 0.155556
2 0.584722 0.772917 0.063889 0.218056
2 0.731019 0.941667 0.080556 0.091667
2 0.362037 0.365278 0.044444 0.091667
2 0.09537 0.49375 0.083333 0.109722
2 0.555556 0.308333 0.033333 0.088889
2 0.564815 0.245833 0.022222 0.077778
2 0.594444 0.272917 0.025926 0.070833
2 0.65 0.251389 0.024074 0.080556
2 0.674537 0.267361 0.025 0.073611
2 0.689352 0.231944 0.017593 0.058333
2 0.714352 0.214583 0.017593 0.059722
2 0.7375 0.19375 0.017593 0.051389
2 0.790741 0.129861 0.016667 0.051389
2 0.805556 0.120833 0.016667 0.033333
2 0.822685 0.108333 0.013889 0.041667
6 0.940278 0.677083 0.110185 0.181944
6 0.887037 0.886806 0.212963 0.206944
6 0.750463 0.393056 0.076852 0.161111
6 0.73287 0.277083 0.067593 0.106944
2 0.956019 0.806944 0.073148 0.158333
