2 0.146296 0.46875 0.066667 0.109722
2 0.85787 0.496528 0.04537 0.131944
2 0.951852 0.734028 0.075926 0.206944
2 0.397222 0.380556 0.02963 0.1
2 0.779167 0.575694 0.047222 0.129167
2 0.771296 0.251389 0.02037 0.075
2 0.925463 0.577083 0.067593 0.148611
2 0.449537 0.423611 0.026852 0.111111
2 0.543056 0.344444 0.026852 0.102778
2 0.700926 0.50625 0.038889 0.134722
2 0.806019 0.476389 0.030556 0.097222
2 0.521759 0.423611 0.025 0.108333
2 0.429167 0.390278 0.025 0.102778
2 0.689352 0.201389 0.019444 0.055556
2 0.644444 0.3125 0.027778 0.069444
2 0.7625 0.470139 0.037963 0.104167
2 0.496759 0.405556 0.030556 0.108333
2 0.033333 0.590972 0.053704 0.131944
2 0.77963 0.328472 0.022222 0.076389
2 0.898148 0.482639 0.025926 0.106944
2 0.635185 0.273611 0.022222 0.066667
2 0.482407 0.331944 0.027778 0.077778
6 0.590741 0.410417 0.075926 0.154167
6 0.699074 0.289583 0.062963 0.101389
6 0.730093 0.231944 0.058333 0.083333
2 0.790278 0.173611 0.013889 0.047222
2 0.756944 0.153472 0.017593 0.051389
