2 0.346759 0.678472 0.106481 0.165278
2 0.822685 0.479167 0.037963 0.130556
2 0.64213 0.378472 0.028704 0.109722
2 0.575926 0.361806 0.025926 0.101389
2 0.677315 0.340972 0.023148 0.084722
2 0.598611 0.395833 0.028704 0.113889
2 0.493056 0.402083 0.025 0.093056
0 0.777778 0.481944 0.027778 0.116667
2 0.685648 0.411806 0.028704 0.101389
2 0.951389 0.713889 0.078704 0.130556
2 0.661111 0.263889 0.025926 0.063889
6 0.862963 0.879167 0.259259 0.216667
6 0.586574 0.249306 0.065741 0.079167
6 0.726852 0.272222 0.051852 0.091667
6 0.750463 0.342361 0.058333 0.118056
11 0.474537 0.277778 0.132407 0.211111
2 0.543519 0.375 0.022222 0.097222
2 0.716667 0.209028 0.02037 0.0625
2 0.651852 0.226389 0.02037 0.066667
2 0.702778 0.167361 0.016667 0.048611
2 0.761574 0.200694 0.017593 0.059722
2 0.776389 0.296528 0.015741 0.065278
0 0.756019 0.501389 0.026852 0.127778
