2 0.853241 0.670833 0.071296 0.177778
2 0.359722 0.553472 0.04537 0.179167
2 0.580093 0.719444 0.056481 0.197222
2 0.491667 0.570833 0.042593 0.155556
2 0.193981 0.451389 0.063889 0.119444
2 0.960185 0.835417 0.07037 0.195833
2 0.508333 0.388889 0.031481 0.108333
2 0.747222 0.539583 0.05 0.159722
2 0.620833 0.641667 0.049074 0.163889
2 0.594444 0.390972 0.027778 0.098611
2 0.534259 0.445833 0.025926 0.102778
2 0.559722 0.354167 0.026852 0.086111
2 0.65787 0.609722 0.037963 0.141667
2 0.540741 0.600694 0.042593 0.126389
2 0.593056 0.51875 0.037963 0.120833
2 0.810648 0.534722 0.058333 0.125
2 0.632407 0.309028 0.022222 0.084722
2 0.564815 0.25625 0.02037 0.065278
2 0.637963 0.422917 0.027778 0.095833
2 0.556481 0.425694 0.025926 0.109722
2 0.676852 0.522917 0.038889 0.140278
2 0.590741 0.289583 0.02037 0.073611
6 0.796296 0.4375 0.1 0.147222
6 0.737963 0.313889 0.057407 0.111111
0 0.516204 0.200694 0.010185 0.070833
0 0.50787 0.205556 0.010185 0.058333
2 0.615741 0.28125 0.02037 0.079167
2 0.638889 0.221528 0.022222 0.065278
2 0.651852 0.282639 0.018519 0.065278
2 0.703704 0.261806 0.022222 0.076389
2 0.747222 0.23125 0.018519 0.065278
2 0.763426 0.189583 0.019444 0.0625
2 0.794444 0.184028 0.016667 0.056944
2 0.671296 0.427083 0.02963 0.104167
2 0.701852 0.386806 0.022222 0.098611
2 0.718056 0.438194 0.023148 0.1125
6 0.701852 0.201389 0.061111 0.075
