2 0.471296 0.749306 0.131481 0.168056
2 0.609259 0.486111 0.037037 0.130556
2 0.693981 0.488889 0.04537 0.136111
2 0.783333 0.414583 0.038889 0.120833
2 0.737037 0.397917 0.038889 0.123611
2 0.757407 0.330556 0.014815 0.080556
2 0.734259 0.327083 0.024074 0.0875
2 0.734259 0.286111 0.02037 0.075
2 0.791667 0.321528 0.027778 0.0875
2 0.764815 0.290972 0.025926 0.084722
2 0.776389 0.259722 0.013889 0.058333
2 0.653704 0.424306 0.033333 0.131944
2 0.403704 0.370139 0.033333 0.126389
2 0.44537 0.369444 0.037037 0.111111
2 0.494907 0.369444 0.028704 0.102778
2 0.546759 0.36875 0.025 0.093056
2 0.591204 0.378472 0.030556 0.1125
2 0.621759 0.370833 0.026852 0.111111
2 0.636111 0.317361 0.027778 0.079167
2 0.639352 0.278472 0.021296 0.065278
2 0.677315 0.253472 0.028704 0.059722
2 0.709259 0.285417 0.024074 0.0875
2 0.666667 0.236806 0.02037 0.0625
2 0.606019 0.255556 0.025 0.061111
2 0.574074 0.243056 0.024074 0.072222
2 0.49213 0.279861 0.030556 0.076389
2 0.481019 0.348611 0.025 0.108333
2 0.517593 0.348611 0.027778 0.105556
2 0.538426 0.319444 0.015741 0.086111
2 0.560185 0.308333 0.024074 0.080556
2 0.571759 0.344444 0.025 0.105556
2 0.602778 0.294444 0.02963 0.072222
2 0.656481 0.184028 0.018519 0.054167
2 0.684722 0.177778 0.015741 0.052778
2 0.76713 0.193056 0.015741 0.047222
2 0.725463 0.172917 0.013889 0.051389
2 0.755093 0.167361 0.012037 0.051389
6 0.681944 0.333333 0.065741 0.136111
6 0.605556 0.156944 0.051852 0.061111
6 0.806019 0.195833 0.04537 0.061111
11 0.199537 0.904861 0.389815 0.168056
