2 0.507407 0.375 0.027778 0.102778
2 0.429167 0.429861 0.032407 0.120833
2 0.562963 0.372222 0.025926 0.091667
2 0.081019 0.767361 0.110185 0.215278
2 0.478704 0.3625 0.025926 0.091667
2 0.438426 0.327083 0.030556 0.0875
2 0.810648 0.39375 0.028704 0.106944
2 0.75 0.4125 0.031481 0.105556
2 0.646296 0.389583 0.025926 0.093056
2 0.679167 0.406944 0.028704 0.1
2 0.343056 0.409028 0.032407 0.1125
2 0.620833 0.384028 0.023148 0.0875
2 0.519907 0.299306 0.021296 0.068056
2 0.393981 0.384028 0.023148 0.104167
2 0.601852 0.344444 0.025926 0.094444
2 0.374537 0.340278 0.036111 0.072222
2 0.706481 0.392361 0.02963 0.104167
2 0.358333 0.409028 0.055556 0.104167
6 0.766667 0.225694 0.05 0.068056
6 0.584722 0.286111 0.082407 0.088889
6 0.66713 0.314583 0.060185 0.0875
6 0.703241 0.261111 0.052778 0.069444
6 0.751852 0.288194 0.048148 0.081944
2 0.491667 0.292361 0.02963 0.068056
2 0.5625 0.240278 0.025 0.066667
2 0.659722 0.231944 0.017593 0.069444
6 0.806019 0.188889 0.04537 0.061111
2 0.786111 0.199306 0.018519 0.051389
2 0.781019 0.134028 0.013889 0.040278
2 0.745833 0.156944 0.013889 0.038889
2 0.635185 0.20625 0.02037 0.065278
2 0.602315 0.221528 0.021296 0.051389
