2 0.623611 0.802778 0.049074 0.183333
2 0.814815 0.730556 0.064815 0.194444
2 0.750926 0.561806 0.048148 0.154167
2 0.696296 0.651389 0.051852 0.191667
2 0.621296 0.60625 0.046296 0.126389
2 0.6125 0.708333 0.05463 0.158333
2 0.635648 0.500694 0.034259 0.106944
2 0.652778 0.39375 0.035185 0.106944
2 0.67037 0.332639 0.024074 0.0875
2 0.594907 0.360417 0.026852 0.1125
2 0.539815 0.405556 0.02963 0.122222
2 0.6625 0.248611 0.017593 0.066667
2 0.695833 0.232639 0.017593 0.0625
2 0.690741 0.195833 0.022222 0.052778
2 0.771759 0.152083 0.019444 0.056944
6 0.924537 0.720833 0.141667 0.313889
1 0.719907 0.877083 0.058333 0.1875
