2 0.138426 0.46875 0.080556 0.123611
2 0.243981 0.456944 0.067593 0.116667
2 0.497685 0.509028 0.041667 0.118056
2 0.491204 0.625694 0.037963 0.159722
2 0.600463 0.869444 0.082407 0.244444
2 0.711574 0.866667 0.091667 0.241667
2 0.801852 0.811806 0.072222 0.204167
2 0.891667 0.822917 0.096296 0.243056
2 0.960185 0.650694 0.064815 0.165278
2 0.767593 0.654167 0.061111 0.1
2 0.77037 0.75 0.062963 0.158333
2 0.693519 0.494444 0.033333 0.136111
2 0.805093 0.439583 0.036111 0.115278
2 0.793519 0.363889 0.025926 0.088889
2 0.547685 0.361806 0.026852 0.104167
2 0.455093 0.344444 0.037963 0.108333
2 0.390741 0.351389 0.033333 0.094444
2 0.600463 0.25 0.019444 0.063889
2 0.65 0.31875 0.022222 0.093056
2 0.687963 0.253472 0.02037 0.073611
2 0.70463 0.176389 0.016667 0.05
2 0.676389 0.184028 0.021296 0.054167
2 0.631019 0.202083 0.021296 0.056944
2 0.76713 0.154861 0.012037 0.056944
2 0.791667 0.170833 0.014815 0.033333
2 0.808796 0.1375 0.012037 0.047222
2 0.818056 0.194444 0.017593 0.066667
2 0.778704 0.275694 0.024074 0.073611
2 0.765741 0.325694 0.016667 0.084722
2 0.713426 0.230556 0.013889 0.05
2 0.723148 0.165278 0.012963 0.044444
2 0.751389 0.146528 0.017593 0.048611
2 0.826852 0.147222 0.011111 0.044444
6 0.052778 0.522222 0.090741 0.166667
6 0.829167 0.623611 0.15463 0.230556
6 0.725 0.377778 0.064815 0.127778
6 0.731481 0.26875 0.059259 0.115278
6 0.643519 0.257639 0.07037 0.101389
6 0.787963 0.21875 0.046296 0.068056
6 0.739352 0.195833 0.050926 0.063889
6 0.621759 0.430556 0.062037 0.144444
