6 0.737037 0.271528 0.061111 0.0875
6 0.811111 0.165278 0.037037 0.052778
2 0.416667 0.615278 0.048148 0.163889
2 0.558333 0.75625 0.07963 0.2125
2 0.603241 0.633333 0.063889 0.191667
2 0.685648 0.605556 0.058333 0.163889
2 0.73287 0.777083 0.091667 0.1625
2 0.752315 0.903472 0.076852 0.173611
2 0.243981 0.746528 0.050926 0.218056
2 0.304167 0.616667 0.039815 0.191667
2 0.346759 0.499306 0.034259 0.140278
2 0.4375 0.502083 0.025 0.126389
2 0.474074 0.5625 0.033333 0.15
2 0.513426 0.440278 0.032407 0.130556
2 0.588889 0.441667 0.037037 0.127778
2 0.642593 0.472917 0.033333 0.123611
2 0.703241 0.486111 0.039815 0.122222
2 0.802778 0.684722 0.075926 0.177778
2 0.849537 0.621528 0.080556 0.154167
2 0.863889 0.548611 0.057407 0.138889
2 0.893056 0.520139 0.056481 0.1375
2 0.766667 0.480556 0.053704 0.133333
2 0.802315 0.443056 0.034259 0.113889
2 0.813426 0.4125 0.028704 0.094444
2 0.555093 0.361111 0.026852 0.097222
2 0.531019 0.332639 0.028704 0.104167
2 0.468056 0.30625 0.034259 0.093056
2 0.590278 0.288194 0.023148 0.084722
2 0.623611 0.232639 0.023148 0.070833
2 0.6625 0.245833 0.017593 0.052778
2 0.675463 0.222917 0.021296 0.065278
2 0.705556 0.2375 0.018519 0.058333
2 0.710648 0.181944 0.023148 0.047222
2 0.740741 0.1875 0.02037 0.058333
2 0.677778 0.327778 0.02037 0.091667
2 0.608796 0.391667 0.025 0.094444
2 0.649537 0.404861 0.028704 0.093056
2 0.693056 0.379861 0.025 0.109722
2 0.700926 0.31875 0.024074 0.093056
2 0.728704 0.419444 0.025926 0.111111
2 0.729167 0.340972 0.021296 0.073611
2 0.75 0.311111 0.025926 0.072222
2 0.761574 0.3875 0.028704 0.094444
2 0.776389 0.334028 0.026852 0.068056
2 0.609259 0.315972 0.022222 0.076389
2 0.625463 0.354167 0.023148 0.105556
2 0.643981 0.30625 0.023148 0.076389
2 0.657407 0.35 0.022222 0.077778
