0 0.218519 0.399306 0.022222 0.093056
2 0.773611 0.448611 0.032407 0.105556
2 0.138889 0.538889 0.059259 0.144444
2 0.14213 0.495833 0.058333 0.116667
2 0.711111 0.184028 0.016667 0.0375
6 0.441204 0.497222 0.119444 0.15
6 0.558796 0.39375 0.087963 0.106944
6 0.436574 0.407639 0.10463 0.1125
2 0.293056 0.501389 0.052778 0.125
2 0.256944 0.496528 0.037963 0.109722
2 0.340278 0.429861 0.039815 0.095833
2 0.306944 0.447917 0.032407 0.0875
2 0.243981 0.470833 0.043519 0.116667
2 0.393519 0.375 0.033333 0.102778
