2 0.465741 0.732639 0.107407 0.165278
2 0.184722 0.576389 0.086111 0.15
2 0.585648 0.652083 0.091667 0.140278
2 0.919907 0.49375 0.056481 0.1375
2 0.126389 0.799306 0.115741 0.176389
2 0.390741 0.347917 0.035185 0.106944
2 0.624074 0.364583 0.02963 0.120833
2 0.663889 0.375694 0.02963 0.106944
2 0.634722 0.816667 0.128704 0.191667
2 0.800463 0.768056 0.091667 0.144444
2 0.505556 0.380556 0.038889 0.116667
2 0.566204 0.348611 0.028704 0.108333
2 0.02963 0.736806 0.044444 0.165278
2 0.729167 0.427778 0.026852 0.083333
2 0.75463 0.214583 0.02037 0.059722
2 0.098611 0.670139 0.086111 0.131944
2 0.589815 0.327778 0.024074 0.1
2 0.92963 0.814583 0.118519 0.1875
2 0.685648 0.309028 0.025 0.084722
2 0.70463 0.609722 0.081481 0.102778
2 0.708333 0.242361 0.018519 0.059722
11 0.737963 0.343056 0.066667 0.147222
2 0.521759 0.33125 0.025 0.073611
2 0.674537 0.223611 0.015741 0.058333
2 0.676389 0.184028 0.017593 0.048611
2 0.71713 0.173611 0.017593 0.047222
2 0.80787 0.157639 0.013889 0.0375
2 0.731944 0.215972 0.019444 0.0625
