6 0.608333 0.1625 0.055556 0.061111
6 0.751852 0.436111 0.092593 0.172222
5 0.731944 0.207639 0.050926 0.076389
2 0.950463 0.770139 0.086111 0.2125
2 0.812037 0.817361 0.096296 0.201389
2 0.599074 0.497917 0.035185 0.1375
2 0.56713 0.329861 0.025 0.104167
2 0.666667 0.340278 0.025926 0.097222
2 0.694444 0.311111 0.024074 0.091667
2 0.68287 0.263194 0.021296 0.076389
2 0.633796 0.304861 0.025 0.090278
2 0.541667 0.266667 0.027778 0.086111
2 0.65463 0.238194 0.02037 0.065278
2 0.671296 0.213889 0.018519 0.069444
2 0.782407 0.207639 0.02037 0.065278
2 0.772685 0.178472 0.017593 0.0625
0 0.111111 0.413889 0.02037 0.119444
