2 0.158796 0.461806 0.075 0.123611
2 0.477778 0.413889 0.031481 0.122222
2 0.506019 0.322917 0.028704 0.106944
2 0.533796 0.349306 0.023148 0.098611
2 0.55463 0.270833 0.024074 0.086111
2 0.639352 0.327083 0.025 0.098611
2 0.671759 0.297917 0.023148 0.084722
2 0.774074 0.315972 0.022222 0.090278
2 0.784722 0.245833 0.017593 0.072222
2 0.864815 0.582639 0.062963 0.154167
2 0.962037 0.582639 0.059259 0.165278
2 0.643056 0.629167 0.049074 0.183333
2 0.716204 0.525694 0.037963 0.148611
2 0.701852 0.481944 0.042593 0.141667
2 0.6875 0.859028 0.091667 0.243056
2 0.798611 0.914583 0.097222 0.148611
2 0.722685 0.79375 0.078704 0.215278
2 0.764352 0.754167 0.067593 0.202778
2 0.912963 0.8875 0.107407 0.205556
2 0.847222 0.786111 0.077778 0.147222
2 0.840741 0.713889 0.07963 0.138889
2 0.600926 0.236111 0.024074 0.069444
2 0.668519 0.229861 0.016667 0.0625
2 0.65463 0.211806 0.018519 0.059722
2 0.689352 0.208333 0.017593 0.058333
2 0.71713 0.18125 0.019444 0.056944
2 0.74213 0.194444 0.017593 0.052778
2 0.678704 0.1875 0.02037 0.061111
2 0.807407 0.159722 0.014815 0.05
2 0.779167 0.165972 0.019444 0.054167
6 0.574537 0.417361 0.084259 0.148611
6 0.713426 0.375 0.065741 0.136111
6 0.73287 0.257639 0.067593 0.098611
