2 0.312963 0.440972 0.02963 0.104167
2 0.3625 0.728472 0.123148 0.156944
2 0.602315 0.700694 0.110185 0.156944
2 0.675463 0.647222 0.093519 0.144444
2 0.6875 0.597917 0.099074 0.131944
2 0.868981 0.635417 0.110185 0.123611
2 0.908333 0.679167 0.062963 0.083333
2 0.933333 0.897222 0.114815 0.175
2 0.415741 0.565278 0.092593 0.147222
2 0.519444 0.625 0.098148 0.138889
2 0.157407 0.668056 0.101852 0.155556
2 0.196759 0.591667 0.093519 0.138889
2 0.101852 0.556944 0.085185 0.141667
2 0.500463 0.368056 0.034259 0.113889
2 0.572685 0.328472 0.028704 0.106944
2 0.584259 0.277083 0.024074 0.090278
2 0.539815 0.263889 0.02963 0.080556
2 0.65463 0.197222 0.02037 0.052778
2 0.718056 0.192361 0.021296 0.045833
2 0.793981 0.385417 0.026852 0.098611
2 0.79537 0.158333 0.014815 0.055556
2 0.765278 0.156944 0.017593 0.058333
6 0.889352 0.810417 0.215741 0.195833
11 0.702315 0.338194 0.071296 0.231944
4 0.643056 0.280556 0.056481 0.111111
2 0.752778 0.257639 0.02037 0.070833
2 0.743981 0.206944 0.013889 0.05
2 0.766667 0.21875 0.018519 0.054167
