2 0.103241 0.575694 0.097222 0.165278
2 0.382407 0.771528 0.066667 0.243056
2 0.245833 0.521528 0.052778 0.148611
2 0.659259 0.572222 0.048148 0.15
2 0.874537 0.679861 0.067593 0.195833
2 0.373148 0.519444 0.038889 0.144444
2 0.598611 0.449306 0.034259 0.1375
2 0.697685 0.713194 0.071296 0.190278
2 0.753241 0.702778 0.056481 0.166667
2 0.946759 0.552778 0.052778 0.122222
2 0.777778 0.610417 0.05 0.140278
2 0.593519 0.327083 0.022222 0.084722
2 0.956481 0.645833 0.066667 0.144444
2 0.832407 0.867361 0.088889 0.215278
2 0.671759 0.491667 0.032407 0.108333
2 0.334259 0.938889 0.051852 0.102778
6 0.409259 0.422917 0.137037 0.143056
6 0.747222 0.3125 0.053704 0.111111
6 0.535648 0.317361 0.099074 0.140278
6 0.693056 0.378472 0.071296 0.143056
2 0.636574 0.313889 0.021296 0.091667
2 0.621759 0.290972 0.025 0.079167
2 0.655093 0.330556 0.021296 0.080556
2 0.034259 0.488194 0.055556 0.118056
2 0.4625 0.347222 0.023148 0.061111
6 0.67037 0.240972 0.048148 0.073611
6 0.778241 0.198611 0.036111 0.063889
6 0.812963 0.174306 0.031481 0.059722
