0 0.911574 0.445139 0.028704 0.109722
2 0.519444 0.640278 0.098148 0.15
2 0.109259 0.605556 0.090741 0.130556
2 0.260648 0.414583 0.056481 0.1125
2 0.725463 0.404861 0.034259 0.109722
2 0.503704 0.446528 0.037037 0.134722
2 0.689815 0.606944 0.122222 0.141667
2 0.37963 0.336806 0.038889 0.090278
2 0.698148 0.43125 0.02963 0.106944
2 0.418981 0.343056 0.025 0.094444
2 0.311111 0.55 0.090741 0.133333
2 0.928241 0.589583 0.065741 0.081944
6 0.313426 0.7125 0.262037 0.216667
6 0.14213 0.829167 0.265741 0.244444
6 0.649074 0.481944 0.092593 0.169444
6 0.752778 0.34375 0.062963 0.143056
6 0.492593 0.333333 0.083333 0.105556
6 0.609259 0.334722 0.064815 0.119444
12 0.798148 0.802778 0.388889 0.369444
6 0.658333 0.278472 0.048148 0.084722
9 0.581944 0.221528 0.080556 0.1125
2 0.822222 0.328472 0.035185 0.095833
2 0.557407 0.379167 0.024074 0.102778
2 0.677778 0.378472 0.022222 0.079167
2 0.544907 0.334722 0.026852 0.088889
6 0.741667 0.254861 0.042593 0.070833
6 0.774074 0.224306 0.044444 0.084722
