2 0.461574 0.715278 0.110185 0.163889
2 0.537037 0.59375 0.083333 0.120833
2 0.839815 0.693056 0.094444 0.161111
2 0.332407 0.6125 0.07963 0.127778
2 0.631944 0.735417 0.10463 0.151389
2 0.160648 0.575 0.086111 0.15
2 0.390278 0.642361 0.071296 0.134722
2 0.655093 0.375 0.028704 0.102778
2 0.648148 0.579167 0.07963 0.108333
2 0.414815 0.363889 0.02963 0.102778
2 0.187037 0.703472 0.094444 0.120833
2 0.95463 0.692361 0.074074 0.151389
2 0.491204 0.352778 0.032407 0.108333
2 0.232407 0.639583 0.072222 0.145833
2 0.602315 0.377083 0.034259 0.098611
2 0.701852 0.3875 0.027778 0.105556
2 0.533796 0.356944 0.030556 0.097222
6 0.261574 0.9 0.371296 0.183333
6 0.771759 0.375694 0.063889 0.145833
6 0.801852 0.18125 0.042593 0.065278
2 0.458796 0.336806 0.025 0.109722
2 0.626852 0.35 0.022222 0.088889
2 0.673611 0.351389 0.021296 0.086111
2 0.88287 0.666667 0.058333 0.155556
2 0.810185 0.385417 0.031481 0.106944
6 0.653704 0.247222 0.062963 0.097222
5 0.597685 0.311111 0.071296 0.102778
