6 0.563889 0.311806 0.088889 0.120833
6 0.636111 0.321528 0.066667 0.1125
6 0.725463 0.331944 0.056481 0.105556
2 0.471296 0.614583 0.042593 0.170833
2 0.386111 0.655556 0.111111 0.144444
2 0.353241 0.745833 0.119444 0.15
2 0.024537 0.676389 0.037963 0.144444
2 0.259259 0.421528 0.042593 0.115278
2 0.304167 0.434722 0.036111 0.125
2 0.340278 0.465972 0.030556 0.134722
2 0.391204 0.497917 0.034259 0.140278
2 0.442593 0.446528 0.033333 0.126389
2 0.522222 0.478472 0.031481 0.118056
2 0.708796 0.495833 0.050926 0.127778
2 0.825 0.449306 0.037037 0.118056
2 0.971759 0.48125 0.036111 0.118056
2 0.789815 0.447917 0.033333 0.1125
2 0.771296 0.397917 0.033333 0.106944
2 0.742593 0.416667 0.02963 0.113889
2 0.702315 0.397222 0.039815 0.091667
2 0.67963 0.361111 0.024074 0.113889
2 0.515278 0.379861 0.028704 0.084722
2 0.528704 0.360417 0.02963 0.084722
2 0.482407 0.367361 0.025926 0.079167
2 0.474537 0.345833 0.026852 0.086111
2 0.439815 0.347222 0.027778 0.1
2 0.420833 0.335417 0.034259 0.095833
2 0.47037 0.3 0.025926 0.080556
2 0.511574 0.296528 0.026852 0.068056
2 0.443981 0.253472 0.025 0.065278
2 0.62037 0.246528 0.024074 0.040278
2 0.561111 0.23125 0.024074 0.045833
2 0.584259 0.227083 0.027778 0.045833
2 0.668981 0.239583 0.023148 0.065278
2 0.667593 0.1875 0.018519 0.038889
2 0.706481 0.199306 0.018519 0.068056
6 0.71713 0.149306 0.049074 0.065278
10 0.80463 0.176389 0.055556 0.122222
