2 0.513889 0.6125 0.07963 0.136111
2 0.302315 0.663889 0.093519 0.141667
2 0.056019 0.80625 0.09537 0.179167
2 0.446296 0.656944 0.094444 0.15
2 0.296759 0.405556 0.050926 0.125
2 0.36713 0.578472 0.093519 0.154167
2 0.655093 0.642361 0.089815 0.140278
2 0.035648 0.575694 0.056481 0.131944
2 0.143519 0.552083 0.064815 0.129167
2 0.126852 0.473611 0.075926 0.122222
2 0.083333 0.644444 0.077778 0.127778
2 0.213889 0.740972 0.124074 0.168056
2 0.674537 0.415278 0.028704 0.111111
2 0.811574 0.397222 0.026852 0.097222
2 0.3875 0.361111 0.04537 0.094444
2 0.185185 0.604167 0.085185 0.125
2 0.068056 0.53125 0.047222 0.104167
2 0.631944 0.379861 0.023148 0.101389
2 0.584259 0.395833 0.025926 0.102778
2 0.759259 0.390278 0.037037 0.102778
6 0.438426 0.910417 0.347222 0.151389
10 0.839352 0.720833 0.30463 0.416667
6 0.783333 0.2 0.048148 0.083333
6 0.689352 0.218056 0.060185 0.083333
2 0.516204 0.363889 0.028704 0.097222
2 0.485648 0.350694 0.026852 0.098611
2 0.466204 0.334722 0.026852 0.102778
2 0.5625 0.372222 0.019444 0.1
2 0.726389 0.35 0.026852 0.094444
2 0.606944 0.356944 0.025 0.091667
2 0.599537 0.302778 0.023148 0.072222
2 0.575463 0.330556 0.019444 0.075
