2 0.199537 0.585417 0.091667 0.159722
2 0.306019 0.55625 0.084259 0.1375
2 0.443981 0.678472 0.10463 0.140278
2 0.082407 0.60625 0.083333 0.151389
2 0.674537 0.659028 0.082407 0.145833
2 0.452315 0.796528 0.117593 0.1625
2 0.730093 0.290278 0.025 0.091667
2 0.609259 0.732639 0.103704 0.145833
2 0.600926 0.35 0.02963 0.119444
2 0.590741 0.8875 0.137037 0.177778
2 0.922685 0.809028 0.106481 0.173611
2 0.029167 0.729167 0.04537 0.152778
2 0.760185 0.746528 0.161111 0.145833
2 0.971759 0.825 0.037963 0.088889
2 0.05787 0.519444 0.065741 0.111111
2 0.665741 0.372917 0.022222 0.106944
2 0.647222 0.338889 0.027778 0.111111
2 0.943056 0.713194 0.099074 0.118056
2 0.966204 0.638194 0.052778 0.098611
2 0.740741 0.161111 0.014815 0.044444
