2 0.471296 0.650694 0.103704 0.148611
2 0.611574 0.641667 0.082407 0.1
2 0.828241 0.690278 0.084259 0.127778
2 0.37963 0.602778 0.092593 0.15
2 0.428241 0.481944 0.041667 0.133333
2 0.282407 0.570833 0.096296 0.152778
2 0.203704 0.634722 0.096296 0.155556
2 0.10787 0.659722 0.099074 0.158333
2 0.14213 0.563194 0.071296 0.118056
2 0.095833 0.547917 0.049074 0.084722
2 0.036111 0.549306 0.057407 0.073611
2 0.523148 0.39375 0.02963 0.115278
2 0.581019 0.395833 0.030556 0.125
2 0.668519 0.373611 0.02963 0.097222
2 0.731944 0.43125 0.036111 0.118056
2 0.768056 0.397917 0.026852 0.106944
2 0.823611 0.413194 0.036111 0.123611
2 0.541667 0.304861 0.022222 0.081944
2 0.485648 0.361111 0.028704 0.097222
2 0.474537 0.298611 0.034259 0.072222
2 0.495833 0.278472 0.021296 0.059722
2 0.596759 0.209028 0.023148 0.048611
2 0.595833 0.254167 0.017593 0.058333
2 0.738426 0.200694 0.021296 0.073611
2 0.708796 0.245139 0.021296 0.076389
2 0.675926 0.304167 0.02037 0.063889
2 0.796759 0.352083 0.019444 0.095833
2 0.774537 0.288194 0.025 0.056944
2 0.807407 0.225 0.014815 0.058333
2 0.766667 0.152778 0.016667 0.052778
2 0.821296 0.131944 0.011111 0.036111
2 0.807407 0.125 0.014815 0.036111
6 0.690741 0.773611 0.325926 0.25
6 0.620833 0.326389 0.067593 0.136111
6 0.634259 0.243056 0.077778 0.091667
6 0.727315 0.304167 0.060185 0.116667
6 0.771759 0.226389 0.049074 0.069444
11 0.874074 0.835417 0.240741 0.309722
11 0.038889 0.726389 0.064815 0.322222
0 0.498611 0.228472 0.013889 0.051389
0 0.497222 0.190972 0.011111 0.045833
