2 0.839815 0.639583 0.101852 0.129167
2 0.881944 0.710417 0.10463 0.165278
2 0.958796 0.679167 0.069444 0.138889
2 0.836574 0.915972 0.149074 0.148611
2 0.7 0.872917 0.138889 0.168056
2 0.651852 0.7 0.118519 0.158333
2 0.471296 0.775694 0.124074 0.1625
2 0.444907 0.707639 0.123148 0.165278
2 0.572222 0.647222 0.101852 0.147222
2 0.55463 0.602083 0.105556 0.148611
2 0.597222 0.563194 0.109259 0.126389
2 0.572222 0.517361 0.077778 0.120833
2 0.62963 0.475 0.040741 0.133333
2 0.239352 0.632639 0.121296 0.168056
2 0.615741 0.302778 0.024074 0.1
2 0.656019 0.260417 0.019444 0.079167
2 0.701852 0.256944 0.02037 0.077778
2 0.5625 0.244444 0.030556 0.077778
2 0.686574 0.179861 0.015741 0.045833
2 0.733796 0.165972 0.021296 0.056944
2 0.75787 0.147222 0.017593 0.05
6 0.609259 0.159722 0.061111 0.061111
0 0.881481 0.551389 0.027778 0.119444
