2 0.871759 0.654861 0.075 0.1875
2 0.764352 0.614583 0.05463 0.168056
2 0.685185 0.597222 0.046296 0.163889
2 0.660185 0.461806 0.038889 0.123611
2 0.669444 0.34375 0.025926 0.098611
2 0.612963 0.334028 0.027778 0.093056
2 0.229167 0.444444 0.062037 0.127778
2 0.038889 0.498611 0.066667 0.136111
2 0.633796 0.274306 0.021296 0.079167
2 0.445833 0.255556 0.026852 0.063889
2 0.643519 0.211111 0.024074 0.061111
2 0.676852 0.232639 0.02037 0.054167
2 0.702778 0.184722 0.018519 0.061111
2 0.773611 0.201389 0.015741 0.061111
2 0.765278 0.160417 0.015741 0.0375
2 0.787963 0.152083 0.016667 0.043056
2 0.810648 0.145833 0.019444 0.044444
6 0.731019 0.2625 0.058333 0.113889
6 0.718981 0.15 0.049074 0.069444
0 0.865741 0.391667 0.024074 0.105556
2 0.978241 0.929167 0.030556 0.122222
