2 0.277778 0.835417 0.12963 0.190278
2 0.25 0.566667 0.092593 0.138889
2 0.411574 0.616667 0.089815 0.141667
2 0.946296 0.697917 0.085185 0.145833
2 0.565741 0.904167 0.137037 0.172222
2 0.621296 0.615278 0.077778 0.130556
2 0.477778 0.359028 0.031481 0.101389
2 0.633333 0.26875 0.022222 0.076389
2 0.0625 0.588889 0.060185 0.094444
2 0.491667 0.578472 0.083333 0.123611
2 0.826389 0.623611 0.067593 0.069444
2 0.748148 0.436111 0.037037 0.125
2 0.663889 0.635417 0.075926 0.104167
2 0.7 0.425 0.02963 0.125
2 0.650926 0.211806 0.022222 0.070833
2 0.543519 0.379861 0.025926 0.101389
2 0.656019 0.4125 0.026852 0.1
2 0.715741 0.350694 0.024074 0.084722
2 0.585185 0.288889 0.027778 0.077778
2 0.665741 0.361806 0.02963 0.095833
2 0.563426 0.266667 0.021296 0.072222
2 0.676852 0.248611 0.018519 0.063889
6 0.108796 0.709722 0.200926 0.208333
6 0.723148 0.25 0.061111 0.091667
5 0.593519 0.409028 0.081481 0.145833
11 0.7625 0.78125 0.315741 0.2625
2 0.536574 0.272917 0.025 0.081944
2 0.788889 0.2125 0.014815 0.061111
2 0.801389 0.188194 0.013889 0.054167
2 0.768981 0.161111 0.013889 0.055556
2 0.790741 0.161111 0.014815 0.05
2 0.746759 0.156944 0.015741 0.061111
2 0.489815 0.684722 0.111111 0.144444
2 0.528241 0.354167 0.025 0.102778
