2 0.484722 0.680556 0.110185 0.163889
2 0.058333 0.577083 0.07963 0.1375
2 0.658796 0.80625 0.110185 0.173611
2 0.488426 0.354167 0.028704 0.102778
2 0.526389 0.372917 0.028704 0.104167
2 0.347685 0.795139 0.123148 0.148611
2 0.82037 0.70625 0.096296 0.143056
2 0.135648 0.526389 0.082407 0.130556
2 0.316204 0.540278 0.086111 0.125
2 0.573611 0.356944 0.028704 0.108333
2 0.896759 0.818056 0.099074 0.15
2 0.647685 0.293056 0.021296 0.080556
2 0.664815 0.407639 0.02963 0.109722
2 0.771296 0.604167 0.074074 0.125
2 0.17037 0.731944 0.109259 0.158333
2 0.233796 0.679861 0.067593 0.156944
2 0.372222 0.642361 0.092593 0.140278
2 0.619907 0.35625 0.026852 0.101389
2 0.262963 0.617361 0.062963 0.131944
2 0.131019 0.653472 0.071296 0.120833
2 0.638426 0.719444 0.089815 0.133333
2 0.687963 0.640972 0.075926 0.123611
2 0.532407 0.565278 0.068519 0.102778
2 0.930556 0.624306 0.075926 0.115278
2 0.524537 0.622917 0.073148 0.115278
6 0.117593 0.879167 0.231481 0.233333
11 0.739815 0.329861 0.059259 0.129167
2 0.625 0.265972 0.022222 0.090278
2 0.719444 0.220833 0.016667 0.066667
