2 0.301389 0.502083 0.084259 0.123611
2 0.598148 0.593056 0.098148 0.144444
2 0.818056 0.703472 0.112037 0.143056
2 0.84537 0.840972 0.111111 0.154167
2 0.842593 0.943056 0.140741 0.094444
2 0.968056 0.666667 0.050926 0.1
2 0.068519 0.499306 0.081481 0.129167
2 0.452778 0.319444 0.038889 0.086111
2 0.602315 0.227778 0.023148 0.052778
2 0.543981 0.246528 0.026852 0.073611
2 0.644907 0.225694 0.017593 0.0625
2 0.673148 0.278472 0.02037 0.070833
2 0.708333 0.231944 0.02037 0.063889
2 0.761111 0.322222 0.024074 0.080556
2 0.772685 0.259028 0.017593 0.056944
2 0.719444 0.179167 0.018519 0.069444
2 0.743519 0.197222 0.016667 0.055556
2 0.760648 0.163889 0.013889 0.047222
6 0.503241 0.34375 0.100926 0.123611
6 0.593519 0.302778 0.07963 0.097222
6 0.786574 0.198611 0.050926 0.075
6 0.8125 0.145833 0.030556 0.047222
0 0.290741 0.306944 0.02037 0.122222
