2 0.733796 0.629167 0.04537 0.158333
2 0.170833 0.486806 0.04537 0.115278
2 0.22037 0.490278 0.035185 0.108333
2 0.793981 0.452083 0.026852 0.101389
2 0.306944 0.507639 0.036111 0.118056
2 0.353241 0.502778 0.032407 0.116667
2 0.252315 0.447222 0.028704 0.105556
2 0.400926 0.461111 0.035185 0.105556
6 0.481481 0.470139 0.105556 0.129167
6 0.768056 0.284028 0.043519 0.0625
6 0.562037 0.380556 0.068519 0.102778
6 0.757407 0.18125 0.031481 0.040278
11 0.700463 0.358333 0.091667 0.180556
2 0.301389 0.45625 0.041667 0.101389
2 0.304167 0.395139 0.036111 0.073611
2 0.334259 0.456944 0.025926 0.097222
2 0.423611 0.405556 0.026852 0.083333
2 0.451852 0.409722 0.024074 0.069444
2 0.478241 0.379861 0.021296 0.054167
2 0.450463 0.342361 0.028704 0.065278
2 0.371759 0.434028 0.032407 0.093056
11 0.711574 0.222222 0.04537 0.091667
6 0.836111 0.225694 0.033333 0.051389
6 0.7875 0.227778 0.032407 0.055556
