6 0.721759 0.342361 0.060185 0.106944
6 0.565741 0.315278 0.081481 0.102778
6 0.63287 0.254167 0.067593 0.088889
6 0.6875 0.225 0.056481 0.072222
11 0.756944 0.224306 0.089815 0.173611
11 0.814352 0.115972 0.030556 0.070833
11 0.760185 0.144444 0.044444 0.063889
9 0.82037 0.15625 0.024074 0.098611
2 0.747222 0.691667 0.111111 0.158333
2 0.372222 0.660417 0.111111 0.165278
2 0.294907 0.769444 0.123148 0.213889
2 0.509259 0.495139 0.05 0.140278
2 0.543981 0.395139 0.028704 0.120833
2 0.397222 0.418056 0.027778 0.111111
2 0.37963 0.383333 0.025926 0.111111
2 0.4125 0.339583 0.034259 0.101389
2 0.44537 0.342361 0.02963 0.0875
2 0.483333 0.372917 0.035185 0.106944
2 0.516667 0.379167 0.025926 0.108333
2 0.618056 0.384028 0.028704 0.098611
2 0.5875 0.368056 0.026852 0.097222
2 0.659722 0.386806 0.028704 0.095833
2 0.786111 0.404861 0.031481 0.118056
2 0.775 0.345139 0.024074 0.081944
2 0.66713 0.328472 0.026852 0.070833
2 0.69213 0.275 0.019444 0.072222
2 0.509259 0.293056 0.022222 0.066667
2 0.489352 0.325 0.028704 0.069444
2 0.568981 0.231944 0.025 0.063889
2 0.602315 0.234722 0.019444 0.066667
2 0.686574 0.176389 0.017593 0.047222
0 0.446759 0.224306 0.017593 0.070833
0 0.456481 0.222917 0.012963 0.0625
