2 0.785185 0.734722 0.090741 0.158333
2 0.507407 0.605556 0.077778 0.141667
2 0.674074 0.663194 0.094444 0.143056
2 0.487963 0.330556 0.027778 0.1
2 0.115278 0.672917 0.093519 0.129167
2 0.902778 0.667361 0.092593 0.131944
2 0.443519 0.302083 0.033333 0.093056
2 0.030556 0.622917 0.051852 0.140278
2 0.114352 0.571528 0.069444 0.123611
2 0.693519 0.407639 0.025926 0.106944
2 0.659259 0.410417 0.035185 0.1125
2 0.766204 0.377083 0.021296 0.093056
2 0.603241 0.370833 0.030556 0.108333
2 0.733333 0.409028 0.025926 0.101389
2 0.756944 0.391667 0.025 0.094444
6 0.575 0.295833 0.1 0.119444
6 0.727315 0.272222 0.052778 0.091667
9 0.283333 0.786111 0.422222 0.413889
2 0.648148 0.342361 0.02037 0.073611
2 0.681944 0.318056 0.021296 0.083333
2 0.673611 0.244444 0.019444 0.069444
2 0.639815 0.311806 0.022222 0.101389
2 0.705093 0.205556 0.019444 0.058333
