2 0.306481 0.727778 0.12037 0.175
2 0.442593 0.366667 0.033333 0.113889
2 0.792593 0.384028 0.027778 0.101389
2 0.485185 0.368056 0.024074 0.097222
2 0.517593 0.374306 0.027778 0.101389
2 0.559259 0.370139 0.02963 0.104167
2 0.545833 0.290972 0.026852 0.076389
2 0.655556 0.395139 0.025926 0.106944
6 0.718056 0.281944 0.052778 0.094444
6 0.602778 0.29375 0.074074 0.095833
6 0.758333 0.234722 0.053704 0.072222
6 0.673611 0.222917 0.062037 0.076389
5 0.657407 0.335417 0.075926 0.106944
2 0.653241 0.263194 0.015741 0.065278
5 0.794907 0.195833 0.049074 0.077778
2 0.715278 0.204167 0.019444 0.075
