2 0.452315 0.702778 0.117593 0.169444
2 0.073611 0.663889 0.102778 0.15
2 0.076389 0.59375 0.087963 0.126389
2 0.412963 0.372917 0.025926 0.081944
2 0.396296 0.335417 0.031481 0.084722
2 0.455556 0.345139 0.02963 0.095833
2 0.492593 0.394444 0.037037 0.125
2 0.561111 0.394444 0.031481 0.108333
2 0.605556 0.393056 0.035185 0.111111
2 0.705093 0.426389 0.032407 0.113889
2 0.643981 0.380556 0.030556 0.108333
2 0.676852 0.372222 0.024074 0.105556
2 0.767593 0.406944 0.033333 0.108333
2 0.810185 0.401389 0.033333 0.119444
2 0.727778 0.398611 0.024074 0.116667
2 0.748148 0.400694 0.025926 0.1125
2 0.79537 0.341667 0.025926 0.066667
2 0.526389 0.322222 0.021296 0.088889
2 0.502778 0.325694 0.02037 0.0875
2 0.554167 0.304861 0.026852 0.076389
2 0.551389 0.243056 0.012037 0.038889
2 0.523148 0.253472 0.018519 0.048611
2 0.600926 0.238889 0.022222 0.05
2 0.687037 0.299306 0.02037 0.065278
2 0.716204 0.243056 0.017593 0.052778
2 0.697685 0.247222 0.021296 0.055556
2 0.721759 0.175694 0.017593 0.054167
2 0.761574 0.178472 0.019444 0.045833
2 0.8125 0.164583 0.019444 0.045833
2 0.812963 0.125 0.011111 0.036111
2 0.658796 0.179167 0.023148 0.044444
2 0.690278 0.170139 0.021296 0.043056
6 0.739352 0.29375 0.058333 0.104167
6 0.615741 0.290972 0.068519 0.079167
6 0.65463 0.252778 0.055556 0.066667
6 0.777315 0.214583 0.043519 0.0625
7 0.674074 0.877778 0.42963 0.236111
