2 0.618981 0.472917 0.037963 0.134722
2 0.75787 0.689583 0.071296 0.201389
2 0.5375 0.40625 0.034259 0.109722
2 0.622222 0.343056 0.027778 0.105556
2 0.605093 0.261111 0.021296 0.080556
2 0.666667 0.279861 0.02037 0.076389
2 0.705556 0.26875 0.022222 0.084722
2 0.420833 0.369444 0.047222 0.116667
2 0.490278 0.303472 0.034259 0.093056
2 0.358796 0.367361 0.043519 0.109722
2 0.621759 0.203472 0.017593 0.056944
2 0.727315 0.18125 0.015741 0.056944
2 0.793056 0.15625 0.015741 0.045833
6 0.879167 0.650694 0.212037 0.290278
6 0.718981 0.431944 0.084259 0.166667
6 0.731019 0.340972 0.060185 0.104167
6 0.777315 0.215278 0.062037 0.080556
6 0.608333 0.156944 0.051852 0.058333
6 0.209722 0.474306 0.187963 0.165278
6 0.678704 0.227083 0.07037 0.0875
6 0.813426 0.124306 0.032407 0.043056
