2 0.724537 0.586111 0.058333 0.188889
2 0.583333 0.323611 0.027778 0.097222
2 0.661111 0.322917 0.022222 0.090278
2 0.668981 0.279861 0.021296 0.065278
2 0.791204 0.245139 0.017593 0.065278
2 0.439352 0.328472 0.039815 0.101389
2 0.521296 0.275694 0.027778 0.095833
2 0.587037 0.914583 0.083333 0.148611
2 0.702778 0.185417 0.018519 0.056944
2 0.726852 0.15 0.014815 0.038889
2 0.752315 0.155556 0.010185 0.036111
2 0.769907 0.160417 0.015741 0.056944
2 0.798611 0.176389 0.015741 0.047222
6 0.609259 0.161111 0.055556 0.061111
