2 0.061111 0.809028 0.112963 0.195833
2 0.685185 0.447222 0.02963 0.111111
2 0.72037 0.332639 0.022222 0.079167
2 0.398611 0.467361 0.037963 0.115278
2 0.781481 0.366667 0.027778 0.094444
2 0.518056 0.599306 0.067593 0.1375
2 0.25463 0.475694 0.038889 0.123611
2 0.340741 0.484722 0.053704 0.119444
2 0.297685 0.488194 0.034259 0.109722
2 0.863426 0.291667 0.021296 0.072222
2 0.203241 0.479167 0.037963 0.113889
2 0.368056 0.397222 0.026852 0.088889
6 0.524537 0.422222 0.099074 0.119444
12 0.598148 0.322222 0.087037 0.155556
2 0.398148 0.347917 0.027778 0.076389
2 0.330556 0.425694 0.025926 0.0625
