2 0.743519 0.723611 0.042593 0.172222
2 0.486574 0.375694 0.030556 0.093056
2 0.401389 0.620139 0.050926 0.159722
2 0.313426 0.447222 0.050926 0.113889
2 0.575926 0.338889 0.024074 0.080556
2 0.778704 0.456944 0.02963 0.108333
2 0.809722 0.538194 0.030556 0.118056
2 0.513889 0.329861 0.025926 0.076389
6 0.82037 0.282639 0.048148 0.068056
12 0.231019 0.806944 0.439815 0.380556
12 0.714352 0.30625 0.130556 0.268056
12 0.808333 0.169444 0.05 0.105556
2 0.587037 0.276389 0.022222 0.061111
2 0.875 0.279861 0.02037 0.0625
