2 0.865278 0.831944 0.097222 0.244444
2 0.132407 0.474306 0.072222 0.101389
2 0.447685 0.416667 0.030556 0.113889
2 0.462037 0.686111 0.044444 0.191667
2 0.569444 0.764583 0.057407 0.206944
2 0.619444 0.704167 0.057407 0.197222
2 0.524537 0.457639 0.032407 0.123611
2 0.968519 0.593056 0.05 0.113889
2 0.609722 0.436111 0.028704 0.105556
2 0.475463 0.573611 0.034259 0.116667
2 0.60463 0.540278 0.037037 0.116667
2 0.655093 0.520139 0.030556 0.115278
2 0.629167 0.222222 0.021296 0.061111
2 0.697222 0.442361 0.027778 0.1125
2 0.587963 0.384028 0.025926 0.095833
2 0.688889 0.365972 0.025926 0.090278
2 0.452778 0.309722 0.02963 0.075
2 0.641667 0.299306 0.033333 0.076389
2 0.663889 0.411806 0.024074 0.0875
5 0.690278 0.211806 0.05463 0.068056
6 0.806944 0.184028 0.041667 0.068056
10 0.551389 0.303472 0.115741 0.134722
11 0.821759 0.454861 0.158333 0.2875
2 0.7375 0.384028 0.023148 0.106944
2 0.716667 0.368056 0.024074 0.088889
2 0.698611 0.319444 0.021296 0.069444
2 0.715741 0.264583 0.016667 0.070833
2 0.726389 0.297917 0.021296 0.068056
2 0.636574 0.373611 0.026852 0.105556
2 0.49213 0.278472 0.028704 0.093056
2 0.730556 0.165278 0.012963 0.047222
6 0.768056 0.170139 0.043519 0.056944
