2 0.342593 0.688889 0.112963 0.161111
2 0.473611 0.640972 0.106481 0.151389
2 0.427778 0.595139 0.092593 0.140278
2 0.618056 0.586111 0.102778 0.136111
2 0.759259 0.584722 0.085185 0.119444
2 0.808796 0.618056 0.071296 0.069444
2 0.928704 0.707639 0.105556 0.140278
2 0.965278 0.880556 0.056481 0.130556
2 0.785185 0.852083 0.133333 0.173611
2 0.218519 0.54375 0.092593 0.126389
2 0.374537 0.457639 0.041667 0.118056
2 0.037037 0.610417 0.061111 0.131944
2 0.048611 0.479167 0.056481 0.116667
2 0.211111 0.435417 0.059259 0.118056
2 0.299537 0.390278 0.04537 0.105556
2 0.361111 0.395139 0.033333 0.104167
2 0.402778 0.352778 0.02963 0.097222
2 0.702778 0.427083 0.035185 0.129167
2 0.767593 0.4 0.027778 0.105556
2 0.800926 0.408333 0.033333 0.113889
2 0.844444 0.418056 0.035185 0.111111
2 0.890741 0.514583 0.062963 0.131944
2 0.969907 0.527778 0.047222 0.125
2 0.583333 0.472222 0.037037 0.122222
2 0.659259 0.43125 0.02963 0.120833
2 0.614815 0.41875 0.031481 0.129167
2 0.547685 0.372222 0.025 0.113889
2 0.513426 0.363889 0.028704 0.094444
2 0.435648 0.340972 0.017593 0.090278
2 0.460648 0.3625 0.036111 0.083333
2 0.493981 0.338194 0.019444 0.095833
2 0.45463 0.306944 0.025926 0.069444
2 0.493056 0.275 0.019444 0.061111
2 0.519907 0.285417 0.023148 0.070833
2 0.543519 0.277778 0.022222 0.072222
2 0.597685 0.3625 0.026852 0.097222
2 0.65787 0.3375 0.026852 0.091667
2 0.684259 0.340972 0.025926 0.0875
2 0.774074 0.29375 0.027778 0.0875
2 0.566667 0.275694 0.018519 0.065278
2 0.577315 0.307639 0.021296 0.073611
2 0.579167 0.218056 0.017593 0.055556
2 0.593056 0.25625 0.023148 0.0875
2 0.630093 0.210417 0.021296 0.048611
2 0.65 0.2 0.024074 0.055556
2 0.68287 0.177778 0.013889 0.052778
2 0.758796 0.159722 0.019444 0.058333
2 0.7375 0.170139 0.017593 0.054167
2 0.717593 0.182639 0.02037 0.043056
2 0.785648 0.158333 0.017593 0.044444
2 0.80787 0.150694 0.012037 0.051389
2 0.821759 0.172917 0.015741 0.059722
2 0.797685 0.227778 0.021296 0.058333
2 0.621296 0.338889 0.022222 0.069444
6 0.764352 0.751389 0.239815 0.208333
6 0.633796 0.285417 0.062037 0.0875
6 0.769907 0.221528 0.047222 0.068056
9 0.709722 0.282639 0.063889 0.156944
