2 0.622685 0.782639 0.063889 0.215278
2 0.103704 0.467361 0.07963 0.126389
2 0.498611 0.411806 0.030556 0.120833
2 0.664815 0.493056 0.038889 0.141667
2 0.581019 0.511806 0.036111 0.120833
2 0.55787 0.395139 0.026852 0.106944
2 0.036111 0.589583 0.055556 0.159722
2 0.710185 0.436806 0.027778 0.101389
2 0.685648 0.457639 0.026852 0.1125
6 0.331944 0.477083 0.14537 0.159722
6 0.826389 0.672222 0.202778 0.261111
6 0.790741 0.447917 0.107407 0.145833
6 0.610648 0.338194 0.075 0.115278
6 0.464352 0.326389 0.09537 0.105556
6 0.684259 0.229167 0.061111 0.077778
11 0.741204 0.279861 0.058333 0.143056
2 0.409259 0.322222 0.027778 0.086111
2 0.7125 0.257639 0.017593 0.070833
2 0.770833 0.132639 0.015741 0.043056
2 0.776852 0.257639 0.016667 0.065278
2 0.772685 0.215278 0.013889 0.052778
2 0.72963 0.36875 0.024074 0.104167
5 0.943519 0.605556 0.098148 0.216667
