0 0.501389 0.2125 0.017593 0.058333
2 0.708796 0.750694 0.065741 0.223611
2 0.876852 0.670139 0.072222 0.193056
2 0.648611 0.600694 0.062037 0.156944
2 0.635185 0.797222 0.059259 0.241667
2 0.50787 0.858333 0.069444 0.247222
2 0.55463 0.651389 0.042593 0.186111
2 0.496759 0.664583 0.050926 0.170833
2 0.398611 0.685417 0.043519 0.159722
2 0.349074 0.625 0.040741 0.186111
2 0.747685 0.494444 0.039815 0.122222
2 0.747222 0.427778 0.033333 0.077778
2 0.475463 0.547917 0.037963 0.134722
2 0.441667 0.635417 0.040741 0.179167
2 0.516204 0.447222 0.034259 0.116667
2 0.552315 0.379167 0.025 0.091667
2 0.395833 0.436111 0.028704 0.122222
2 0.457407 0.357639 0.027778 0.098611
2 0.384722 0.356944 0.041667 0.097222
2 0.266667 0.41875 0.053704 0.115278
2 0.108333 0.493056 0.081481 0.136111
2 0.692593 0.357639 0.022222 0.090278
2 0.606019 0.322222 0.030556 0.061111
2 0.586111 0.271528 0.02037 0.070833
2 0.612963 0.2375 0.02037 0.061111
2 0.622685 0.270139 0.021296 0.059722
2 0.650463 0.314583 0.015741 0.065278
2 0.664815 0.3375 0.02037 0.075
2 0.779167 0.315278 0.017593 0.063889
2 0.780556 0.261806 0.02037 0.056944
2 0.439352 0.2625 0.019444 0.058333
2 0.563889 0.244444 0.025926 0.052778
2 0.544444 0.304167 0.02037 0.066667
2 0.724537 0.256944 0.023148 0.066667
2 0.675 0.276389 0.02037 0.061111
2 0.69213 0.254861 0.021296 0.0625
2 0.648148 0.261806 0.02037 0.056944
6 0.923611 0.607639 0.139815 0.2125
6 0.777778 0.206944 0.035185 0.066667
6 0.803704 0.154167 0.044444 0.052778
6 0.8 0.123611 0.040741 0.05
9 0.743981 0.1625 0.05463 0.088889
7 0.636574 0.443056 0.086111 0.188889
