0 0.256019 0.39375 0.025 0.098611
2 0.184722 0.584028 0.060185 0.143056
2 0.285185 0.48125 0.046296 0.131944
2 0.090741 0.610417 0.048148 0.126389
2 0.032407 0.594444 0.048148 0.141667
2 0.834722 0.298611 0.019444 0.063889
6 0.444907 0.388889 0.10463 0.113889
6 0.758796 0.304167 0.050926 0.075
6 0.538426 0.415972 0.10463 0.145833
11 0.659259 0.268056 0.125926 0.141667
11 0.749537 0.184028 0.050926 0.073611
11 0.786111 0.144444 0.037037 0.083333
2 0.119444 0.551389 0.051852 0.111111
2 0.567593 0.251389 0.022222 0.063889
