2 0.213889 0.497222 0.024074 0.088889
2 0.551389 0.453472 0.025 0.076389
2 0.509722 0.420833 0.026852 0.069444
2 0.140278 0.524306 0.026852 0.093056
2 0.240278 0.48125 0.025 0.090278
2 0.18287 0.477083 0.023148 0.084722
2 0.128704 0.442361 0.018519 0.070833
11 0.27963 0.422917 0.085185 0.140278
11 0.24537 0.35 0.062963 0.111111
2 0.528241 0.45 0.025 0.066667
2 0.706944 0.386806 0.021296 0.059722
2 0.130093 0.378472 0.015741 0.051389
2 0.151852 0.452778 0.02037 0.058333
2 0.160648 0.41875 0.017593 0.065278
2 0.175 0.359722 0.02037 0.047222
2 0.190278 0.422917 0.015741 0.065278
2 0.196296 0.388194 0.016667 0.059722
2 0.152778 0.368056 0.018519 0.058333
2 0.169444 0.285417 0.014815 0.043056
2 0.230556 0.2375 0.011111 0.027778
2 0.17037 0.511111 0.025926 0.088889
2 0.117593 0.349306 0.012963 0.040278
