2 0.431944 0.698611 0.056481 0.141667
2 0.697685 0.659722 0.050926 0.127778
2 0.792593 0.729167 0.057407 0.111111
2 0.919444 0.757639 0.055556 0.143056
2 0.225926 0.854861 0.05 0.176389
2 0.291667 0.908333 0.05 0.152778
2 0.168981 0.615278 0.026852 0.108333
2 0.207407 0.732639 0.031481 0.109722
2 0.205093 0.634722 0.030556 0.105556
2 0.268056 0.783333 0.041667 0.141667
2 0.69537 0.552778 0.042593 0.088889
2 0.45463 0.564583 0.051852 0.095833
2 0.861111 0.695833 0.051852 0.122222
2 0.822685 0.63125 0.050926 0.098611
2 0.609259 0.515278 0.038889 0.080556
2 0.416204 0.435417 0.026852 0.073611
2 0.568519 0.525694 0.025926 0.0875
2 0.631481 0.454861 0.040741 0.068056
2 0.190278 0.556944 0.023148 0.080556
6 0.5625 0.791667 0.165741 0.219444
6 0.367593 0.788194 0.153704 0.265278
6 0.280556 0.620833 0.096296 0.172222
6 0.373611 0.575 0.10463 0.147222
5 0.293056 0.461806 0.062037 0.109722
6 0.459722 0.515972 0.087963 0.104167
6 0.22963 0.513194 0.064815 0.115278
5 0.22037 0.4375 0.053704 0.069444
2 0.24213 0.704167 0.023148 0.105556
2 0.147222 0.597222 0.022222 0.102778
2 0.15 0.515278 0.018519 0.083333
2 0.180093 0.488889 0.019444 0.080556
2 0.162963 0.479167 0.014815 0.080556
2 0.135185 0.485417 0.018519 0.084722
2 0.147685 0.448611 0.013889 0.058333
2 0.149537 0.395833 0.013889 0.052778
2 0.179167 0.425694 0.019444 0.070833
2 0.166204 0.409722 0.013889 0.058333
2 0.160185 0.375694 0.012963 0.056944
2 0.138889 0.352778 0.011111 0.038889
6 0.262037 0.409028 0.046296 0.0875
6 0.238426 0.373611 0.043519 0.058333
2 0.398148 0.38125 0.012963 0.051389
2 0.417593 0.399306 0.018519 0.045833
2 0.443056 0.398611 0.019444 0.055556
2 0.454167 0.429167 0.021296 0.066667
2 0.486111 0.43125 0.025926 0.0625
2 0.508796 0.431944 0.025 0.066667
2 0.538889 0.490278 0.027778 0.072222
2 0.556019 0.468056 0.019444 0.069444
2 0.636574 0.601389 0.050926 0.088889
2 0.749074 0.442361 0.035185 0.056944
1 0.358796 0.331944 0.012037 0.047222
2 0.387037 0.356944 0.016667 0.044444
6 0.323611 0.364583 0.050926 0.070833
6 0.241204 0.288889 0.025 0.038889
6 0.212037 0.255556 0.02037 0.027778
2 0.159722 0.3375 0.006481 0.025
2 0.123148 0.423611 0.011111 0.05
2 0.123148 0.295139 0.007407 0.029167
6 0.2125 0.33125 0.025 0.051389
11 0.184722 0.34375 0.034259 0.0875
2 0.151389 0.316667 0.008333 0.030556
6 0.200463 0.290278 0.026852 0.038889
2 0.319444 0.516667 0.022222 0.086111
2 0.120833 0.379167 0.010185 0.038889
