2 0.181481 0.411111 0.064815 0.102778
2 0.939352 0.839583 0.102778 0.2375
2 0.221759 0.346528 0.021296 0.081944
2 0.41713 0.364583 0.052778 0.098611
2 0.730093 0.654861 0.052778 0.170833
2 0.702315 0.359722 0.026852 0.097222
2 0.565741 0.316667 0.046296 0.072222
2 0.618981 0.391667 0.026852 0.097222
2 0.667593 0.433333 0.02963 0.108333
2 0.453241 0.277083 0.023148 0.076389
2 0.683333 0.534722 0.040741 0.138889
2 0.633796 0.324306 0.025 0.081944
2 0.831944 0.518056 0.049074 0.144444
2 0.762037 0.593056 0.031481 0.130556
2 0.428704 0.259028 0.022222 0.0625
2 0.814815 0.451389 0.027778 0.088889
2 0.335648 0.242361 0.019444 0.0625
2 0.743056 0.486111 0.036111 0.122222
2 0.92963 0.583333 0.062963 0.147222
2 0.539815 0.265972 0.018519 0.0625
2 0.384722 0.224306 0.015741 0.054167
6 0.552778 0.433333 0.096296 0.138889
6 0.8 0.356944 0.07963 0.094444
2 0.719907 0.535417 0.041667 0.131944
2 0.954167 0.650694 0.063889 0.154167
2 0.93287 0.726389 0.078704 0.136111
2 0.498611 0.240278 0.017593 0.052778
2 0.519907 0.225694 0.013889 0.054167
2 0.343056 0.191667 0.012037 0.041667
2 0.505556 0.214583 0.011111 0.034722
6 0.477778 0.201389 0.033333 0.052778
6 0.431019 0.184722 0.030556 0.047222
11 0.370833 0.153472 0.021296 0.065278
2 0.068056 0.406944 0.062037 0.063889
