2 0.135185 0.453472 0.066667 0.104167
2 0.692593 0.441667 0.038889 0.108333
2 0.224537 0.473611 0.037963 0.130556
2 0.301389 0.551389 0.049074 0.175
2 0.397685 0.456944 0.037963 0.125
2 0.293981 0.406944 0.030556 0.105556
2 0.932407 0.584028 0.05 0.145833
2 0.423611 0.260417 0.023148 0.068056
2 0.629167 0.358333 0.026852 0.080556
2 0.833796 0.405556 0.030556 0.1
2 0.463426 0.233333 0.019444 0.058333
2 0.870833 0.554167 0.049074 0.125
2 0.7625 0.911111 0.080556 0.158333
2 0.57963 0.256944 0.018519 0.063889
2 0.617593 0.320139 0.027778 0.076389
1 0.696759 0.344444 0.026852 0.091667
2 0.535648 0.311806 0.019444 0.070833
2 0.890741 0.364583 0.035185 0.076389
2 0.909259 0.436806 0.02963 0.098611
2 0.774074 0.514583 0.064815 0.104167
2 0.5375 0.267361 0.019444 0.059722
6 0.809722 0.695833 0.236111 0.297222
6 0.199074 0.420139 0.138889 0.098611
2 0.793056 0.4125 0.032407 0.088889
2 0.963426 0.338194 0.026852 0.076389
2 0.513889 0.223611 0.014815 0.047222
2 0.36713 0.167361 0.013889 0.045833
6 0.824537 0.331944 0.09537 0.083333
2 0.741667 0.270139 0.035185 0.0625
0 0.301852 0.315972 0.02037 0.073611
0 0.700926 0.254167 0.014815 0.058333
2 0.068981 0.404861 0.058333 0.076389
