2 0.287963 0.392361 0.02963 0.118056
2 0.56713 0.430556 0.069444 0.108333
2 0.219444 0.529167 0.038889 0.144444
2 0.763889 0.559028 0.05 0.151389
2 0.816667 0.514583 0.044444 0.148611
2 0.135648 0.485417 0.039815 0.134722
2 0.456019 0.313194 0.041667 0.0875
2 0.619444 0.327083 0.025926 0.0875
2 0.511574 0.39375 0.049074 0.101389
2 0.70787 0.422222 0.037963 0.116667
2 0.854167 0.450694 0.036111 0.123611
2 0.275463 0.297917 0.019444 0.076389
2 0.303241 0.280556 0.017593 0.072222
2 0.592593 0.275 0.018519 0.061111
2 0.321296 0.25 0.018519 0.061111
6 0.552778 0.290278 0.059259 0.075
12 0.472685 0.204861 0.091667 0.181944
2 0.061574 0.422222 0.041667 0.1
2 0.331019 0.204861 0.008333 0.040278
2 0.341667 0.163194 0.011111 0.029167
6 0.549537 0.211806 0.032407 0.045833
6 0.412037 0.154167 0.018519 0.038889
