2 0.596759 0.33125 0.05463 0.095833
2 0.62963 0.602778 0.057407 0.163889
2 0.722222 0.697917 0.051852 0.190278
2 0.375 0.515278 0.040741 0.136111
2 0.949074 0.639583 0.07037 0.154167
2 0.843519 0.615278 0.059259 0.180556
2 0.281944 0.372222 0.023148 0.094444
2 0.521759 0.303472 0.043519 0.073611
2 0.75 0.452778 0.038889 0.122222
2 0.188426 0.834028 0.065741 0.259722
2 0.085648 0.429861 0.067593 0.106944
2 0.243519 0.461111 0.038889 0.138889
2 0.714352 0.507639 0.043519 0.140278
2 0.299537 0.316667 0.021296 0.072222
2 0.321296 0.276389 0.016667 0.063889
2 0.564815 0.263889 0.018519 0.058333
0 0.202778 0.345833 0.018519 0.086111
2 0.328241 0.226389 0.013889 0.05
2 0.309722 0.217361 0.010185 0.0375
2 0.334259 0.193056 0.012963 0.044444
2 0.32037 0.186806 0.011111 0.0375
2 0.527778 0.259028 0.016667 0.054167
2 0.507407 0.211806 0.011111 0.045833
2 0.4875 0.195833 0.012037 0.041667
2 0.466667 0.193056 0.011111 0.041667
2 0.476852 0.184028 0.009259 0.043056
6 0.549074 0.213194 0.037037 0.051389
6 0.472685 0.154167 0.023148 0.036111
6 0.413889 0.161111 0.025926 0.044444
11 0.436574 0.195139 0.039815 0.065278
