2 0.232407 0.386111 0.027778 0.105556
2 0.387037 0.406944 0.059259 0.108333
2 0.576389 0.409028 0.063889 0.098611
2 0.295833 0.404861 0.030556 0.126389
2 0.799537 0.497917 0.043519 0.148611
2 0.7125 0.452083 0.036111 0.123611
2 0.485185 0.341667 0.042593 0.075
2 0.9 0.588194 0.051852 0.151389
2 0.279167 0.330556 0.021296 0.072222
2 0.614352 0.29375 0.021296 0.073611
2 0.6625 0.353472 0.026852 0.090278
2 0.971759 0.671528 0.041667 0.143056
2 0.426852 0.305556 0.024074 0.069444
2 0.740741 0.416667 0.027778 0.111111
2 0.54213 0.271528 0.017593 0.0625
2 0.375 0.280556 0.018519 0.072222
6 0.499074 0.280556 0.057407 0.075
11 0.813426 0.800694 0.350926 0.376389
2 0.296759 0.286806 0.017593 0.068056
2 0.280093 0.246528 0.013889 0.054167
2 0.408796 0.273611 0.039815 0.052778
2 0.402315 0.243056 0.021296 0.041667
2 0.431019 0.249306 0.032407 0.054167
2 0.527315 0.248611 0.015741 0.047222
2 0.556944 0.261806 0.015741 0.056944
2 0.306481 0.205556 0.012963 0.038889
2 0.337963 0.178472 0.009259 0.031944
6 0.368981 0.217361 0.030556 0.051389
6 0.45787 0.216667 0.034259 0.047222
6 0.407407 0.154861 0.018519 0.031944
2 0.365278 0.157639 0.010185 0.031944
2 0.420833 0.179861 0.012037 0.040278
6 0.550463 0.2125 0.032407 0.047222
