2 0.291667 0.334722 0.024074 0.091667
2 0.643056 0.438194 0.034259 0.126389
2 0.212963 0.625 0.044444 0.172222
2 0.830556 0.353472 0.05 0.079167
2 0.256944 0.293056 0.019444 0.072222
2 0.18287 0.766667 0.075 0.263889
2 0.902315 0.374306 0.034259 0.079167
6 0.735185 0.426389 0.074074 0.125
5 0.927315 0.817361 0.136111 0.256944
11 0.426389 0.247917 0.110185 0.143056
11 0.328241 0.256944 0.05463 0.130556
2 0.039815 0.427778 0.066667 0.091667
2 0.518519 0.227083 0.011111 0.051389
2 0.501852 0.204167 0.011111 0.036111
2 0.465278 0.178472 0.012037 0.0375
2 0.290278 0.234722 0.013889 0.052778
2 0.281019 0.218056 0.010185 0.041667
2 0.950463 0.33125 0.036111 0.070833
6 0.977778 0.308333 0.031481 0.072222
6 0.549537 0.215278 0.036111 0.052778
6 0.376389 0.168056 0.026852 0.041667
6 0.404167 0.14375 0.017593 0.034722
6 0.368519 0.20625 0.024074 0.043056
