2 0.699537 0.870833 0.073148 0.186111
2 0.331944 0.872222 0.04537 0.191667
2 0.775463 0.544444 0.058333 0.105556
2 0.426852 0.570833 0.040741 0.127778
2 0.622685 0.545139 0.037963 0.101389
2 0.962963 0.577778 0.057407 0.102778
2 0.253704 0.574306 0.035185 0.115278
2 0.326389 0.519444 0.028704 0.102778
2 0.820833 0.710417 0.050926 0.134722
2 0.261111 0.388889 0.02037 0.066667
2 0.841667 0.467361 0.046296 0.079167
2 0.375463 0.406944 0.023148 0.072222
2 0.481481 0.44375 0.02963 0.079167
2 0.159259 0.368056 0.014815 0.058333
2 0.189352 0.363889 0.019444 0.066667
2 0.218056 0.344444 0.017593 0.061111
2 0.552315 0.938194 0.063889 0.109722
0 0.735185 0.531944 0.031481 0.063889
2 0.976389 0.809028 0.034259 0.106944
2 0.77963 0.709722 0.040741 0.119444
2 0.447685 0.388889 0.019444 0.066667
9 0.676852 0.718056 0.181481 0.188889
6 0.281019 0.327083 0.037963 0.051389
2 0.359722 0.363194 0.012037 0.045833
2 0.352778 0.331944 0.014815 0.044444
2 0.327315 0.321528 0.013889 0.043056
2 0.311574 0.327778 0.012037 0.044444
2 0.29213 0.285417 0.012037 0.031944
2 0.171296 0.327083 0.011111 0.040278
2 0.150463 0.316667 0.010185 0.047222
2 0.159722 0.304861 0.010185 0.040278
6 0.181019 0.276389 0.026852 0.038889
2 0.155093 0.265278 0.008333 0.030556
2 0.181481 0.304861 0.009259 0.034722
2 0.133796 0.286806 0.008333 0.034722
2 0.143519 0.252083 0.007407 0.023611
2 0.429167 0.347917 0.013889 0.040278
2 0.403704 0.409028 0.018519 0.065278
2 0.412037 0.3875 0.014815 0.055556
2 0.461111 0.411111 0.022222 0.063889
2 0.588426 0.442361 0.047222 0.065278
2 0.876852 0.465972 0.016667 0.065278
0 0.891204 0.4625 0.012037 0.066667
