2 0.280093 0.304167 0.021296 0.083333
2 0.1625 0.779861 0.056481 0.226389
botleft 0.651852 0.316667 0.025926 0.075
botleft 0.706019 0.489583 0.039815 0.143056
botleft 0.843981 0.59375 0.056481 0.159722
botleft 0.842593 0.445833 0.035185 0.116667
botleft 0.783796 0.484028 0.043519 0.131944
botleft 0.518519 0.259722 0.018519 0.069444
botleft 0.590741 0.290278 0.02037 0.063889
botleft 0.386574 0.23125 0.019444 0.0625
name 0.580093 0.513194 0.125 0.176389
name 0.457407 0.286111 0.085185 0.077778
name 0.901852 0.826389 0.190741 0.305556
name 0.333796 0.217361 0.034259 0.048611
