2 0.913889 0.736111 0.07037 0.136111
2 0.813889 0.648611 0.057407 0.122222
2 0.358333 0.868056 0.048148 0.183333
2 0.225926 0.701389 0.037037 0.141667
2 0.726852 0.617361 0.05 0.106944
2 0.493981 0.620139 0.050926 0.118056
2 0.62963 0.570833 0.037037 0.1
2 0.189815 0.579167 0.027778 0.102778
2 0.291204 0.647917 0.034259 0.129167
2 0.356019 0.716667 0.049074 0.15
2 0.418981 0.561806 0.043519 0.118056
2 0.3375 0.604167 0.030556 0.105556
2 0.466204 0.790972 0.047222 0.129167
2 0.467593 0.925 0.062963 0.119444
2 0.5375 0.495139 0.028704 0.079167
2 0.265278 0.518056 0.026852 0.097222
2 0.235648 0.627778 0.032407 0.111111
2 0.333333 0.481944 0.025926 0.086111
2 0.153241 0.432639 0.021296 0.079167
2 0.31713 0.533333 0.028704 0.091667
2 0.194444 0.479167 0.024074 0.086111
2 0.503241 0.504167 0.028704 0.083333
2 0.241204 0.560417 0.028704 0.0875
2 0.231019 0.513889 0.026852 0.075
2 0.247685 0.452778 0.021296 0.069444
6 0.584722 0.764583 0.173148 0.204167
6 0.889815 0.9 0.207407 0.175
6 0.371759 0.413194 0.071296 0.084722
5 0.233333 0.3625 0.040741 0.066667
6 0.30463 0.34375 0.044444 0.059722
2 0.206019 0.436806 0.017593 0.059722
2 0.185185 0.415278 0.012963 0.05
2 0.189815 0.374306 0.012963 0.043056
2 0.202778 0.378472 0.012963 0.051389
2 0.166667 0.348611 0.012963 0.047222
2 0.141204 0.360417 0.013889 0.051389
2 0.175926 0.378472 0.012963 0.048611
2 0.185185 0.334722 0.011111 0.041667
2 0.448148 0.443056 0.024074 0.063889
2 0.469907 0.431944 0.021296 0.072222
2 0.483333 0.420139 0.014815 0.0625
2 0.503241 0.446528 0.025 0.056944
2 0.599074 0.529167 0.037037 0.091667
2 0.62037 0.509722 0.02037 0.091667
2 0.405556 0.409028 0.02037 0.070833
2 0.420833 0.404167 0.017593 0.069444
2 0.375926 0.353472 0.016667 0.054167
2 0.401389 0.367361 0.015741 0.048611
2 0.415741 0.363889 0.018519 0.061111
6 0.191667 0.304167 0.025926 0.038889
2 0.151852 0.334722 0.011111 0.05
6 0.1875 0.280556 0.025 0.033333
2 0.286111 0.291667 0.011111 0.038889
2 0.517593 0.363889 0.014815 0.061111
