2 0.435648 0.386111 0.023148 0.069444
2 0.402315 0.377778 0.019444 0.063889
2 0.587963 0.436111 0.044444 0.069444
2 0.487037 0.422222 0.027778 0.075
2 0.151852 0.575694 0.031481 0.093056
2 0.190278 0.500694 0.025 0.098611
6 0.309722 0.46875 0.073148 0.118056
6 0.241667 0.479167 0.068519 0.111111
11 0.351389 0.370139 0.067593 0.109722
2 0.069444 0.517361 0.018519 0.084722
2 0.072685 0.459028 0.019444 0.048611
2 0.115278 0.468056 0.015741 0.072222
2 0.129167 0.48125 0.013889 0.070833
2 0.144907 0.514583 0.017593 0.056944
2 0.115741 0.399306 0.012963 0.051389
2 0.133796 0.427778 0.015741 0.061111
2 0.163426 0.506944 0.015741 0.063889
2 0.166667 0.465972 0.014815 0.045833
6 0.199074 0.434722 0.038889 0.072222
11 0.277315 0.393056 0.062037 0.119444
2 0.2 0.382639 0.011111 0.0375
2 0.173148 0.320833 0.011111 0.038889
6 0.199074 0.303472 0.031481 0.051389
6 0.247685 0.2875 0.025 0.033333
2 0.203241 0.354861 0.012037 0.040278
2 0.301389 0.292361 0.010185 0.034722
5 0.225463 0.266667 0.021296 0.033333
2 0.271296 0.271528 0.009259 0.029167
2 0.161574 0.339583 0.010185 0.031944
2 0.118981 0.352083 0.012037 0.043056
