2 0.500926 0.695139 0.053704 0.156944
2 0.381019 0.75625 0.047222 0.168056
2 0.203704 0.58125 0.027778 0.106944
2 0.331019 0.767361 0.047222 0.148611
2 0.456944 0.570833 0.052778 0.108333
2 0.235648 0.393056 0.021296 0.072222
2 0.241667 0.577083 0.02963 0.109722
2 0.461574 0.434722 0.030556 0.072222
2 0.345833 0.905556 0.05463 0.155556
2 0.323148 0.663889 0.037037 0.108333
2 0.413889 0.590972 0.042593 0.1375
2 0.159722 0.585417 0.030556 0.109722
2 0.547685 0.934028 0.062037 0.1125
2 0.393519 0.359722 0.022222 0.061111
2 0.927315 0.91875 0.123148 0.148611
2 0.174074 0.536806 0.025926 0.093056
2 0.17963 0.429861 0.022222 0.079167
2 0.367593 0.365278 0.02037 0.061111
2 0.213889 0.481944 0.024074 0.080556
2 0.237037 0.50625 0.025926 0.079167
6 0.318519 0.471528 0.068519 0.098611
2 0.16713 0.368056 0.023148 0.063889
2 0.143056 0.378472 0.019444 0.056944
2 0.14213 0.2875 0.013889 0.041667
2 0.15 0.257639 0.011111 0.0375
2 0.136574 0.25625 0.010185 0.031944
