2 0.710648 0.6125 0.058333 0.172222
2 0.228704 0.372222 0.027778 0.105556
2 0.155556 0.563194 0.044444 0.170833
2 0.570833 0.378472 0.050926 0.090278
2 0.243981 0.609722 0.039815 0.172222
2 0.803704 0.600694 0.053704 0.145833
2 0.752778 0.415278 0.035185 0.113889
2 0.606019 0.3375 0.025 0.091667
2 0.914815 0.877083 0.107407 0.220833
2 0.950926 0.645139 0.057407 0.131944
2 0.837963 0.536806 0.05 0.151389
2 0.705556 0.490278 0.042593 0.122222
2 0.397685 0.320833 0.026852 0.072222
2 0.63287 0.33125 0.025 0.076389
6 0.514352 0.335417 0.100926 0.079167
6 0.294444 0.426389 0.072222 0.147222
11 0.375926 0.238194 0.101852 0.109722
2 0.571759 0.290278 0.017593 0.066667
2 0.550926 0.263194 0.016667 0.056944
2 0.500926 0.278472 0.022222 0.034722
2 0.473148 0.272917 0.024074 0.065278
2 0.454167 0.263194 0.021296 0.059722
2 0.521296 0.217361 0.012963 0.043056
2 0.498148 0.199306 0.014815 0.048611
2 0.078241 0.4125 0.056481 0.102778
6 0.446759 0.215278 0.039815 0.052778
6 0.500926 0.254167 0.040741 0.058333
6 0.549074 0.213194 0.035185 0.045833
6 0.439352 0.161806 0.021296 0.034722
6 0.37037 0.151389 0.024074 0.041667
6 0.288889 0.252778 0.044444 0.069444
6 0.323148 0.197222 0.027778 0.041667
