0 0.758333 0.475694 0.02037 0.076389
2 0.850463 0.736111 0.063889 0.119444
2 0.246296 0.765972 0.046296 0.159722
2 0.562037 0.496528 0.033333 0.084722
2 0.487963 0.470833 0.02963 0.083333
2 0.380093 0.845833 0.05463 0.219444
2 0.410648 0.383333 0.023148 0.066667
2 0.588889 0.432639 0.040741 0.068056
2 0.143519 0.499306 0.022222 0.084722
2 0.218981 0.502083 0.025 0.093056
2 0.368056 0.718056 0.037963 0.105556
2 0.236574 0.595833 0.032407 0.105556
2 0.882407 0.454861 0.027778 0.079167
2 0.168519 0.530556 0.024074 0.1
2 0.250926 0.66875 0.037037 0.101389
2 0.185185 0.502083 0.024074 0.0875
6 0.427778 0.613194 0.116667 0.154167
6 0.562963 0.904167 0.17963 0.169444
6 0.294444 0.5375 0.083333 0.169444
6 0.207407 0.375 0.040741 0.066667
11 0.915741 0.852778 0.157407 0.275
2 0.2 0.468056 0.02037 0.077778
2 0.169444 0.448611 0.016667 0.072222
2 0.178704 0.402778 0.016667 0.063889
2 0.172685 0.372222 0.013889 0.05
2 0.130093 0.423611 0.013889 0.066667
2 0.142593 0.383333 0.012963 0.061111
2 0.131019 0.329167 0.012037 0.044444
2 0.157407 0.326389 0.011111 0.041667
2 0.164352 0.320139 0.008333 0.040278
6 0.199074 0.322222 0.037037 0.044444
6 0.268981 0.417361 0.052778 0.076389
6 0.193056 0.28125 0.030556 0.048611
2 0.339352 0.320833 0.012037 0.041667
2 0.140278 0.279861 0.006481 0.029167
2 0.150926 0.359028 0.011111 0.048611
