2 0.410185 0.8125 0.057407 0.177778
2 0.8375 0.669444 0.062037 0.111111
2 0.199537 0.745833 0.036111 0.141667
2 0.178241 0.636111 0.026852 0.113889
2 0.756019 0.547917 0.050926 0.109722
2 0.631481 0.456944 0.040741 0.075
2 0.29537 0.797917 0.066667 0.184722
2 0.477315 0.43125 0.026852 0.073611
2 0.330093 0.709028 0.041667 0.129167
2 0.586111 0.476389 0.033333 0.077778
2 0.869907 0.472917 0.039815 0.076389
2 0.228704 0.639583 0.033333 0.118056
2 0.154167 0.577083 0.026852 0.095833
2 0.446759 0.39375 0.026852 0.0625
2 0.535648 0.464583 0.037963 0.098611
2 0.390278 0.388889 0.023148 0.061111
2 0.416204 0.36875 0.019444 0.054167
2 0.82963 0.911806 0.07963 0.148611
2 0.247222 0.552778 0.022222 0.1
2 0.499074 0.93125 0.055556 0.118056
5 0.874537 0.880556 0.234259 0.208333
6 0.209722 0.464583 0.05463 0.084722
9 0.391667 0.559028 0.266667 0.379167
2 0.219444 0.570139 0.02037 0.073611
2 0.264352 0.539583 0.017593 0.104167
2 0.194907 0.54375 0.023148 0.090278
2 0.169907 0.531944 0.019444 0.086111
2 0.139815 0.515278 0.022222 0.072222
6 0.249074 0.4 0.038889 0.063889
5 0.22963 0.354861 0.037037 0.0625
2 0.225 0.4125 0.018519 0.052778
6 0.203241 0.325694 0.036111 0.048611
2 0.166204 0.393056 0.017593 0.055556
2 0.169444 0.455556 0.016667 0.058333
2 0.144444 0.459722 0.012963 0.05
2 0.129167 0.440278 0.017593 0.066667
2 0.139815 0.409028 0.014815 0.068056
2 0.303241 0.322222 0.010185 0.036111
2 0.308333 0.309722 0.011111 0.030556
2 0.198148 0.375 0.014815 0.05
2 0.164815 0.345833 0.012963 0.044444
2 0.120833 0.323611 0.010185 0.041667
2 0.15 0.327778 0.009259 0.036111
2 0.356944 0.359722 0.015741 0.055556
0 0.710185 0.434722 0.016667 0.077778
0 0.46713 0.352083 0.012037 0.051389
0 0.815278 0.455556 0.013889 0.075
2 0.950463 0.798611 0.067593 0.144444
6 0.955093 0.735417 0.075 0.168056
