1 0.286111 0.788194 0.038889 0.170833
2 0.710185 0.744444 0.088889 0.144444
2 0.301389 0.572917 0.030556 0.109722
2 0.246759 0.5 0.023148 0.091667
2 0.21713 0.502083 0.025 0.095833
2 0.159722 0.509722 0.028704 0.105556
2 0.19537 0.513194 0.024074 0.090278
2 0.201852 0.408333 0.024074 0.075
6 0.263426 0.404861 0.050926 0.073611
5 0.295833 0.480556 0.065741 0.105556
2 0.678241 0.527083 0.025 0.084722
2 0.652778 0.534028 0.044444 0.098611
2 0.168981 0.459028 0.019444 0.070833
2 0.175926 0.417361 0.016667 0.070833
2 0.183796 0.374306 0.017593 0.059722
2 0.168981 0.333333 0.013889 0.052778
2 0.151852 0.274306 0.011111 0.040278
2 0.134259 0.254861 0.009259 0.026389
11 0.175463 0.241667 0.032407 0.066667
2 0.235648 0.238194 0.010185 0.031944
