2 0.817593 0.550694 0.053704 0.093056
2 0.180556 0.663889 0.035185 0.144444
2 0.251852 0.502778 0.024074 0.094444
2 0.449537 0.419444 0.036111 0.069444
2 0.218056 0.509722 0.025 0.094444
2 0.361111 0.345833 0.022222 0.072222
2 0.125463 0.490972 0.021296 0.084722
2 0.180093 0.515278 0.025 0.086111
6 0.187037 0.293056 0.033333 0.05
6 0.177778 0.373611 0.040741 0.061111
11 0.273611 0.395139 0.065741 0.134722
2 0.294907 0.2875 0.012037 0.033333
2 0.275 0.290972 0.009259 0.034722
2 0.1375 0.263889 0.013889 0.027778
2 0.153241 0.514583 0.023148 0.081944
2 0.153704 0.45625 0.022222 0.056944
2 0.387963 0.302083 0.025926 0.045833
2 0.513889 0.433333 0.02963 0.063889
2 0.707407 0.385417 0.022222 0.059722
6 0.225 0.354167 0.02963 0.072222
6 0.164352 0.347222 0.039815 0.05
11 0.205556 0.434722 0.053704 0.097222
