2 0.770833 0.790972 0.080556 0.2125
2 0.26713 0.403472 0.060185 0.101389
2 0.918519 0.740278 0.094444 0.2
2 0.465278 0.48125 0.04537 0.145833
2 0.847685 0.552083 0.052778 0.145833
2 0.30787 0.334028 0.032407 0.093056
2 0.930556 0.602083 0.07037 0.1375
2 0.656481 0.3375 0.025926 0.080556
2 0.724537 0.36875 0.036111 0.081944
2 0.611574 0.319444 0.025 0.080556
6 0.721296 0.559722 0.146296 0.172222
6 0.566204 0.517361 0.117593 0.181944
6 0.76713 0.456944 0.110185 0.147222
6 0.40787 0.780556 0.162037 0.4
6 0.366667 0.395833 0.077778 0.163889
6 0.472222 0.270833 0.042593 0.066667
6 0.449537 0.232639 0.034259 0.054167
6 0.431481 0.191667 0.02963 0.047222
2 0.677315 0.321528 0.021296 0.070833
2 0.635185 0.308333 0.024074 0.066667
2 0.548611 0.290972 0.021296 0.059722
2 0.559259 0.266667 0.016667 0.055556
2 0.584259 0.268056 0.016667 0.058333
2 0.510185 0.2625 0.016667 0.061111
2 0.531019 0.265278 0.015741 0.055556
2 0.513889 0.213194 0.011111 0.043056
2 0.497685 0.190972 0.012037 0.031944
2 0.068519 0.401389 0.062963 0.069444
6 0.406944 0.152778 0.019444 0.030556
