2 0.945833 0.718056 0.086111 0.186111
2 0.259259 0.677778 0.05 0.2
2 0.155093 0.857639 0.076852 0.245833
2 0.28287 0.49375 0.039815 0.1625
2 0.391667 0.363889 0.027778 0.111111
2 0.352315 0.459028 0.032407 0.126389
2 0.850926 0.377083 0.031481 0.095833
2 0.249537 0.399306 0.028704 0.1125
2 0.090278 0.656944 0.047222 0.169444
2 0.355093 0.356944 0.026852 0.1
2 0.831019 0.510417 0.041667 0.1375
2 0.309259 0.386806 0.027778 0.104167
2 0.171759 0.432639 0.069444 0.101389
2 0.606019 0.336806 0.023148 0.081944
2 0.65787 0.461806 0.037963 0.120833
2 0.725926 0.389583 0.033333 0.093056
2 0.575926 0.345139 0.044444 0.0875
2 0.647222 0.398611 0.02963 0.080556
2 0.359722 0.28125 0.023148 0.070833
2 0.657407 0.330556 0.024074 0.075
2 0.891204 0.41875 0.030556 0.1125
6 0.711574 0.773611 0.24537 0.327778
6 0.508333 0.357639 0.085185 0.118056
5 0.747222 0.578472 0.166667 0.206944
6 0.370833 0.217361 0.032407 0.051389
6 0.372685 0.18125 0.025 0.0375
6 0.421296 0.175694 0.022222 0.034722
6 0.442593 0.205556 0.027778 0.041667
6 0.548611 0.211806 0.036111 0.054167
6 0.373611 0.15625 0.021296 0.034722
2 0.55463 0.272917 0.024074 0.0625
2 0.575463 0.260417 0.019444 0.056944
2 0.274537 0.327083 0.019444 0.076389
2 0.316204 0.297917 0.017593 0.0625
2 0.326389 0.279167 0.017593 0.066667
2 0.280093 0.274306 0.017593 0.056944
2 0.312037 0.210417 0.012963 0.043056
2 0.32963 0.200694 0.012963 0.045833
2 0.343981 0.178472 0.010185 0.0375
2 0.456019 0.268056 0.028704 0.058333
2 0.52037 0.277778 0.016667 0.063889
2 0.449074 0.21875 0.014815 0.043056
2 0.487963 0.225694 0.014815 0.048611
2 0.525 0.236111 0.012963 0.047222
2 0.501389 0.243056 0.012037 0.041667
2 0.466667 0.233333 0.011111 0.044444
2 0.081944 0.419444 0.069444 0.111111
2 0.727315 0.455556 0.036111 0.083333
