2 0.518519 0.8125 0.061111 0.191667
2 0.843519 0.664583 0.051852 0.123611
2 0.430093 0.769444 0.047222 0.155556
2 0.642593 0.526389 0.038889 0.1
2 0.292593 0.793056 0.046296 0.163889
2 0.546759 0.532639 0.028704 0.104167
2 0.959722 0.797917 0.062037 0.140278
2 0.227778 0.570139 0.02963 0.106944
2 0.359722 0.711806 0.04537 0.148611
2 0.318056 0.56875 0.030556 0.118056
2 0.29213 0.5875 0.032407 0.125
2 0.696759 0.664583 0.056481 0.129167
2 0.252778 0.528472 0.02963 0.1125
2 0.760185 0.635417 0.048148 0.109722
2 0.760648 0.735417 0.058333 0.118056
2 0.52963 0.461111 0.031481 0.075
2 0.1625 0.433333 0.021296 0.083333
2 0.583333 0.438194 0.042593 0.073611
2 0.730556 0.472222 0.042593 0.088889
6 0.4 0.888889 0.166667 0.194444
5 0.371759 0.381944 0.050926 0.066667
2 0.1375 0.330556 0.012037 0.05
2 0.155556 0.340278 0.012963 0.044444
2 0.169444 0.386111 0.012963 0.052778
2 0.185185 0.354167 0.011111 0.055556
2 0.178704 0.335417 0.011111 0.043056
2 0.155093 0.296528 0.008333 0.034722
6 0.190278 0.284722 0.025 0.038889
2 0.130093 0.270833 0.010185 0.036111
2 0.14213 0.286806 0.008333 0.031944
6 0.171759 0.247222 0.023148 0.047222
2 0.135648 0.250694 0.006481 0.026389
2 0.144907 0.258333 0.006481 0.030556
2 0.15 0.25 0.007407 0.033333
2 0.259259 0.303472 0.011111 0.034722
2 0.289352 0.313194 0.012037 0.045833
2 0.312037 0.3375 0.012963 0.038889
2 0.273611 0.302083 0.008333 0.031944
2 0.294907 0.301389 0.008333 0.033333
2 0.236111 0.292361 0.011111 0.034722
2 0.241667 0.275694 0.009259 0.031944
2 0.337963 0.392361 0.018519 0.0625
2 0.37037 0.339583 0.018519 0.031944
2 0.224074 0.2625 0.009259 0.038889
2 0.264352 0.26875 0.008333 0.031944
6 0.216667 0.251389 0.02037 0.027778
