2 0.510185 0.354167 0.05 0.094444
2 0.812963 0.6625 0.066667 0.180556
2 0.355556 0.323611 0.024074 0.091667
2 0.193519 0.570833 0.042593 0.144444
2 0.212037 0.765972 0.05 0.190278
2 0.273611 0.429167 0.032407 0.125
2 0.316204 0.363889 0.025 0.1
2 0.28287 0.570139 0.039815 0.151389
2 0.928241 0.638889 0.060185 0.166667
2 0.478704 0.320833 0.022222 0.083333
2 0.090278 0.895139 0.076852 0.1875
2 0.12037 0.426389 0.061111 0.1
2 0.693519 0.516667 0.044444 0.147222
2 0.789815 0.475694 0.037037 0.126389
2 0.261111 0.330556 0.02037 0.075
2 0.594444 0.380556 0.027778 0.102778
2 0.240741 0.885417 0.083333 0.190278
2 0.731944 0.477083 0.034259 0.126389
2 0.696296 0.415278 0.031481 0.094444
2 0.647222 0.438889 0.031481 0.108333
2 0.581019 0.329861 0.023148 0.079167
2 0.844444 0.602778 0.044444 0.147222
2 0.294444 0.330556 0.02037 0.075
2 0.521296 0.269444 0.040741 0.063889
2 0.670833 0.390972 0.026852 0.101389
6 0.658333 0.68125 0.172222 0.229167
6 0.435185 0.255556 0.092593 0.063889
6 0.806019 0.373611 0.089815 0.1
6 0.776852 0.328472 0.112963 0.070833
2 0.065278 0.410417 0.058333 0.070833
2 0.657407 0.283333 0.031481 0.055556
2 0.673148 0.289583 0.02963 0.054167
2 0.706481 0.3125 0.037037 0.075
2 0.829167 0.306944 0.034259 0.063889
2 0.327315 0.255556 0.015741 0.063889
2 0.299537 0.263194 0.017593 0.065278
2 0.264815 0.273611 0.02037 0.063889
2 0.366667 0.247222 0.016667 0.063889
2 0.511111 0.208333 0.012963 0.044444
2 0.604167 0.313889 0.019444 0.075
2 0.283796 0.246528 0.012037 0.056944
2 0.391667 0.240278 0.018519 0.044444
2 0.313426 0.220833 0.010185 0.038889
2 0.456481 0.178472 0.009259 0.031944
2 0.443981 0.173611 0.010185 0.030556
6 0.549537 0.210417 0.036111 0.045833
9 0.35463 0.209028 0.037037 0.084722
2 0.95463 0.902778 0.077778 0.175
