2 0.226389 0.628472 0.037963 0.1375
2 0.215741 0.531944 0.025926 0.086111
2 0.112037 0.463889 0.025926 0.086111
2 0.385648 0.344444 0.019444 0.055556
2 0.368056 0.359028 0.017593 0.059722
6 0.325 0.561111 0.07963 0.113889
6 0.318056 0.488889 0.073148 0.077778
6 0.213889 0.427778 0.05 0.1
6 0.282407 0.436806 0.053704 0.090278
6 0.273611 0.309722 0.037963 0.05
9 0.6375 0.666667 0.480556 0.508333
10 0.4375 0.804167 0.347222 0.383333
10 0.476389 0.414583 0.147222 0.129167
2 0.14537 0.450694 0.016667 0.076389
6 0.179167 0.382639 0.034259 0.070833
6 0.241204 0.374306 0.043519 0.0625
6 0.326852 0.373611 0.051852 0.066667
6 0.242593 0.286806 0.02963 0.040278
2 0.234259 0.335417 0.016667 0.0375
2 0.171296 0.325694 0.012963 0.040278
2 0.126389 0.388194 0.015741 0.056944
2 0.159259 0.413194 0.016667 0.065278
2 0.14213 0.399306 0.013889 0.043056
2 0.145833 0.370833 0.013889 0.044444
2 0.136111 0.341667 0.012963 0.044444
2 0.136574 0.302778 0.010185 0.036111
2 0.171759 0.279167 0.012037 0.041667
2 0.340278 0.318056 0.010185 0.038889
2 0.111111 0.333333 0.012963 0.05
6 0.209722 0.25 0.023148 0.030556
2 0.326852 0.327778 0.014815 0.041667
2 0.631481 0.460417 0.040741 0.076389
2 0.278241 0.273611 0.010185 0.030556
6 0.909259 0.725694 0.094444 0.190278
