2 0.155556 0.7375 0.057407 0.202778
2 0.6125 0.302778 0.043519 0.069444
2 0.627315 0.407639 0.030556 0.109722
2 0.335185 0.320833 0.024074 0.091667
2 0.300926 0.345139 0.024074 0.095833
2 0.303241 0.538194 0.037963 0.1625
2 0.231019 0.494444 0.036111 0.125
2 0.112963 0.529861 0.042593 0.148611
2 0.480093 0.269444 0.019444 0.063889
2 0.911111 0.369444 0.033333 0.088889
2 0.862037 0.413889 0.033333 0.097222
2 0.230093 0.383333 0.030556 0.102778
2 0.287037 0.284028 0.018519 0.068056
2 0.316667 0.263194 0.018519 0.0625
2 0.573148 0.258333 0.016667 0.055556
6 0.517593 0.230556 0.040741 0.058333
2 0.758333 0.306944 0.057407 0.072222
2 0.358333 0.214583 0.012963 0.048611
2 0.383333 0.211111 0.012963 0.041667
2 0.396296 0.222917 0.014815 0.045833
2 0.336111 0.219444 0.012963 0.044444
2 0.319444 0.234028 0.014815 0.043056
2 0.301389 0.2125 0.012037 0.044444
2 0.25463 0.247917 0.014815 0.059722
2 0.558796 0.24375 0.015741 0.051389
2 0.453241 0.172222 0.010185 0.033333
2 0.329167 0.163889 0.010185 0.033333
6 0.550463 0.209028 0.028704 0.043056
6 0.412037 0.152778 0.016667 0.027778
6 0.401852 0.140972 0.016667 0.029167
6 0.473148 0.151389 0.024074 0.036111
6 0.366667 0.15625 0.022222 0.0375
6 0.772222 0.4 0.077778 0.111111
0 0.088426 0.404861 0.021296 0.090278
