2 0.322685 0.302083 0.021296 0.0875
2 0.540278 0.55 0.039815 0.15
2 0.776852 0.719444 0.07037 0.197222
2 0.673148 0.54375 0.046296 0.151389
2 0.096759 0.453472 0.067593 0.090278
2 0.600463 0.309028 0.023148 0.076389
2 0.869444 0.374306 0.033333 0.093056
2 0.886111 0.547917 0.053704 0.151389
2 0.722222 0.384028 0.031481 0.090278
6 0.534722 0.445833 0.097222 0.130556
6 0.774537 0.485417 0.117593 0.159722
6 0.90787 0.771528 0.171296 0.276389
2 0.938889 0.351389 0.033333 0.080556
2 0.918519 0.334028 0.031481 0.068056
2 0.904167 0.497917 0.032407 0.093056
2 0.454167 0.234722 0.023148 0.066667
2 0.432407 0.208333 0.012963 0.038889
2 0.52037 0.234722 0.014815 0.047222
2 0.544907 0.240972 0.015741 0.048611
2 0.584722 0.270833 0.017593 0.061111
2 0.5 0.204167 0.011111 0.036111
2 0.483796 0.222222 0.012037 0.05
2 0.406019 0.172222 0.008333 0.033333
2 0.431944 0.171528 0.006481 0.029167
2 0.44213 0.167361 0.010185 0.023611
4 0.460648 0.182639 0.023148 0.043056
6 0.551852 0.2125 0.033333 0.047222
6 0.475926 0.158333 0.02037 0.030556
0 0.654167 0.25625 0.010185 0.051389
0 0.643056 0.255556 0.012037 0.047222
0 0.075463 0.574306 0.036111 0.104167
