2 0.222685 0.734028 0.05463 0.226389
2 0.167593 0.392361 0.057407 0.093056
2 0.458333 0.285417 0.02963 0.076389
2 0.856019 0.68125 0.065741 0.173611
2 0.318519 0.370139 0.025926 0.104167
2 0.625463 0.323611 0.025 0.083333
2 0.535648 0.307639 0.021296 0.076389
2 0.562037 0.308333 0.022222 0.083333
2 0.219907 0.425 0.030556 0.122222
2 0.2875 0.509722 0.034259 0.138889
2 0.501852 0.285417 0.02037 0.068056
2 0.743519 0.438889 0.042593 0.125
2 0.798148 0.3875 0.033333 0.1
2 0.963426 0.697222 0.058333 0.186111
2 0.857407 0.403472 0.027778 0.093056
2 0.873611 0.5 0.04537 0.141667
2 0.281019 0.375694 0.026852 0.101389
2 0.812963 0.543056 0.05 0.138889
2 0.301852 0.279167 0.02037 0.069444
5 0.773611 0.896528 0.412037 0.181944
6 0.419444 0.811806 0.148148 0.348611
