0 0.256944 0.859722 0.036111 0.186111
2 0.239352 0.508333 0.026852 0.088889
6 0.291667 0.456944 0.057407 0.091667
2 0.318519 0.439583 0.014815 0.065278
2 0.193056 0.520833 0.019444 0.088889
2 0.20787 0.504861 0.017593 0.081944
2 0.168519 0.520139 0.022222 0.084722
2 0.142593 0.515972 0.018519 0.0875
2 0.123611 0.470833 0.019444 0.080556
2 0.224074 0.478472 0.018519 0.076389
2 0.146296 0.452083 0.014815 0.040278
2 0.174537 0.479167 0.013889 0.055556
2 0.161111 0.46875 0.014815 0.059722
2 0.149074 0.40625 0.014815 0.056944
2 0.131019 0.408333 0.015741 0.058333
2 0.119907 0.397222 0.013889 0.047222
10 0.19213 0.369444 0.052778 0.125
9 0.262037 0.399306 0.059259 0.115278
0 0.230556 0.361111 0.024074 0.066667
2 0.193056 0.464583 0.013889 0.054167
2 0.120833 0.357639 0.012037 0.048611
6 0.22963 0.269444 0.024074 0.038889
6 0.210185 0.303472 0.024074 0.040278
2 0.269907 0.309722 0.008333 0.036111
2 0.138889 0.298611 0.009259 0.027778
2 0.154167 0.280556 0.008333 0.027778
2 0.152778 0.3375 0.009259 0.033333
2 0.118519 0.316667 0.009259 0.036111
2 0.349537 0.332639 0.010185 0.040278
6 0.178241 0.274306 0.028704 0.0375
2 0.188889 0.432639 0.011111 0.045833
2 0.197685 0.443056 0.010185 0.038889
2 0.140741 0.364583 0.012963 0.043056
2 0.118981 0.289583 0.008333 0.026389
2 0.273611 0.293056 0.008333 0.036111
2 0.249537 0.256944 0.012037 0.036111
2 0.906019 0.66875 0.073148 0.129167
2 0.82037 0.586806 0.055556 0.098611
2 0.874537 0.582639 0.050926 0.095833
2 0.585648 0.439583 0.037963 0.0625
2 0.725463 0.476389 0.028704 0.075
2 0.766667 0.443056 0.037037 0.063889
0 0.896759 0.4 0.013889 0.066667
