2 0.770833 0.772917 0.067593 0.156944
2 0.605556 0.725694 0.064815 0.129167
2 0.681481 0.900694 0.092593 0.159722
2 0.561111 0.883333 0.062963 0.188889
2 0.327315 0.822917 0.049074 0.165278
2 0.4375 0.552083 0.060185 0.106944
2 0.694444 0.682639 0.051852 0.131944
2 0.856019 0.602083 0.052778 0.090278
2 0.903704 0.701389 0.062963 0.122222
2 0.25463 0.811806 0.040741 0.159722
2 0.48287 0.418056 0.026852 0.069444
2 0.234259 0.699306 0.031481 0.106944
2 0.274537 0.668056 0.032407 0.122222
2 0.825463 0.456944 0.041667 0.086111
2 0.355556 0.755556 0.040741 0.141667
2 0.172222 0.588194 0.031481 0.106944
2 0.974537 0.572917 0.032407 0.081944
2 0.216667 0.622222 0.027778 0.1
2 0.145833 0.541667 0.025 0.091667
2 0.327778 0.524306 0.025926 0.084722
2 0.629167 0.457639 0.047222 0.076389
2 0.3125 0.590278 0.030556 0.113889
6 0.40463 0.661806 0.125926 0.159722
6 0.285185 0.449306 0.061111 0.093056
10 0.169444 0.336806 0.062963 0.120833
2 0.715278 0.420833 0.023148 0.063889
2 0.27037 0.527778 0.022222 0.077778
2 0.256019 0.558333 0.025 0.094444
2 0.238426 0.602778 0.028704 0.102778
2 0.280556 0.605556 0.025926 0.088889
2 0.196296 0.556944 0.022222 0.083333
2 0.24537 0.464583 0.018519 0.084722
2 0.231019 0.511806 0.021296 0.093056
2 0.219907 0.434028 0.019444 0.079167
2 0.202315 0.521528 0.019444 0.076389
2 0.171296 0.509722 0.02037 0.086111
2 0.13287 0.504167 0.021296 0.083333
2 0.135185 0.456944 0.018519 0.069444
2 0.118519 0.414583 0.016667 0.068056
2 0.14213 0.421528 0.013889 0.0625
2 0.215278 0.393056 0.013889 0.052778
2 0.191204 0.468056 0.021296 0.058333
2 0.356944 0.333333 0.012037 0.047222
2 0.293056 0.277778 0.010185 0.033333
2 0.951389 0.475694 0.019444 0.065278
2 0.127778 0.333333 0.011111 0.052778
2 0.118056 0.261806 0.008333 0.031944
2 0.130093 0.270833 0.010185 0.038889
2 0.337037 0.336806 0.009259 0.043056
6 0.249537 0.389583 0.043519 0.0625
6 0.227778 0.359028 0.040741 0.054167
6 0.202778 0.234722 0.016667 0.025
6 0.176389 0.254167 0.025 0.030556
6 0.236111 0.274306 0.027778 0.031944
