2 0.208333 0.506944 0.025926 0.1
2 0.53287 0.520139 0.030556 0.0875
2 0.964815 0.697917 0.057407 0.120833
2 0.146296 0.414583 0.02037 0.076389
2 0.443981 0.436806 0.025 0.081944
2 0.169907 0.363194 0.017593 0.065278
2 0.523148 0.461806 0.031481 0.073611
2 0.228704 0.463889 0.022222 0.088889
2 0.204167 0.416667 0.021296 0.072222
2 0.235648 0.452083 0.025 0.090278
6 0.768056 0.577083 0.163889 0.106944
6 0.261574 0.30625 0.036111 0.043056
2 0.142593 0.339583 0.018519 0.054167
2 0.161574 0.299306 0.010185 0.034722
2 0.163889 0.266667 0.009259 0.033333
2 0.143519 0.268056 0.011111 0.030556
2 0.294444 0.288889 0.011111 0.041667
2 0.258796 0.264583 0.010185 0.029167
2 0.281019 0.286806 0.015741 0.048611
