2 0.914815 0.828472 0.075926 0.154167
2 0.384722 0.361806 0.021296 0.059722
2 0.228241 0.563889 0.025 0.088889
2 0.836574 0.477778 0.049074 0.077778
2 0.240278 0.486111 0.025 0.091667
2 0.12963 0.495833 0.022222 0.086111
2 0.162963 0.49375 0.022222 0.084722
11 0.270833 0.388889 0.121296 0.241667
2 0.148148 0.474306 0.016667 0.068056
2 0.2 0.441667 0.018519 0.063889
2 0.176389 0.440972 0.015741 0.048611
2 0.21713 0.515278 0.019444 0.075
2 0.200926 0.496528 0.016667 0.079167
2 0.184722 0.484028 0.015741 0.070833
2 0.160185 0.342361 0.014815 0.059722
2 0.141204 0.324306 0.012037 0.054167
2 0.138426 0.275 0.010185 0.036111
2 0.153241 0.285417 0.010185 0.0375
6 0.178704 0.269444 0.025926 0.038889
6 0.205556 0.315278 0.027778 0.05
2 0.387037 0.300694 0.025926 0.034722
6 0.213889 0.242361 0.025926 0.040278
2 0.243056 0.247917 0.008333 0.023611
