2 0.436111 0.326389 0.027778 0.091667
2 0.10787 0.743056 0.063889 0.227778
2 0.548611 0.268056 0.019444 0.066667
2 0.515741 0.244444 0.018519 0.061111
2 0.42037 0.245139 0.018519 0.056944
2 0.292593 0.246528 0.016667 0.054167
6 0.568056 0.444444 0.099074 0.138889
2 0.319444 0.243056 0.012963 0.055556
2 0.315741 0.201389 0.011111 0.041667
2 0.481944 0.216667 0.013889 0.05
2 0.47963 0.186806 0.011111 0.040278
2 0.462963 0.188889 0.012963 0.044444
6 0.550463 0.211806 0.034259 0.048611
6 0.438889 0.201389 0.031481 0.052778
6 0.474537 0.159028 0.025 0.034722
