2 0.745833 0.836111 0.087963 0.177778
2 0.830093 0.825694 0.084259 0.170833
2 0.6 0.90625 0.083333 0.154167
2 0.79213 0.663889 0.050926 0.119444
2 0.532407 0.523611 0.033333 0.094444
2 0.219907 0.479167 0.026852 0.097222
2 0.247222 0.617361 0.037037 0.140278
2 0.28287 0.570833 0.030556 0.105556
2 0.288426 0.699306 0.036111 0.123611
2 0.31713 0.663889 0.036111 0.130556
2 0.487037 0.46875 0.02963 0.0875
2 0.647685 0.511806 0.032407 0.090278
2 0.326389 0.901389 0.050926 0.158333
2 0.449074 0.906944 0.059259 0.147222
2 0.306481 0.825694 0.040741 0.140278
2 0.616667 0.575694 0.042593 0.090278
2 0.824074 0.6375 0.037037 0.108333
2 0.191204 0.420139 0.019444 0.070833
2 0.385185 0.926389 0.048148 0.127778
2 0.450926 0.457639 0.022222 0.076389
2 0.568519 0.480556 0.02963 0.075
2 0.359722 0.344444 0.019444 0.055556
6 0.45 0.729167 0.15 0.247222
6 0.257407 0.425694 0.053704 0.081944
6 0.335648 0.50625 0.080556 0.131944
5 0.398148 0.426389 0.07037 0.091667
6 0.294444 0.331944 0.038889 0.05
6 0.235648 0.36875 0.049074 0.076389
9 0.202315 0.290972 0.050926 0.106944
2 0.396296 0.830556 0.042593 0.183333
2 0.2625 0.952083 0.052778 0.073611
2 0.937963 0.932639 0.098148 0.115278
2 0.940741 0.892361 0.105556 0.1125
2 0.976389 0.783333 0.034259 0.125
2 0.46713 0.40625 0.021296 0.054167
2 0.403704 0.361806 0.014815 0.0375
2 0.156019 0.324306 0.012037 0.048611
2 0.152778 0.286111 0.009259 0.038889
2 0.1125 0.332639 0.012037 0.045833
2 0.130093 0.311111 0.008333 0.038889
2 0.133333 0.286111 0.009259 0.033333
2 0.16713 0.295139 0.010185 0.045833
5 0.230556 0.266667 0.022222 0.038889
2 0.316204 0.306944 0.012037 0.036111
2 0.285185 0.304167 0.009259 0.033333
