2 0.702315 0.611111 0.047222 0.097222
2 0.150926 0.545833 0.027778 0.1
2 0.234722 0.561111 0.028704 0.105556
2 0.855093 0.766667 0.075 0.15
2 0.14537 0.459028 0.024074 0.081944
2 0.77963 0.622917 0.05 0.109722
2 0.488426 0.440278 0.028704 0.072222
2 0.542593 0.46875 0.046296 0.081944
2 0.1875 0.450694 0.021296 0.081944
2 0.2375 0.481944 0.023148 0.080556
6 0.268056 0.40625 0.04537 0.073611
10 0.403704 0.384028 0.072222 0.104167
2 0.708333 0.39375 0.022222 0.051389
2 0.386574 0.305556 0.026852 0.027778
2 0.164815 0.295139 0.014815 0.040278
2 0.1875 0.397917 0.015741 0.045833
6 0.242593 0.246528 0.022222 0.034722
6 0.343981 0.331944 0.030556 0.044444
6 0.218056 0.346528 0.039815 0.054167
6 0.186574 0.280556 0.032407 0.044444
11 0.31713 0.354861 0.050926 0.079167
9 0.260648 0.295833 0.032407 0.061111
6 0.179167 0.252778 0.025 0.036111
