2 0.274537 0.373611 0.025 0.097222
2 0.440741 0.332639 0.025926 0.0875
2 0.666667 0.357639 0.027778 0.095833
2 0.774074 0.420833 0.042593 0.111111
2 0.806019 0.533333 0.047222 0.133333
2 0.4125 0.24375 0.025 0.054167
6 0.760648 0.654167 0.184259 0.225
6 0.493519 0.298611 0.057407 0.1
5 0.583796 0.318056 0.073148 0.1
6 0.439815 0.204167 0.035185 0.05
0 0.98287 0.497917 0.021296 0.109722
2 0.382407 0.183333 0.012963 0.044444
2 0.338426 0.177083 0.012037 0.0375
2 0.508796 0.230556 0.015741 0.05
2 0.533333 0.221528 0.016667 0.051389
2 0.494907 0.198611 0.010185 0.047222
2 0.452778 0.169444 0.009259 0.033333
2 0.45463 0.309722 0.016667 0.083333
2 0.438889 0.281944 0.014815 0.047222
6 0.549537 0.209722 0.032407 0.047222
6 0.488889 0.173611 0.027778 0.041667
6 0.466667 0.195139 0.027778 0.043056
6 0.425463 0.180556 0.025 0.033333
6 0.414352 0.163889 0.019444 0.027778
