2 0.614352 0.382639 0.030556 0.1125
2 0.228704 0.363889 0.033333 0.1
2 0.287037 0.457639 0.031481 0.131944
2 0.869907 0.860417 0.106481 0.229167
2 0.135185 0.790972 0.057407 0.223611
2 0.09537 0.582639 0.046296 0.168056
2 0.276389 0.364583 0.025 0.093056
2 0.130093 0.427778 0.052778 0.091667
2 0.702315 0.55625 0.047222 0.148611
2 0.722222 0.450694 0.035185 0.120833
2 0.855093 0.701389 0.075 0.161111
2 0.254167 0.280556 0.019444 0.069444
2 0.822222 0.610417 0.057407 0.134722
2 0.826389 0.511111 0.050926 0.119444
6 0.381481 0.359722 0.059259 0.125
11 0.325463 0.245139 0.052778 0.134722
2 0.052778 0.428472 0.051852 0.101389
2 0.514815 0.214583 0.012963 0.045833
2 0.494444 0.215972 0.012963 0.048611
2 0.486574 0.209028 0.010185 0.0375
2 0.4625 0.19375 0.012037 0.043056
2 0.427778 0.1625 0.011111 0.033333
6 0.548148 0.211111 0.035185 0.05
6 0.377778 0.21875 0.040741 0.0625
6 0.375926 0.175 0.02963 0.044444
6 0.475 0.158333 0.022222 0.033333
