2 0.177315 0.521528 0.021296 0.093056
2 0.144444 0.522917 0.024074 0.093056
2 0.1625 0.419444 0.019444 0.072222
2 0.587963 0.435417 0.044444 0.073611
2 0.438426 0.386806 0.021296 0.0625
2 0.139352 0.406944 0.019444 0.072222
2 0.49213 0.352778 0.017593 0.063889
5 0.505093 0.567361 0.102778 0.126389
9 0.710185 0.658333 0.196296 0.244444
11 0.29213 0.431944 0.065741 0.183333
2 0.862963 0.741667 0.064815 0.130556
2 0.844907 0.68125 0.063889 0.081944
6 0.895833 0.94375 0.19537 0.093056
2 0.201852 0.48125 0.018519 0.079167
2 0.218056 0.441667 0.017593 0.075
6 0.243056 0.411111 0.041667 0.094444
6 0.214352 0.372222 0.041667 0.069444
6 0.215278 0.328472 0.036111 0.043056
2 0.163889 0.359028 0.012963 0.056944
2 0.175463 0.338889 0.013889 0.047222
2 0.152315 0.336806 0.013889 0.045833
2 0.134722 0.350694 0.010185 0.034722
2 0.132407 0.304861 0.009259 0.031944
2 0.157407 0.295139 0.009259 0.034722
11 0.270833 0.299306 0.04537 0.070833
11 0.241667 0.269444 0.037037 0.063889
2 0.362037 0.332639 0.012963 0.045833
2 0.397685 0.365972 0.015741 0.045833
2 0.381019 0.365972 0.013889 0.051389
2 0.14213 0.256944 0.008333 0.030556
0 0.523148 0.3625 0.009259 0.047222
0 0.775 0.414583 0.016667 0.068056
2 0.679167 0.389583 0.028704 0.056944
