2 0.195833 0.503472 0.034259 0.131944
2 0.493056 0.584722 0.060185 0.166667
2 0.723611 0.888194 0.091667 0.193056
2 0.502778 0.413194 0.064815 0.104167
2 0.562963 0.372917 0.027778 0.101389
2 0.859722 0.408333 0.030556 0.094444
2 0.710185 0.758333 0.07037 0.152778
2 0.908333 0.43125 0.033333 0.1125
2 0.545833 0.2875 0.021296 0.080556
6 0.818981 0.527083 0.141667 0.170833
6 0.790741 0.372222 0.087037 0.102778
10 0.485185 0.263889 0.077778 0.152778
9 0.328241 0.629861 0.150926 0.440278
2 0.622685 0.277083 0.019444 0.059722
2 0.316667 0.197222 0.012963 0.038889
2 0.435185 0.182639 0.011111 0.0375
2 0.574537 0.222222 0.013889 0.044444
