2 0.451389 0.58125 0.052778 0.126389
2 0.944907 0.698611 0.067593 0.122222
2 0.700926 0.624306 0.048148 0.101389
2 0.283796 0.905556 0.052778 0.163889
2 0.412037 0.407639 0.024074 0.076389
2 0.246759 0.513194 0.026852 0.101389
2 0.287037 0.504167 0.027778 0.108333
2 0.514815 0.444444 0.031481 0.069444
2 0.361574 0.384722 0.023148 0.063889
2 0.463889 0.442361 0.033333 0.070833
2 0.14213 0.446528 0.019444 0.076389
2 0.3875 0.382639 0.019444 0.0625
2 0.175926 0.489583 0.02037 0.0875
2 0.216204 0.493056 0.025 0.094444
2 0.193519 0.510417 0.025926 0.095833
6 0.745833 0.765278 0.19537 0.197222
6 0.290741 0.445139 0.068519 0.1125
2 0.461111 0.394444 0.016667 0.05
2 0.183796 0.436806 0.019444 0.0625
2 0.144907 0.388889 0.015741 0.052778
2 0.140741 0.338889 0.011111 0.041667
2 0.194444 0.377778 0.014815 0.052778
2 0.167593 0.377778 0.012963 0.052778
2 0.159722 0.348611 0.010185 0.041667
2 0.169444 0.334722 0.011111 0.047222
2 0.160185 0.316667 0.009259 0.033333
11 0.217593 0.317361 0.048148 0.098611
11 0.234722 0.267361 0.028704 0.056944
5 0.177778 0.297917 0.024074 0.040278
6 0.178704 0.259722 0.024074 0.036111
2 0.274537 0.309722 0.010185 0.036111
2 0.313426 0.334028 0.012037 0.043056
2 0.374074 0.334722 0.012963 0.036111
2 0.387963 0.345833 0.011111 0.044444
2 0.343056 0.319444 0.012037 0.038889
2 0.296296 0.304167 0.009259 0.033333
2 0.331019 0.357639 0.012037 0.059722
2 0.339352 0.347917 0.010185 0.043056
