0 0.884722 0.411806 0.030556 0.109722
2 0.408333 0.623611 0.101852 0.158333
2 0.210185 0.418056 0.066667 0.108333
2 0.177315 0.605556 0.049074 0.177778
2 0.297685 0.395139 0.026852 0.106944
2 0.3125 0.297222 0.019444 0.077778
2 0.587037 0.303472 0.022222 0.076389
2 0.8375 0.573611 0.052778 0.158333
2 0.2875 0.325694 0.021296 0.068056
2 0.665278 0.402083 0.032407 0.0875
1 0.665741 0.314583 0.02037 0.073611
2 0.735185 0.409722 0.042593 0.086111
0 0.974537 0.508333 0.036111 0.077778
2 0.398148 0.252778 0.02037 0.061111
12 0.789352 0.715278 0.369444 0.55
0 0.071759 0.401389 0.021296 0.088889
0 0.04213 0.506944 0.015741 0.063889
2 0.464352 0.182639 0.008333 0.029167
2 0.423611 0.163194 0.008333 0.034722
2 0.347685 0.240972 0.013889 0.056944
2 0.302315 0.243056 0.015741 0.052778
2 0.380556 0.224306 0.012963 0.043056
2 0.380093 0.193056 0.012037 0.033333
2 0.362963 0.211111 0.012963 0.041667
2 0.321296 0.2125 0.014815 0.044444
2 0.339352 0.209028 0.012037 0.043056
2 0.3625 0.179861 0.010185 0.034722
2 0.370833 0.154167 0.010185 0.027778
6 0.291204 0.209722 0.030556 0.052778
