2 0.908796 0.600694 0.063889 0.173611
2 0.697222 0.384722 0.035185 0.105556
2 0.084259 0.461111 0.05 0.113889
6 0.452778 0.211806 0.040741 0.073611
12 0.464815 0.617361 0.709259 0.754167
11 0.582407 0.408333 0.188889 0.330556
6 0.487963 0.168056 0.035185 0.041667
6 0.428241 0.175 0.025 0.041667
2 0.486111 0.225694 0.012963 0.043056
2 0.481481 0.199306 0.014815 0.045833
2 0.394907 0.243056 0.013889 0.047222
2 0.383333 0.211111 0.009259 0.036111
2 0.371296 0.186111 0.012963 0.041667
2 0.338889 0.19375 0.011111 0.0375
2 0.320833 0.191667 0.012037 0.041667
2 0.152778 0.380556 0.055556 0.111111
