2 0.612963 0.363889 0.05 0.083333
2 0.325 0.379861 0.02963 0.106944
2 0.841204 0.665972 0.062037 0.184722
2 0.514815 0.284722 0.042593 0.077778
2 0.293981 0.277083 0.019444 0.073611
2 0.773148 0.410417 0.035185 0.095833
2 0.424074 0.361806 0.035185 0.106944
2 0.32963 0.277083 0.02037 0.070833
2 0.656019 0.373611 0.030556 0.058333
2 0.569907 0.2625 0.017593 0.063889
2 0.447222 0.249306 0.035185 0.056944
6 0.841204 0.379167 0.076852 0.1
11 0.70787 0.609028 0.276852 0.426389
2 0.326852 0.219444 0.012963 0.044444
2 0.393981 0.202778 0.012037 0.038889
2 0.475463 0.230556 0.013889 0.044444
2 0.481019 0.220833 0.012037 0.047222
2 0.521759 0.205556 0.012037 0.047222
2 0.502778 0.215972 0.014815 0.043056
6 0.444907 0.208333 0.023148 0.044444
6 0.368519 0.172222 0.018519 0.038889
