2 0.434722 0.890278 0.056481 0.175
2 0.90463 0.674306 0.068519 0.118056
2 0.749537 0.691667 0.060185 0.122222
2 0.706944 0.586806 0.047222 0.098611
2 0.5 0.578472 0.064815 0.101389
2 0.956019 0.75 0.063889 0.125
2 0.652315 0.568056 0.036111 0.1
2 0.806019 0.638194 0.041667 0.118056
2 0.201852 0.5125 0.024074 0.088889
2 0.140741 0.4875 0.018519 0.075
2 0.218519 0.449306 0.016667 0.068056
2 0.176389 0.483333 0.019444 0.086111
2 0.495833 0.453472 0.028704 0.073611
2 0.440741 0.399306 0.024074 0.070833
6 0.39213 0.430556 0.065741 0.075
6 0.289352 0.468056 0.062037 0.094444
6 0.262037 0.408333 0.046296 0.072222
1 0.676389 0.543056 0.019444 0.102778
2 0.137037 0.425694 0.018519 0.068056
2 0.1625 0.430556 0.015741 0.066667
2 0.205093 0.402778 0.013889 0.069444
2 0.135185 0.343056 0.012963 0.052778
2 0.152315 0.324306 0.012037 0.043056
2 0.161574 0.341667 0.008333 0.047222
2 0.174074 0.395139 0.014815 0.059722
2 0.188426 0.361806 0.012037 0.048611
2 0.194907 0.347917 0.012037 0.045833
2 0.172222 0.331944 0.009259 0.044444
2 0.132407 0.269444 0.007407 0.030556
2 0.150463 0.290278 0.006481 0.033333
2 0.180556 0.302083 0.007407 0.029167
2 0.562963 0.457639 0.02037 0.065278
2 0.483333 0.426389 0.018519 0.063889
2 0.391667 0.377778 0.016667 0.044444
2 0.416667 0.365278 0.014815 0.052778
2 0.374074 0.361806 0.018519 0.056944
2 0.303241 0.347222 0.013889 0.05
2 0.34537 0.330556 0.012963 0.044444
2 0.313889 0.316667 0.011111 0.036111
2 0.287037 0.286806 0.009259 0.034722
6 0.193056 0.286806 0.025 0.040278
2 0.169444 0.305556 0.009259 0.027778
2 0.249074 0.274306 0.005556 0.020833
2 0.265278 0.328472 0.000926 0.001389
0 0.891667 0.485417 0.011111 0.079167
0 0.918519 0.477083 0.012963 0.068056
0 0.956481 0.486806 0.012963 0.070833
0 0.879167 0.418056 0.010185 0.044444
0 0.889352 0.405556 0.012037 0.069444
0 0.875 0.397917 0.014815 0.054167
2 0.340278 0.365278 0.015741 0.052778
2 0.400926 0.361806 0.012963 0.048611
2 0.263426 0.289583 0.010185 0.0375
