2 0.238426 0.835417 0.058333 0.234722
2 0.840278 0.815278 0.093519 0.216667
2 0.583333 0.346528 0.025926 0.090278
2 0.127778 0.48125 0.033333 0.126389
2 0.769444 0.602083 0.051852 0.156944
2 0.197685 0.451389 0.062037 0.127778
2 0.109259 0.8 0.072222 0.255556
2 0.237037 0.363889 0.027778 0.111111
2 0.626389 0.4375 0.041667 0.136111
2 0.368981 0.454861 0.036111 0.120833
2 0.876389 0.397222 0.028704 0.1
2 0.918981 0.361111 0.030556 0.088889
2 0.685648 0.464583 0.034259 0.115278
2 0.881019 0.685417 0.063889 0.173611
2 0.894444 0.522917 0.044444 0.123611
2 0.369907 0.404167 0.034259 0.086111
2 0.173611 0.913194 0.075 0.156944
2 0.837963 0.584028 0.062963 0.165278
6 0.626389 0.64375 0.152778 0.209722
6 0.508333 0.329861 0.074074 0.106944
6 0.303704 0.384722 0.074074 0.15
6 0.423611 0.359028 0.073148 0.126389
6 0.37037 0.274306 0.042593 0.068056
6 0.724074 0.390972 0.075926 0.123611
6 0.359722 0.219444 0.032407 0.066667
6 0.371759 0.172917 0.026852 0.051389
6 0.480093 0.169444 0.028704 0.047222
6 0.549074 0.209028 0.037037 0.048611
2 0.584722 0.270139 0.021296 0.0625
2 0.190278 0.369444 0.019444 0.066667
2 0.275926 0.345139 0.018519 0.081944
2 0.310648 0.263889 0.017593 0.061111
2 0.286111 0.288194 0.018519 0.056944
2 0.428241 0.270833 0.017593 0.058333
2 0.47963 0.21875 0.012963 0.043056
2 0.293056 0.246528 0.015741 0.051389
2 0.274074 0.238889 0.014815 0.058333
2 0.316204 0.209722 0.015741 0.044444
2 0.335648 0.197917 0.012037 0.043056
6 0.974074 0.307639 0.044444 0.076389
