2 0.228704 0.486111 0.033333 0.138889
2 0.817593 0.688194 0.062963 0.193056
2 0.607407 0.410417 0.031481 0.106944
2 0.905556 0.654861 0.068519 0.198611
2 0.307407 0.443056 0.035185 0.138889
2 0.281944 0.296528 0.021296 0.079167
2 0.561574 0.368056 0.025 0.097222
2 0.718981 0.658333 0.050926 0.175
2 0.640741 0.498611 0.038889 0.138889
0 0.079167 0.493056 0.050926 0.102778
2 0.459259 0.283333 0.022222 0.072222
2 0.728704 0.478472 0.040741 0.126389
2 0.862963 0.472917 0.037037 0.140278
2 0.673611 0.465278 0.037963 0.133333
2 0.326852 0.29375 0.018519 0.070833
2 0.588426 0.332639 0.023148 0.0875
1 0.79213 0.459028 0.039815 0.123611
2 0.522222 0.292361 0.018519 0.073611
2 0.543519 0.281944 0.018519 0.063889
6 0.843519 0.372222 0.081481 0.097222
2 0.338889 0.261111 0.014815 0.063889
2 0.375926 0.224306 0.016667 0.048611
2 0.294907 0.253472 0.013889 0.051389
2 0.324074 0.250694 0.012963 0.054167
2 0.525463 0.232639 0.013889 0.043056
2 0.502778 0.204167 0.009259 0.038889
6 0.550926 0.213194 0.025926 0.048611
6 0.456019 0.214583 0.034259 0.054167
6 0.487963 0.172222 0.031481 0.041667
6 0.420833 0.161806 0.025 0.040278
6 0.493519 0.411806 0.009259 0.001389
12 0.402778 0.119444 0.025926 0.066667
11 0.370833 0.143056 0.023148 0.055556
