2 0.712037 0.565278 0.048148 0.1
2 0.546759 0.447222 0.026852 0.077778
2 0.181019 0.6 0.030556 0.108333
2 0.248611 0.511111 0.025 0.086111
2 0.585648 0.441667 0.039815 0.080556
6 0.309259 0.469444 0.061111 0.094444
6 0.241667 0.464583 0.064815 0.084722
10 0.238889 0.350694 0.051852 0.115278
2 0.21713 0.515972 0.025 0.0875
2 0.133796 0.50625 0.017593 0.073611
2 0.180556 0.5125 0.018519 0.083333
2 0.190741 0.49375 0.02037 0.073611
2 0.194907 0.452778 0.017593 0.069444
6 0.272685 0.419444 0.04537 0.072222
2 0.156481 0.50625 0.02037 0.084722
2 0.1625 0.471528 0.017593 0.059722
2 0.163426 0.431944 0.013889 0.05
2 0.113426 0.461806 0.013889 0.068056
2 0.120833 0.486806 0.015741 0.070833
6 0.16713 0.344444 0.032407 0.052778
2 0.167593 0.375694 0.016667 0.045833
2 0.256944 0.256944 0.008333 0.027778
2 0.241667 0.256944 0.007407 0.025
6 0.204167 0.338889 0.034259 0.069444
6 0.194444 0.2875 0.027778 0.041667
2 0.145833 0.288889 0.008333 0.030556
6 0.158796 0.306944 0.025 0.05
2 0.288426 0.286806 0.012037 0.045833
