0 0.02963 0.447222 0.02963 0.105556
2 0.192593 0.438194 0.031481 0.118056
2 0.590278 0.556944 0.04537 0.161111
2 0.941204 0.590972 0.058333 0.159722
2 0.726852 0.577778 0.046296 0.158333
2 0.655093 0.347222 0.026852 0.091667
2 0.387037 0.320833 0.024074 0.091667
2 0.419444 0.335417 0.027778 0.0875
2 0.618056 0.417361 0.028704 0.109722
2 0.516204 0.347917 0.037963 0.0875
2 0.476852 0.276389 0.031481 0.066667
2 0.965278 0.754861 0.052778 0.145833
2 0.733796 0.428472 0.032407 0.115278
2 0.65 0.510417 0.037037 0.140278
2 0.587037 0.359722 0.042593 0.075
2 0.663889 0.939583 0.1 0.093056
2 0.84213 0.469444 0.034259 0.102778
2 0.79213 0.429861 0.028704 0.084722
1 0.293519 0.305556 0.022222 0.080556
2 0.866204 0.455556 0.023148 0.113889
2 0.518056 0.272222 0.019444 0.063889
5 0.807407 0.561806 0.12963 0.170833
6 0.856944 0.318056 0.10463 0.080556
6 0.374537 0.172222 0.026852 0.038889
2 0.956019 0.356944 0.032407 0.083333
2 0.878241 0.390972 0.023148 0.079167
2 0.330556 0.185417 0.012963 0.0375
2 0.547222 0.234028 0.016667 0.048611
2 0.516204 0.224306 0.013889 0.043056
2 0.433333 0.204861 0.014815 0.043056
2 0.464352 0.205556 0.013889 0.041667
2 0.495833 0.218056 0.010185 0.036111
