2 0.243519 0.36875 0.040741 0.095833
2 0.574537 0.325694 0.023148 0.084722
2 0.691204 0.49375 0.043519 0.140278
2 0.536574 0.269444 0.019444 0.061111
2 0.231019 0.292361 0.023148 0.073611
6 0.486111 0.295833 0.057407 0.083333
2 0.485185 0.196528 0.012963 0.029167
2 0.450926 0.175 0.011111 0.030556
2 0.466667 0.167361 0.011111 0.029167
2 0.321296 0.215278 0.016667 0.05
6 0.290741 0.206944 0.033333 0.052778
12 0.371296 0.157639 0.031481 0.098611
0 0.976389 0.514583 0.032407 0.068056
0 0.055093 0.502083 0.025 0.059722
