2 0.618981 0.507639 0.037963 0.095833
2 0.335185 0.844444 0.044444 0.186111
2 0.494444 0.429167 0.027778 0.072222
2 0.377778 0.359722 0.022222 0.072222
2 0.169444 0.352083 0.018519 0.059722
2 0.405093 0.942361 0.050926 0.093056
6 0.872222 0.761111 0.196296 0.172222
6 0.394444 0.652083 0.114815 0.168056
6 0.331481 0.506944 0.081481 0.113889
6 0.582407 0.899306 0.194444 0.181944
6 0.440278 0.453472 0.084259 0.0875
6 0.286574 0.328472 0.043519 0.054167
6 0.206019 0.424306 0.043519 0.084722
6 0.262037 0.296528 0.033333 0.043056
11 0.215278 0.308333 0.043519 0.1
11 0.2625 0.529861 0.097222 0.209722
0 0.775926 0.479167 0.02037 0.069444
2 0.330093 0.321528 0.010185 0.0375
2 0.142593 0.333333 0.014815 0.05
2 0.152778 0.322917 0.011111 0.043056
2 0.175463 0.313194 0.010185 0.029167
2 0.166204 0.300694 0.010185 0.0375
2 0.140278 0.299306 0.010185 0.034722
2 0.134722 0.273611 0.010185 0.033333
2 0.137037 0.234722 0.009259 0.027778
2 0.149074 0.2375 0.009259 0.027778
2 0.260185 0.267361 0.011111 0.026389
2 0.454167 0.315972 0.019444 0.043056
6 0.185185 0.271528 0.024074 0.040278
2 0.176852 0.286111 0.009259 0.027778
2 0.241667 0.250694 0.009259 0.026389
2 0.962037 0.920139 0.066667 0.151389
