2 0.887963 0.799306 0.088889 0.201389
2 0.246296 0.424306 0.033333 0.123611
2 0.443519 0.311806 0.033333 0.093056
2 0.784259 0.547917 0.051852 0.156944
2 0.61713 0.302083 0.023148 0.079167
2 0.868519 0.484722 0.038889 0.130556
2 0.934259 0.593056 0.051852 0.152778
2 0.410185 0.243056 0.02963 0.061111
2 0.558796 0.259722 0.019444 0.063889
6 0.544444 0.621528 0.175926 0.234722
11 0.479167 0.239583 0.063889 0.123611
0 0.981019 0.481944 0.025 0.119444
2 0.318519 0.265278 0.012963 0.061111
2 0.294444 0.263194 0.014815 0.065278
2 0.308796 0.216667 0.017593 0.05
2 0.521296 0.213194 0.012963 0.043056
2 0.447222 0.154167 0.009259 0.025
2 0.475926 0.172222 0.011111 0.027778
2 0.491204 0.175 0.012037 0.019444
0 0.246296 0.273611 0.012963 0.055556
2 0.740741 0.277083 0.031481 0.054167
