2 0.259722 0.476389 0.036111 0.141667
2 0.293981 0.320833 0.023148 0.091667
2 0.541667 0.377778 0.027778 0.108333
2 0.339815 0.581944 0.040741 0.172222
2 0.935648 0.625 0.060185 0.169444
2 0.861111 0.41875 0.02963 0.098611
2 0.077778 0.411806 0.061111 0.098611
2 0.474074 0.30625 0.024074 0.090278
2 0.813426 0.411806 0.034259 0.104167
2 0.897222 0.524306 0.048148 0.1375
2 0.694444 0.559028 0.048148 0.148611
2 0.572222 0.33125 0.024074 0.084722
2 0.332407 0.279167 0.018519 0.069444
2 0.907407 0.377778 0.031481 0.086111
2 0.802315 0.368056 0.034259 0.086111
2 0.685648 0.420833 0.043519 0.113889
2 0.861574 0.348611 0.032407 0.077778
2 0.97037 0.792361 0.042593 0.134722
6 0.465278 0.215972 0.043519 0.051389
2 0.931481 0.341667 0.038889 0.069444
2 0.975 0.316667 0.035185 0.069444
2 0.680556 0.477778 0.048148 0.102778
2 0.522222 0.230556 0.014815 0.052778
2 0.612037 0.243056 0.031481 0.058333
2 0.356019 0.205556 0.012037 0.044444
2 0.334722 0.208333 0.013889 0.052778
2 0.362963 0.167361 0.012963 0.040278
6 0.549074 0.214583 0.038889 0.045833
6 0.406481 0.138194 0.02037 0.034722
6 0.474537 0.159028 0.023148 0.040278
0 0.556944 0.289583 0.013889 0.065278
