2 0.561574 0.288889 0.039815 0.077778
2 0.372685 0.367361 0.028704 0.115278
2 0.936574 0.797917 0.082407 0.204167
2 0.886574 0.880556 0.093519 0.205556
2 0.499074 0.25625 0.035185 0.070833
2 0.237963 0.470833 0.033333 0.133333
2 0.157407 0.433333 0.062963 0.094444
2 0.282407 0.378472 0.024074 0.090278
2 0.843981 0.440278 0.037963 0.127778
2 0.253241 0.406944 0.026852 0.1
2 0.322685 0.365278 0.026852 0.088889
2 0.181019 0.420139 0.050926 0.101389
2 0.943519 0.586806 0.055556 0.145833
0 0.035185 0.561806 0.055556 0.173611
2 0.908796 0.438889 0.028704 0.102778
2 0.780093 0.338194 0.043519 0.076389
2 0.941204 0.447917 0.034259 0.1125
6 0.819444 0.6 0.140741 0.177778
6 0.325463 0.501389 0.087963 0.186111
6 0.960185 0.325 0.066667 0.075
6 0.381019 0.234028 0.041667 0.0625
2 0.798148 0.305556 0.05 0.075
2 0.898611 0.310417 0.050926 0.070833
2 0.460648 0.204861 0.012037 0.045833
2 0.454167 0.170139 0.010185 0.026389
2 0.332407 0.298611 0.016667 0.069444
2 0.340741 0.271528 0.014815 0.065278
2 0.305556 0.342361 0.018519 0.0875
2 0.299537 0.291667 0.015741 0.061111
2 0.275463 0.301389 0.015741 0.075
2 0.283796 0.260417 0.013889 0.065278
2 0.301389 0.255556 0.012037 0.061111
2 0.309722 0.275694 0.013889 0.068056
2 0.333796 0.226389 0.010185 0.044444
6 0.411111 0.149306 0.018519 0.043056
6 0.374537 0.195833 0.030556 0.041667
6 0.368519 0.163889 0.018519 0.027778
6 0.367593 0.14375 0.02037 0.029167
2 0.254167 0.246528 0.015741 0.051389
2 0.272222 0.234028 0.011111 0.0375
