0 0.037037 0.527778 0.024074 0.102778
2 0.824537 0.627778 0.052778 0.113889
2 0.74213 0.629167 0.049074 0.111111
2 0.66713 0.565278 0.04537 0.088889
2 0.345833 0.863889 0.049074 0.172222
2 0.191667 0.688889 0.042593 0.152778
2 0.243519 0.632639 0.027778 0.118056
2 0.301389 0.915972 0.058333 0.131944
2 0.448148 0.904167 0.064815 0.15
2 0.3125 0.664583 0.032407 0.109722
2 0.2875 0.60625 0.030556 0.1125
2 0.565278 0.504167 0.037963 0.097222
2 0.360648 0.731944 0.037963 0.152778
2 0.49213 0.861806 0.052778 0.151389
2 0.283333 0.820833 0.040741 0.130556
2 0.343056 0.745139 0.04537 0.143056
2 0.653704 0.515278 0.038889 0.069444
2 0.283796 0.742361 0.036111 0.090278
2 0.194444 0.595833 0.024074 0.086111
2 0.14537 0.530556 0.022222 0.094444
2 0.406019 0.591667 0.047222 0.097222
2 0.170833 0.543056 0.023148 0.094444
6 0.863426 0.870833 0.234259 0.219444
6 0.439352 0.731944 0.137963 0.188889
6 0.340741 0.529167 0.087037 0.147222
5 0.437037 0.471528 0.088889 0.106944
6 0.271759 0.448611 0.062037 0.097222
6 0.221759 0.489583 0.058333 0.093056
6 0.676389 0.931944 0.184259 0.111111
6 0.183333 0.372917 0.046296 0.073611
2 0.215278 0.580556 0.026852 0.119444
2 0.130093 0.503472 0.017593 0.081944
2 0.165278 0.481944 0.017593 0.058333
2 0.18287 0.458333 0.015741 0.080556
2 0.199537 0.422222 0.017593 0.069444
2 0.149537 0.409722 0.015741 0.061111
2 0.122222 0.470833 0.018519 0.083333
2 0.12963 0.402778 0.016667 0.055556
2 0.134259 0.372917 0.012963 0.048611
2 0.15463 0.463889 0.014815 0.069444
6 0.25787 0.385417 0.04537 0.054167
6 0.219907 0.357639 0.037963 0.059722
6 0.206481 0.322222 0.02963 0.047222
2 0.249074 0.575 0.024074 0.086111
2 0.167593 0.429861 0.014815 0.059722
2 0.468981 0.427083 0.017593 0.056944
2 0.481019 0.407639 0.015741 0.056944
2 0.588426 0.439583 0.037963 0.059722
2 0.437963 0.397222 0.018519 0.05
2 0.380093 0.383333 0.015741 0.052778
2 0.389352 0.371528 0.013889 0.054167
2 0.401852 0.3625 0.012963 0.055556
2 0.366667 0.363194 0.014815 0.048611
11 0.283333 0.322917 0.048148 0.073611
2 0.352778 0.347222 0.012963 0.047222
