2 0.327315 0.545833 0.030556 0.105556
2 0.164352 0.5625 0.028704 0.108333
2 0.247685 0.514583 0.026852 0.093056
2 0.130093 0.448611 0.025 0.083333
2 0.198148 0.504167 0.02037 0.086111
6 0.289352 0.45625 0.060185 0.095833
6 0.239815 0.401389 0.053704 0.077778
2 0.226852 0.519444 0.018519 0.075
2 0.218981 0.470833 0.017593 0.069444
2 0.187037 0.455556 0.02037 0.066667
2 0.175926 0.527778 0.018519 0.063889
2 0.156481 0.44375 0.016667 0.070833
2 0.181481 0.361111 0.016667 0.063889
2 0.165278 0.404167 0.017593 0.072222
2 0.165278 0.352778 0.012037 0.047222
2 0.152778 0.35 0.012963 0.047222
2 0.131019 0.348611 0.012037 0.052778
2 0.143056 0.359028 0.012037 0.051389
2 0.14213 0.324306 0.012037 0.034722
