2 0.292593 0.397222 0.025926 0.108333
2 0.292593 0.649306 0.05 0.195833
2 0.550463 0.321528 0.023148 0.084722
2 0.890741 0.390278 0.035185 0.094444
2 0.25 0.442361 0.02963 0.126389
2 0.284259 0.307639 0.018519 0.068056
2 0.95463 0.872222 0.081481 0.211111
2 0.300463 0.29375 0.017593 0.070833
2 0.767593 0.409028 0.046296 0.123611
2 0.169907 0.429167 0.069444 0.111111
6 0.341667 0.3125 0.057407 0.119444
11 0.409722 0.393056 0.09537 0.291667
2 0.101852 0.434028 0.061111 0.106944
2 0.337963 0.210417 0.014815 0.059722
2 0.312037 0.220139 0.012963 0.048611
2 0.369907 0.215278 0.013889 0.052778
2 0.384722 0.201389 0.013889 0.05
2 0.436574 0.161111 0.008333 0.027778
2 0.667593 0.282639 0.038889 0.068056
2 0.461111 0.235417 0.016667 0.051389
6 0.78287 0.382639 0.084259 0.095833
6 0.548611 0.211111 0.036111 0.05
6 0.476389 0.163194 0.025 0.0375
