2 0.769444 0.611806 0.053704 0.101389
2 0.322685 0.723611 0.041667 0.15
2 0.352778 0.897917 0.048148 0.179167
2 0.228704 0.701389 0.042593 0.155556
2 0.425926 0.638194 0.055556 0.123611
2 0.4375 0.9125 0.050926 0.152778
2 0.284259 0.902083 0.046296 0.170833
2 0.909722 0.925 0.106481 0.147222
2 0.189815 0.575694 0.024074 0.090278
2 0.168519 0.490278 0.022222 0.091667
2 0.465741 0.597917 0.062963 0.104167
2 0.687963 0.525 0.033333 0.094444
2 0.14537 0.484028 0.022222 0.084722
2 0.382407 0.534722 0.02963 0.102778
2 0.413889 0.55 0.037037 0.088889
2 0.562037 0.535417 0.035185 0.084722
2 0.594907 0.515278 0.034259 0.083333
2 0.65 0.597222 0.044444 0.1
2 0.488426 0.566667 0.065741 0.105556
2 0.423148 0.43125 0.02963 0.076389
6 0.32037 0.56875 0.087037 0.159722
6 0.325 0.368056 0.057407 0.061111
6 0.225463 0.507639 0.063889 0.1125
5 0.260185 0.425 0.057407 0.091667
2 0.636111 0.520833 0.035185 0.075
2 0.538889 0.456944 0.027778 0.063889
2 0.516204 0.484028 0.030556 0.081944
2 0.489352 0.454861 0.028704 0.076389
2 0.464352 0.431944 0.026852 0.075
2 0.406481 0.399306 0.022222 0.065278
2 0.368056 0.384028 0.017593 0.056944
2 0.2125 0.426389 0.023148 0.066667
2 0.136111 0.436111 0.02037 0.066667
2 0.143981 0.401389 0.015741 0.066667
2 0.162037 0.365972 0.012963 0.059722
2 0.142593 0.349306 0.012963 0.051389
6 0.163426 0.311111 0.028704 0.05
2 0.12963 0.322917 0.011111 0.043056
2 0.306944 0.311111 0.012037 0.038889
6 0.24213 0.290278 0.026852 0.038889
6 0.236111 0.375 0.040741 0.066667
2 0.346759 0.329861 0.012037 0.0375
2 0.444444 0.4125 0.016667 0.052778
2 0.910648 0.830556 0.100926 0.130556
2 0.908333 0.750694 0.081481 0.123611
2 0.197685 0.302083 0.010185 0.031944
2 0.186111 0.297222 0.009259 0.038889
2 0.122222 0.278472 0.009259 0.029167
