0 0.709259 0.530556 0.024074 0.091667
2 0.342593 0.704861 0.038889 0.1375
2 0.227315 0.720833 0.039815 0.144444
2 0.468519 0.509028 0.025926 0.095833
2 0.409259 0.554167 0.037037 0.113889
2 0.315278 0.604167 0.026852 0.116667
2 0.370833 0.572222 0.028704 0.108333
2 0.279167 0.641667 0.028704 0.113889
2 0.337963 0.571528 0.027778 0.106944
2 0.453704 0.392361 0.025926 0.065278
2 0.226852 0.625694 0.033333 0.101389
2 0.584259 0.438194 0.042593 0.065278
2 0.204167 0.552778 0.026852 0.097222
2 0.171296 0.55625 0.024074 0.084722
2 0.40787 0.361806 0.021296 0.0625
6 0.372222 0.372917 0.048148 0.059722
11 0.277778 0.411111 0.072222 0.111111
2 0.150463 0.60625 0.023148 0.1125
2 0.235648 0.541667 0.021296 0.094444
2 0.271759 0.564583 0.023148 0.081944
2 0.304167 0.504861 0.021296 0.093056
2 0.374537 0.496528 0.025 0.056944
2 0.271759 0.5125 0.019444 0.063889
2 0.258333 0.488194 0.018519 0.065278
2 0.252315 0.440972 0.017593 0.059722
2 0.193056 0.509028 0.019444 0.070833
2 0.166667 0.50625 0.016667 0.054167
2 0.143056 0.545833 0.015741 0.066667
2 0.130556 0.529861 0.018519 0.070833
2 0.188426 0.4375 0.017593 0.058333
2 0.234259 0.425 0.016667 0.063889
2 0.1 0.477778 0.018519 0.061111
2 0.167593 0.348611 0.011111 0.044444
2 0.156019 0.327083 0.010185 0.040278
2 0.131944 0.310417 0.010185 0.034722
2 0.131019 0.377083 0.012037 0.043056
2 0.119907 0.381944 0.010185 0.033333
2 0.1375 0.423611 0.015741 0.055556
2 0.159722 0.295139 0.010185 0.031944
2 0.171759 0.423611 0.012037 0.038889
2 0.273611 0.286111 0.010185 0.027778
6 0.236574 0.372222 0.037963 0.055556
6 0.224074 0.340972 0.033333 0.034722
6 0.210648 0.324306 0.036111 0.034722
2 0.171296 0.311111 0.009259 0.033333
2 0.119444 0.290972 0.009259 0.031944
2 0.306019 0.290278 0.008333 0.027778
2 0.201852 0.420833 0.011111 0.036111
2 0.232407 0.493056 0.018519 0.044444
0 0.669444 0.420833 0.012963 0.063889
0 0.914352 0.427778 0.013889 0.083333
2 0.871296 0.566667 0.044444 0.063889
0 0.864815 0.5125 0.016667 0.061111
0 0.878704 0.527778 0.014815 0.063889
0 0.947222 0.475 0.016667 0.077778
2 0.318056 0.302083 0.008333 0.029167
2 0.148611 0.477778 0.013889 0.061111
2 0.173148 0.465972 0.014815 0.054167
2 0.215741 0.463889 0.014815 0.047222
