2 0.590278 0.329167 0.025 0.080556
2 0.6 0.292361 0.022222 0.070833
2 0.324537 0.240278 0.017593 0.052778
6 0.232407 0.336806 0.061111 0.109722
6 0.453241 0.235417 0.037963 0.054167
0 0.195833 0.311111 0.017593 0.069444
0 0.207407 0.297917 0.012963 0.056944
2 0.544907 0.233333 0.015741 0.047222
2 0.478704 0.181944 0.012963 0.033333
2 0.366204 0.192361 0.012037 0.0375
2 0.32037 0.2 0.012963 0.036111
2 0.348148 0.165972 0.011111 0.029167
2 0.330093 0.172222 0.010185 0.030556
12 0.434722 0.172917 0.052778 0.109722
12 0.395833 0.118056 0.028704 0.066667
