2 0.411111 0.424306 0.022222 0.079167
2 0.308333 0.483333 0.027778 0.091667
2 0.1625 0.552778 0.025 0.097222
2 0.265741 0.495139 0.025926 0.090278
2 0.136111 0.586111 0.025926 0.1
2 0.280556 0.413889 0.022222 0.086111
2 0.211574 0.534028 0.026852 0.095833
2 0.169444 0.438194 0.022222 0.073611
2 0.186111 0.521528 0.024074 0.093056
2 0.131944 0.448611 0.019444 0.066667
11 0.21713 0.305556 0.041667 0.102778
2 0.22963 0.502778 0.02037 0.088889
2 0.244444 0.490972 0.016667 0.095833
2 0.231481 0.422917 0.018519 0.073611
2 0.205556 0.445833 0.018519 0.075
2 0.136111 0.504861 0.022222 0.076389
2 0.3625 0.31875 0.015741 0.040278
2 0.387963 0.3 0.025926 0.033333
2 0.253241 0.2625 0.010185 0.025
2 0.181481 0.349306 0.014815 0.045833
2 0.151389 0.414583 0.017593 0.065278
2 0.14213 0.326389 0.012037 0.041667
2 0.155556 0.336806 0.009259 0.034722
2 0.151389 0.298611 0.008333 0.033333
2 0.15787 0.502083 0.019444 0.059722
2 0.260648 0.447222 0.015741 0.047222
6 0.27037 0.282639 0.02963 0.040278
6 0.186574 0.270833 0.019444 0.036111
