0 0.325 0.765972 0.048148 0.220833
2 0.928704 0.719444 0.081481 0.180556
2 0.124074 0.785417 0.057407 0.226389
2 0.237037 0.654861 0.051852 0.198611
2 0.521296 0.296528 0.02037 0.076389
2 0.572685 0.319444 0.025 0.086111
2 0.290741 0.500694 0.040741 0.143056
2 0.7875 0.488889 0.050926 0.138889
2 0.486111 0.288194 0.018519 0.073611
2 0.718519 0.496528 0.040741 0.143056
2 0.25 0.431944 0.031481 0.119444
2 0.699074 0.3 0.044444 0.069444
2 0.631481 0.34375 0.025926 0.0875
2 0.666667 0.515972 0.044444 0.140278
2 0.3125 0.409028 0.030556 0.120833
2 0.92037 0.329861 0.033333 0.073611
2 0.220833 0.566667 0.037963 0.130556
2 0.464352 0.26875 0.019444 0.065278
2 0.130556 0.413194 0.068519 0.101389
2 0.859722 0.341667 0.050926 0.077778
6 0.399074 0.403472 0.081481 0.156944
6 0.361574 0.275 0.052778 0.088889
2 0.823148 0.327083 0.044444 0.070833
2 0.310648 0.304167 0.019444 0.069444
2 0.334259 0.239583 0.011111 0.048611
2 0.384722 0.220833 0.013889 0.052778
2 0.478241 0.240278 0.023148 0.055556
2 0.502778 0.241667 0.012963 0.047222
2 0.54213 0.23125 0.019444 0.048611
2 0.494907 0.215278 0.012037 0.047222
2 0.478704 0.198611 0.009259 0.033333
2 0.448611 0.173611 0.010185 0.036111
2 0.4625 0.179167 0.010185 0.036111
6 0.55 0.211111 0.031481 0.047222
6 0.335185 0.178472 0.025926 0.043056
6 0.415278 0.161806 0.023148 0.034722
11 0.376389 0.174306 0.030556 0.0875
