2 0.660648 0.590278 0.043519 0.1
2 0.305556 0.859028 0.044444 0.1875
2 0.27037 0.688194 0.035185 0.134722
2 0.378241 0.895833 0.050926 0.175
2 0.176852 0.620139 0.031481 0.118056
2 0.918519 0.754861 0.083333 0.170833
2 0.764815 0.642361 0.061111 0.1125
2 0.328241 0.486111 0.028704 0.097222
2 0.736574 0.477778 0.050926 0.086111
2 0.408796 0.409722 0.025 0.080556
2 0.371759 0.378472 0.021296 0.068056
2 0.128704 0.515972 0.025926 0.090278
2 0.512963 0.473611 0.027778 0.066667
2 0.165741 0.422222 0.025926 0.077778
2 0.543519 0.463889 0.02963 0.072222
2 0.146759 0.471528 0.021296 0.081944
2 0.757407 0.594444 0.062963 0.102778
6 0.524537 0.734722 0.15463 0.197222
6 0.348611 0.661806 0.112037 0.1625
6 0.498611 0.55625 0.106481 0.109722
6 0.226852 0.492361 0.072222 0.123611
6 0.257407 0.396528 0.046296 0.070833
11 0.223148 0.315972 0.068519 0.123611
2 0.955093 0.825 0.089815 0.141667
2 0.121759 0.475 0.019444 0.080556
2 0.263426 0.472917 0.023148 0.076389
2 0.176852 0.376389 0.018519 0.055556
2 0.148611 0.347917 0.015741 0.048611
2 0.354167 0.346528 0.017593 0.065278
2 0.156944 0.329861 0.013889 0.045833
2 0.306481 0.307639 0.014815 0.0375
6 0.178241 0.284028 0.032407 0.054167
6 0.143981 0.2875 0.026852 0.036111
