2 0.325 0.336111 0.024074 0.094444
2 0.213426 0.440278 0.030556 0.122222
2 0.743519 0.484722 0.046296 0.144444
2 0.613889 0.368056 0.025926 0.091667
2 0.115741 0.478472 0.037037 0.131944
2 0.262037 0.41875 0.025926 0.1125
2 0.290741 0.297917 0.02037 0.076389
2 0.29537 0.401389 0.037037 0.105556
2 0.431944 0.28125 0.030556 0.090278
2 0.593981 0.284722 0.019444 0.066667
2 0.560648 0.300694 0.021296 0.068056
2 0.621759 0.311111 0.023148 0.063889
6 0.77963 0.827778 0.222222 0.297222
6 0.522685 0.363194 0.071296 0.104167
6 0.549537 0.211806 0.034259 0.048611
6 0.489352 0.172222 0.028704 0.038889
6 0.405556 0.15 0.018519 0.036111
6 0.466204 0.159028 0.019444 0.034722
6 0.35 0.186806 0.02963 0.045833
11 0.436111 0.185417 0.035185 0.0625
2 0.548148 0.272222 0.018519 0.058333
2 0.499074 0.2375 0.012963 0.05
2 0.47037 0.199306 0.014815 0.045833
2 0.514815 0.211806 0.014815 0.043056
2 0.383333 0.225694 0.012963 0.051389
2 0.410185 0.240972 0.024074 0.054167
2 0.34213 0.234722 0.015741 0.058333
2 0.36713 0.213889 0.015741 0.058333
2 0.298611 0.235417 0.013889 0.043056
2 0.314352 0.208333 0.015741 0.055556
2 0.332407 0.182639 0.011111 0.043056
