2 0.2375 0.725 0.041667 0.158333
2 0.310185 0.861111 0.046296 0.15
2 0.779167 0.764583 0.062037 0.123611
2 0.630556 0.63125 0.037037 0.093056
2 0.690741 0.542361 0.042593 0.0875
2 0.893056 0.800694 0.067593 0.143056
2 0.546296 0.559722 0.031481 0.094444
2 0.388426 0.372222 0.021296 0.061111
2 0.411111 0.406944 0.022222 0.066667
2 0.144907 0.533333 0.025 0.094444
2 0.186111 0.626389 0.031481 0.119444
2 0.593519 0.5625 0.038889 0.083333
2 0.97037 0.705556 0.046296 0.097222
2 0.714815 0.681944 0.053704 0.108333
2 0.766667 0.595833 0.048148 0.105556
2 0.8875 0.63125 0.056481 0.109722
2 0.407407 0.935417 0.057407 0.1125
2 0.455556 0.433333 0.024074 0.061111
2 0.363426 0.408333 0.023148 0.069444
2 0.211574 0.580556 0.025 0.091667
2 0.427315 0.372917 0.023148 0.056944
2 0.139352 0.472917 0.015741 0.065278
6 0.748148 0.916667 0.214815 0.141667
6 0.385185 0.775694 0.15 0.276389
6 0.534722 0.468056 0.089815 0.086111
6 0.448611 0.495833 0.084259 0.086111
6 0.250926 0.526389 0.072222 0.119444
11 0.45787 0.665278 0.143519 0.269444
11 0.297685 0.430556 0.084259 0.186111
2 0.224537 0.452778 0.019444 0.072222
11 0.240278 0.360417 0.04537 0.073611
6 0.212037 0.329861 0.027778 0.043056
6 0.193981 0.302083 0.026852 0.040278
10 0.146759 0.289583 0.036111 0.081944
9 0.191204 0.400694 0.049074 0.1125
2 0.162963 0.388194 0.014815 0.059722
2 0.150926 0.395833 0.011111 0.047222
2 0.146759 0.361111 0.012037 0.05
6 0.168519 0.321528 0.027778 0.054167
2 0.133333 0.404167 0.014815 0.044444
2 0.190741 0.499306 0.02037 0.076389
2 0.168981 0.469444 0.019444 0.072222
2 0.171296 0.538889 0.022222 0.066667
2 0.191667 0.555556 0.018519 0.094444
2 0.308796 0.946528 0.04537 0.090278
2 0.625 0.811111 0.074074 0.141667
2 0.627315 0.750694 0.065741 0.123611
2 0.646759 0.53125 0.034259 0.084722
2 0.615278 0.536806 0.034259 0.090278
2 0.610648 0.483333 0.041667 0.072222
2 0.739352 0.548611 0.047222 0.080556
2 0.801852 0.695139 0.057407 0.126389
2 0.848148 0.697222 0.046296 0.122222
2 0.349074 0.373611 0.014815 0.061111
2 0.320833 0.361806 0.013889 0.045833
2 0.350926 0.330556 0.016667 0.041667
2 0.13287 0.4375 0.010185 0.05
2 0.298148 0.294444 0.009259 0.033333
0 0.928241 0.405556 0.013889 0.061111
