2 0.560185 0.804861 0.074074 0.173611
2 0.71713 0.594444 0.052778 0.111111
2 0.607407 0.755556 0.064815 0.163889
2 0.217593 0.561111 0.02963 0.113889
2 0.531481 0.480556 0.037037 0.083333
2 0.397222 0.915278 0.055556 0.155556
2 0.164352 0.410417 0.021296 0.076389
6 0.37963 0.672917 0.112963 0.176389
6 0.42963 0.461111 0.075926 0.086111
6 0.254167 0.415278 0.052778 0.075
6 0.324537 0.5125 0.089815 0.147222
6 0.215741 0.326389 0.037037 0.066667
2 0.445833 0.416667 0.021296 0.047222
2 0.449537 0.397917 0.019444 0.051389
2 0.137037 0.295833 0.011111 0.033333
2 0.133333 0.250694 0.011111 0.029167
2 0.309722 0.319444 0.010185 0.033333
2 0.327778 0.3125 0.011111 0.038889
2 0.318056 0.302778 0.010185 0.033333
2 0.303241 0.301389 0.010185 0.038889
2 0.284722 0.279861 0.010185 0.029167
2 0.269444 0.268056 0.009259 0.027778
2 0.258796 0.25625 0.010185 0.026389
2 0.243056 0.254167 0.008333 0.025
6 0.180556 0.265972 0.022222 0.0375
6 0.198611 0.30625 0.023148 0.048611
