2 0.411111 0.731944 0.038889 0.158333
2 0.60787 0.549306 0.039815 0.093056
2 0.443981 0.388889 0.021296 0.066667
2 0.345833 0.511806 0.023148 0.093056
2 0.528241 0.447222 0.032407 0.075
2 0.331019 0.345139 0.013889 0.045833
2 0.313426 0.299306 0.012037 0.034722
2 0.201389 0.402083 0.013889 0.065278
2 0.191204 0.311806 0.012037 0.045833
2 0.175 0.336806 0.014815 0.048611
2 0.160185 0.313889 0.011111 0.041667
2 0.158333 0.395833 0.016667 0.066667
2 0.237963 0.497222 0.02037 0.091667
2 0.213889 0.507639 0.02037 0.076389
2 0.193056 0.489583 0.021296 0.073611
2 0.175 0.517361 0.018519 0.081944
2 0.164815 0.481944 0.022222 0.091667
2 0.143519 0.463889 0.018519 0.075
2 0.18287 0.438889 0.017593 0.063889
2 0.219907 0.458333 0.017593 0.058333
2 0.149537 0.336806 0.013889 0.054167
2 0.176389 0.3 0.012037 0.044444
2 0.142593 0.295833 0.012963 0.038889
2 0.207407 0.3 0.012963 0.033333
2 0.15787 0.259722 0.008333 0.030556
2 0.290741 0.286806 0.011111 0.034722
2 0.278704 0.245139 0.009259 0.026389
2 0.276852 0.295833 0.012963 0.036111
5 0.278704 0.479167 0.061111 0.108333
6 0.25787 0.300694 0.028704 0.043056
6 0.243981 0.279861 0.026852 0.043056
0 0.746759 0.415972 0.017593 0.059722
