2 0.410648 0.579167 0.043519 0.125
2 0.694444 0.546528 0.044444 0.093056
2 0.311111 0.623611 0.044444 0.141667
2 0.352315 0.613889 0.036111 0.136111
2 0.220833 0.501389 0.028704 0.102778
2 0.487963 0.431944 0.031481 0.072222
2 0.186111 0.517361 0.025926 0.098611
2 0.141204 0.502778 0.026852 0.097222
2 0.735648 0.475694 0.050926 0.084722
6 0.381481 0.38125 0.059259 0.0625
9 0.281481 0.428472 0.075926 0.140278
11 0.222222 0.341667 0.05 0.116667
2 0.178241 0.377778 0.015741 0.063889
2 0.312037 0.294444 0.012963 0.036111
2 0.289815 0.295833 0.011111 0.033333
2 0.269444 0.271528 0.011111 0.026389
2 0.174074 0.29375 0.014815 0.0375
2 0.140278 0.288194 0.012037 0.034722
2 0.172685 0.255556 0.012037 0.027778
2 0.147685 0.235417 0.010185 0.023611
0 0.631019 0.418056 0.012037 0.052778
6 0.167593 0.350694 0.033333 0.056944
