0 0.678704 0.48125 0.02037 0.081944
2 0.253241 0.684722 0.037963 0.15
2 0.337963 0.788889 0.05 0.177778
2 0.348611 0.618056 0.041667 0.144444
2 0.15787 0.497917 0.025 0.093056
2 0.274074 0.622917 0.035185 0.129167
2 0.19537 0.484028 0.024074 0.090278
2 0.652778 0.591667 0.046296 0.094444
2 0.560185 0.533333 0.035185 0.083333
2 0.245833 0.447917 0.023148 0.090278
2 0.689352 0.580556 0.032407 0.094444
2 0.869907 0.472222 0.041667 0.080556
2 0.632407 0.455556 0.038889 0.072222
5 0.70787 0.740972 0.175 0.168056
6 0.749537 0.902778 0.247222 0.177778
6 0.297685 0.4375 0.065741 0.113889
6 0.352778 0.398611 0.051852 0.072222
10 0.221759 0.322917 0.067593 0.134722
11 0.45463 0.7125 0.17037 0.338889
11 0.482407 0.481944 0.133333 0.191667
2 0.443056 0.940278 0.062037 0.105556
2 0.948611 0.854861 0.100926 0.170833
2 0.762963 0.697917 0.07037 0.115278
2 0.761111 0.634028 0.055556 0.104167
2 0.609259 0.534028 0.040741 0.084722
2 0.598148 0.493056 0.031481 0.066667
2 0.176389 0.465278 0.017593 0.083333
2 0.175 0.396528 0.016667 0.059722
2 0.191204 0.384722 0.015741 0.058333
2 0.126389 0.408333 0.015741 0.066667
2 0.132407 0.369444 0.014815 0.047222
2 0.156944 0.357639 0.010185 0.051389
2 0.175926 0.352778 0.012963 0.052778
2 0.161111 0.322917 0.011111 0.040278
5 0.255556 0.293056 0.025926 0.041667
2 0.381481 0.380556 0.014815 0.055556
2 0.392593 0.356944 0.014815 0.05
2 0.134259 0.313194 0.009259 0.0375
2 0.146296 0.288889 0.007407 0.030556
2 0.145833 0.3375 0.010185 0.038889
0 0.910648 0.444444 0.012037 0.072222
