2 0.276389 0.554167 0.041667 0.161111
2 0.469444 0.2625 0.031481 0.069444
2 0.772685 0.544444 0.050926 0.152778
2 0.324074 0.329167 0.022222 0.091667
2 0.810185 0.39375 0.033333 0.101389
0 0.934259 0.599306 0.057407 0.173611
2 0.606481 0.35625 0.027778 0.095833
2 0.853704 0.360417 0.031481 0.093056
2 0.560185 0.294444 0.042593 0.075
2 0.497222 0.222917 0.014815 0.045833
2 0.927315 0.3625 0.025 0.083333
2 0.876389 0.343056 0.026852 0.083333
2 0.9375 0.338889 0.028704 0.075
2 0.962963 0.334722 0.035185 0.063889
2 0.25787 0.374306 0.023148 0.093056
2 0.319444 0.220833 0.016667 0.044444
2 0.283333 0.232639 0.016667 0.0625
2 0.450926 0.1875 0.014815 0.041667
2 0.475 0.222222 0.011111 0.038889
2 0.551852 0.2625 0.014815 0.041667
6 0.549537 0.211111 0.032407 0.052778
6 0.4875 0.171528 0.026852 0.043056
12 0.368981 0.15625 0.041667 0.1125
