2 0.292593 0.325 0.024074 0.091667
2 0.240278 0.571528 0.04537 0.156944
2 0.162963 0.424306 0.031481 0.115278
2 0.955093 0.651389 0.065741 0.15
2 0.826389 0.893056 0.089815 0.197222
2 0.219907 0.433333 0.073148 0.102778
2 0.908796 0.435417 0.032407 0.106944
0 0.045833 0.508333 0.032407 0.116667
0 0.085648 0.513194 0.023148 0.101389
6 0.67963 0.753472 0.196296 0.270833
6 0.552778 0.447222 0.109259 0.15
6 0.36713 0.395139 0.071296 0.140278
5 0.530556 0.330556 0.07963 0.102778
11 0.463889 0.286806 0.044444 0.106944
10 0.726389 0.425694 0.263889 0.359722
6 0.406944 0.154167 0.017593 0.027778
6 0.367593 0.13125 0.018519 0.029167
2 0.853704 0.424306 0.024074 0.098611
2 0.941204 0.447917 0.032407 0.1125
2 0.581944 0.317361 0.021296 0.0875
2 0.255556 0.252083 0.018519 0.045833
2 0.305093 0.216667 0.013889 0.052778
2 0.340278 0.201389 0.012037 0.05
2 0.443519 0.170833 0.009259 0.038889
2 0.486111 0.1875 0.011111 0.038889
2 0.500463 0.207639 0.010185 0.034722
2 0.590741 0.2875 0.018519 0.05
11 0.539815 0.254861 0.066667 0.118056
