2 0.359259 0.602083 0.042593 0.193056
2 0.331019 0.401389 0.063889 0.1
2 0.938889 0.729861 0.085185 0.1875
2 0.208796 0.430556 0.030556 0.122222
2 0.732407 0.547917 0.05 0.159722
2 0.318519 0.297222 0.024074 0.088889
2 0.237963 0.379861 0.02963 0.098611
2 0.563426 0.308333 0.021296 0.075
2 0.865278 0.401389 0.036111 0.108333
2 0.789352 0.497222 0.036111 0.133333
2 0.616667 0.385417 0.025926 0.095833
2 0.839352 0.385417 0.028704 0.095833
2 0.533333 0.259028 0.018519 0.059722
2 0.778704 0.372917 0.033333 0.095833
2 0.301389 0.269444 0.017593 0.066667
2 0.889352 0.584722 0.056481 0.180556
2 0.611111 0.33125 0.027778 0.079167
6 0.519907 0.363194 0.073148 0.101389
2 0.915278 0.545833 0.049074 0.127778
2 0.760185 0.500694 0.033333 0.129167
2 0.506019 0.236111 0.015741 0.055556
2 0.475463 0.190278 0.013889 0.041667
2 0.337037 0.195139 0.007407 0.043056
2 0.378241 0.15 0.012037 0.044444
6 0.471759 0.247917 0.049074 0.073611
6 0.55 0.211806 0.035185 0.048611
6 0.42037 0.168056 0.025926 0.036111
6 0.472222 0.156944 0.022222 0.033333
6 0.402315 0.142361 0.017593 0.029167
2 0.323611 0.180556 0.010185 0.041667
