2 0.943981 0.686806 0.065741 0.109722
2 0.421759 0.377083 0.021296 0.065278
2 0.156019 0.607639 0.030556 0.1125
2 0.181481 0.551389 0.02037 0.086111
6 0.287037 0.477083 0.061111 0.101389
6 0.237963 0.429167 0.05 0.066667
2 0.204167 0.516667 0.019444 0.091667
2 0.230556 0.504167 0.02037 0.086111
2 0.246759 0.497917 0.023148 0.0875
2 0.346759 0.480556 0.021296 0.086111
2 0.325 0.470139 0.018519 0.090278
2 0.148611 0.536806 0.019444 0.076389
2 0.1625 0.513194 0.017593 0.081944
2 0.131944 0.480556 0.017593 0.086111
2 0.118519 0.459028 0.016667 0.081944
2 0.106944 0.441667 0.013889 0.066667
2 0.168981 0.456944 0.017593 0.055556
2 0.232407 0.465972 0.018519 0.0625
2 0.296296 0.306944 0.011111 0.036111
2 0.303241 0.293056 0.008333 0.030556
0 0.447222 0.340278 0.009259 0.052778
6 0.244907 0.384028 0.041667 0.056944
6 0.218056 0.331944 0.037963 0.044444
2 0.587963 0.440278 0.044444 0.063889
2 0.21713 0.474306 0.017593 0.065278
