2 0.361574 0.653472 0.041667 0.140278
2 0.274537 0.727083 0.034259 0.154167
2 0.425926 0.569444 0.051852 0.108333
2 0.305093 0.657639 0.032407 0.1375
2 0.175463 0.492361 0.025 0.093056
2 0.594907 0.539583 0.034259 0.095833
2 0.214352 0.643056 0.030556 0.113889
2 0.84537 0.672222 0.057407 0.108333
2 0.215278 0.48125 0.019444 0.081944
2 0.64213 0.595833 0.036111 0.105556
2 0.194444 0.579861 0.027778 0.095833
2 0.647222 0.530556 0.037037 0.083333
2 0.547685 0.474306 0.028704 0.079167
2 0.268981 0.453472 0.023148 0.093056
2 0.431944 0.417361 0.025 0.073611
2 0.12963 0.422222 0.022222 0.077778
2 0.461574 0.398611 0.023148 0.066667
6 0.519444 0.5625 0.112963 0.116667
5 0.32037 0.515278 0.074074 0.116667
6 0.2625 0.304861 0.034259 0.043056
11 0.878241 0.843056 0.239815 0.294444
2 0.168981 0.417361 0.015741 0.065278
2 0.194444 0.410417 0.012963 0.054167
2 0.203704 0.382639 0.012963 0.054167
2 0.187037 0.370833 0.014815 0.047222
2 0.156944 0.397222 0.015741 0.063889
2 0.219907 0.438889 0.015741 0.058333
6 0.259259 0.394444 0.05 0.080556
6 0.208333 0.305556 0.037037 0.052778
2 0.209259 0.333333 0.011111 0.052778
2 0.15463 0.350694 0.011111 0.0375
2 0.191667 0.338194 0.009259 0.0375
2 0.338426 0.322917 0.010185 0.045833
2 0.378241 0.39375 0.013889 0.056944
2 0.39537 0.386111 0.014815 0.052778
2 0.315741 0.331944 0.012963 0.041667
2 0.5125 0.479167 0.025 0.063889
2 0.48287 0.430556 0.021296 0.063889
2 0.495833 0.458333 0.021296 0.072222
2 0.535185 0.446528 0.022222 0.059722
2 0.413426 0.381944 0.019444 0.052778
2 0.431019 0.379861 0.021296 0.051389
2 0.172222 0.33125 0.011111 0.043056
2 0.171296 0.3 0.009259 0.038889
2 0.143981 0.3375 0.012037 0.047222
2 0.147685 0.290972 0.010185 0.029167
