2 0.265278 0.669444 0.052778 0.194444
2 0.26713 0.43125 0.032407 0.1125
2 0.899537 0.60625 0.058333 0.154167
2 0.448148 0.542361 0.044444 0.148611
2 0.193519 0.889583 0.072222 0.195833
2 0.65 0.345139 0.05 0.0875
2 0.762037 0.521528 0.042593 0.140278
2 0.856019 0.4375 0.032407 0.113889
2 0.809259 0.445139 0.033333 0.123611
2 0.353241 0.452083 0.05463 0.123611
2 0.425 0.4375 0.031481 0.116667
2 0.334259 0.326389 0.024074 0.091667
2 0.532407 0.316667 0.022222 0.083333
2 0.258796 0.293056 0.021296 0.080556
2 0.630556 0.436806 0.033333 0.106944
2 0.270833 0.539583 0.039815 0.126389
2 0.775 0.402083 0.027778 0.095833
2 0.694444 0.461806 0.035185 0.106944
2 0.508333 0.270833 0.033333 0.066667
2 0.690278 0.539583 0.043519 0.1375
2 0.799074 0.359722 0.027778 0.088889
2 0.9 0.372917 0.02963 0.0875
6 0.625926 0.613194 0.157407 0.243056
6 0.150926 0.4125 0.174074 0.136111
2 0.955093 0.35 0.036111 0.080556
2 0.296296 0.268056 0.014815 0.061111
2 0.318981 0.277778 0.019444 0.069444
2 0.319444 0.230556 0.012963 0.058333
2 0.331481 0.177083 0.009259 0.034722
2 0.352315 0.177778 0.010185 0.036111
2 0.500463 0.234722 0.012037 0.041667
2 0.521296 0.230556 0.012963 0.047222
2 0.512037 0.21875 0.012963 0.048611
2 0.487963 0.201389 0.011111 0.041667
2 0.452778 0.174306 0.012963 0.040278
2 0.436574 0.156944 0.010185 0.030556
6 0.437963 0.197917 0.031481 0.051389
6 0.374537 0.209028 0.036111 0.054167
6 0.552315 0.2125 0.028704 0.052778
6 0.977778 0.323611 0.031481 0.061111
