2 0.774074 0.540278 0.053704 0.086111
2 0.198148 0.667361 0.033333 0.123611
2 0.255556 0.875 0.05 0.180556
2 0.374537 0.847222 0.050926 0.183333
2 0.782407 0.927083 0.114815 0.129167
2 0.431481 0.56875 0.038889 0.106944
2 0.308333 0.826389 0.048148 0.169444
2 0.237963 0.622917 0.02963 0.115278
2 0.187963 0.559028 0.027778 0.093056
2 0.348611 0.640972 0.032407 0.118056
2 0.297222 0.704167 0.040741 0.122222
2 0.584259 0.439583 0.042593 0.076389
2 0.3 0.605556 0.031481 0.105556
2 0.538889 0.454167 0.035185 0.072222
2 0.335648 0.561806 0.032407 0.095833
2 0.261574 0.577778 0.026852 0.108333
2 0.396759 0.744444 0.036111 0.125
6 0.456944 0.71875 0.147222 0.195833
6 0.288889 0.436111 0.064815 0.097222
5 0.223611 0.350694 0.039815 0.0625
2 0.289352 0.526389 0.026852 0.072222
2 0.222222 0.536806 0.022222 0.090278
2 0.234259 0.502778 0.024074 0.077778
2 0.106944 0.565278 0.023148 0.102778
2 0.120833 0.522917 0.025 0.093056
2 0.141667 0.511111 0.024074 0.091667
2 0.169444 0.532639 0.02037 0.0875
2 0.205093 0.488889 0.019444 0.088889
2 0.245833 0.441667 0.015741 0.066667
2 0.144444 0.423611 0.016667 0.063889
2 0.181019 0.455556 0.021296 0.069444
2 0.177778 0.486111 0.018519 0.058333
2 0.131481 0.378472 0.014815 0.056944
2 0.175926 0.400694 0.016667 0.051389
2 0.160648 0.438194 0.017593 0.065278
2 0.153241 0.481944 0.019444 0.066667
2 0.190741 0.380556 0.014815 0.055556
2 0.222685 0.447917 0.019444 0.084722
2 0.229167 0.399306 0.015741 0.054167
6 0.260185 0.394444 0.037037 0.069444
2 0.160185 0.31875 0.011111 0.043056
2 0.26713 0.284722 0.012037 0.036111
2 0.291204 0.285417 0.010185 0.029167
6 0.198611 0.234722 0.021296 0.027778
