2 0.450926 0.748611 0.046296 0.158333
2 0.261574 0.870833 0.043519 0.172222
2 0.226852 0.784722 0.038889 0.144444
2 0.817593 0.59375 0.055556 0.0875
2 0.735185 0.678472 0.051852 0.134722
2 0.502778 0.620833 0.048148 0.097222
2 0.418981 0.595139 0.049074 0.115278
2 0.67963 0.686111 0.046296 0.113889
2 0.605556 0.60625 0.042593 0.0875
2 0.372222 0.520833 0.025926 0.1
2 0.449074 0.479167 0.027778 0.080556
2 0.426389 0.421528 0.023148 0.070833
2 0.837963 0.511111 0.02963 0.086111
2 0.237963 0.678472 0.031481 0.104167
2 0.208333 0.634028 0.02963 0.1125
2 0.521759 0.540278 0.026852 0.083333
2 0.173148 0.734028 0.038889 0.1125
2 0.425 0.550694 0.040741 0.106944
2 0.362037 0.938194 0.061111 0.098611
2 0.689815 0.538194 0.042593 0.079167
2 0.666204 0.592361 0.060185 0.093056
2 0.599074 0.4875 0.031481 0.066667
2 0.512037 0.469444 0.027778 0.083333
2 0.230093 0.422222 0.021296 0.080556
6 0.575926 0.779167 0.201852 0.236111
6 0.34537 0.771528 0.15 0.279167
6 0.302778 0.495139 0.072222 0.109722
5 0.34537 0.385417 0.053704 0.0625
6 0.268519 0.589583 0.090741 0.151389
6 0.280093 0.41875 0.058333 0.090278
10 0.178241 0.361111 0.067593 0.163889
2 0.168056 0.625694 0.028704 0.1125
2 0.173148 0.567361 0.02037 0.079167
2 0.197685 0.543056 0.019444 0.069444
2 0.203241 0.490972 0.017593 0.0625
2 0.223611 0.513889 0.021296 0.077778
2 0.175 0.502083 0.018519 0.076389
2 0.14537 0.559722 0.016667 0.083333
2 0.203704 0.44375 0.024074 0.054167
2 0.14213 0.507639 0.019444 0.054167
2 0.15 0.482639 0.018519 0.0625
2 0.141204 0.454167 0.013889 0.055556
2 0.128704 0.436111 0.016667 0.072222
11 0.230093 0.33125 0.052778 0.095833
2 0.464352 0.421528 0.021296 0.056944
2 0.55463 0.500694 0.031481 0.073611
2 0.540278 0.466667 0.023148 0.088889
2 0.501389 0.435417 0.021296 0.059722
2 0.587037 0.439583 0.037037 0.065278
2 0.390741 0.393056 0.018519 0.058333
2 0.959722 0.525 0.032407 0.088889
0 0.912037 0.440972 0.014815 0.079167
2 0.29213 0.293056 0.010185 0.036111
2 0.271296 0.285417 0.009259 0.031944
2 0.341204 0.321528 0.008333 0.043056
2 0.323611 0.323611 0.013889 0.041667
6 0.288889 0.273611 0.02963 0.038889
2 0.131481 0.404861 0.012963 0.043056
2 0.125 0.377778 0.009259 0.038889
2 0.134722 0.373611 0.008333 0.038889
2 0.119907 0.327778 0.010185 0.058333
2 0.258796 0.279167 0.008333 0.038889
