0 0.908333 0.549306 0.018519 0.084722
2 0.868981 0.545833 0.043519 0.088889
2 0.812963 0.623611 0.057407 0.111111
2 0.32037 0.847222 0.048148 0.183333
2 0.181481 0.616667 0.025926 0.113889
2 0.654167 0.544444 0.036111 0.102778
2 0.208796 0.804167 0.039815 0.152778
2 0.264815 0.897222 0.046296 0.161111
2 0.228704 0.513194 0.027778 0.095833
2 0.144907 0.46875 0.017593 0.073611
2 0.262037 0.591667 0.027778 0.105556
2 0.186111 0.513889 0.022222 0.094444
2 0.281019 0.716667 0.037963 0.113889
2 0.268519 0.777083 0.033333 0.109722
2 0.730093 0.472917 0.043519 0.081944
2 0.200463 0.420833 0.021296 0.072222
2 0.220833 0.714583 0.036111 0.134722
6 0.787037 0.809722 0.22963 0.222222
6 0.438889 0.855556 0.2 0.269444
6 0.547222 0.840278 0.168519 0.25
6 0.3375 0.65 0.113889 0.197222
6 0.309259 0.501389 0.066667 0.102778
6 0.286111 0.435417 0.055556 0.0875
5 0.3125 0.355556 0.049074 0.066667
11 0.466667 0.472917 0.118519 0.151389
2 0.099537 0.472917 0.019444 0.079167
2 0.171759 0.465972 0.017593 0.079167
2 0.209722 0.504861 0.017593 0.084722
2 0.222685 0.452778 0.019444 0.055556
2 0.238889 0.400694 0.016667 0.065278
2 0.184259 0.372222 0.014815 0.061111
2 0.16713 0.391667 0.013889 0.061111
2 0.15 0.411806 0.012963 0.056944
2 0.147222 0.35625 0.012963 0.054167
2 0.168519 0.345139 0.011111 0.043056
2 0.126852 0.292361 0.007407 0.029167
6 0.164352 0.3125 0.032407 0.044444
6 0.228704 0.357639 0.042593 0.059722
6 0.210185 0.311806 0.040741 0.054167
5 0.261574 0.315972 0.032407 0.040278
2 0.39213 0.369444 0.013889 0.05
2 0.380556 0.345139 0.012963 0.054167
2 0.352778 0.355556 0.014815 0.052778
2 0.364352 0.344444 0.012037 0.047222
2 0.405556 0.388889 0.014815 0.055556
2 0.424074 0.377083 0.018519 0.048611
2 0.59213 0.472222 0.036111 0.061111
2 0.58287 0.55 0.032407 0.088889
2 0.618056 0.545139 0.032407 0.093056
2 0.543056 0.457639 0.028704 0.070833
2 0.3125 0.300694 0.010185 0.0375
2 0.296759 0.303472 0.010185 0.031944
2 0.343981 0.329167 0.012037 0.041667
2 0.137963 0.275694 0.009259 0.031944
2 0.148148 0.276389 0.007407 0.030556
2 0.233333 0.261806 0.007407 0.026389
2 0.291204 0.284722 0.010185 0.033333
2 0.177315 0.265278 0.026852 0.041667
2 0.251389 0.668056 0.021296 0.122222
2 0.228241 0.628472 0.023148 0.123611
2 0.363426 0.940278 0.056481 0.097222
2 0.03287 0.506944 0.058333 0.072222
