2 0.584722 0.536806 0.036111 0.104167
2 0.46713 0.438194 0.030556 0.068056
2 0.410185 0.381944 0.025926 0.069444
2 0.15787 0.324306 0.017593 0.048611
6 0.88287 0.890278 0.223148 0.194444
0 0.506944 0.438194 0.015741 0.0625
2 0.135648 0.334722 0.015741 0.055556
2 0.270833 0.279167 0.012037 0.033333
2 0.205556 0.245139 0.009259 0.026389
2 0.21713 0.243056 0.008333 0.025
2 0.231019 0.243056 0.008333 0.027778
6 0.175463 0.25 0.023148 0.036111
2 0.149074 0.247222 0.012963 0.038889
2 0.134259 0.246528 0.009259 0.034722
2 0.534259 0.339583 0.035185 0.045833
