2 0.575 0.288889 0.02037 0.072222
2 0.535185 0.28125 0.02037 0.070833
2 0.835648 0.527083 0.05463 0.151389
2 0.167593 0.484028 0.046296 0.151389
2 0.737963 0.440278 0.035185 0.122222
2 0.288426 0.248611 0.015741 0.069444
6 0.903704 0.771528 0.17963 0.320833
12 0.377778 0.423611 0.157407 0.552778
0 0.974537 0.511806 0.037963 0.070833
2 0.151852 0.429861 0.033333 0.1125
2 0.53287 0.229167 0.013889 0.047222
6 0.290741 0.206944 0.031481 0.044444
12 0.370833 0.127083 0.037963 0.090278
12 0.426852 0.159722 0.044444 0.102778
