2 0.561574 0.890278 0.117593 0.188889
2 0.723611 0.490278 0.04537 0.133333
2 0.390741 0.920833 0.142593 0.141667
2 0.428704 0.288194 0.02037 0.068056
2 0.921759 0.877083 0.10463 0.218056
2 0.647222 0.397222 0.031481 0.1
2 0.543056 0.275694 0.019444 0.0625
2 0.589815 0.793056 0.064815 0.163889
2 0.506944 0.271528 0.017593 0.068056
2 0.60787 0.754167 0.043519 0.133333
2 0.650463 0.345139 0.028704 0.065278
6 0.690741 0.656944 0.187037 0.244444
6 0.326389 0.263194 0.04537 0.073611
6 0.443519 0.227083 0.033333 0.048611
6 0.549537 0.211806 0.037963 0.048611
6 0.474537 0.161111 0.025 0.038889
2 0.669444 0.275 0.037037 0.069444
2 0.521296 0.25625 0.014815 0.048611
2 0.516204 0.215972 0.012037 0.040278
2 0.499537 0.211111 0.012037 0.041667
2 0.476852 0.215972 0.014815 0.048611
2 0.462963 0.205556 0.009259 0.038889
2 0.334259 0.188194 0.012963 0.043056
2 0.418519 0.177778 0.012963 0.038889
2 0.437037 0.179167 0.009259 0.036111
2 0.443981 0.158333 0.006481 0.027778
2 0.447222 0.180556 0.009259 0.033333
2 0.458796 0.174306 0.010185 0.034722
2 0.321759 0.179861 0.012037 0.034722
2 0.967593 0.675 0.055556 0.166667
