2 0.829167 0.632639 0.073148 0.151389
2 0.534259 0.559722 0.055556 0.105556
2 0.366667 0.522917 0.031481 0.104167
2 0.495833 0.472917 0.039815 0.073611
2 0.121759 0.465972 0.025 0.0875
2 0.589352 0.492361 0.039815 0.079167
2 0.185185 0.538889 0.02963 0.105556
2 0.676389 0.425 0.039815 0.066667
2 0.970833 0.861111 0.04537 0.127778
2 0.248148 0.488194 0.024074 0.093056
2 0.3375 0.458333 0.025 0.094444
2 0.413426 0.367361 0.021296 0.056944
2 0.621296 0.486111 0.027778 0.080556
2 0.148148 0.5125 0.018519 0.088889
2 0.277778 0.490278 0.024074 0.083333
6 0.28287 0.445833 0.063889 0.105556
2 0.212037 0.473611 0.018519 0.083333
2 0.200463 0.506944 0.021296 0.077778
2 0.18287 0.470833 0.017593 0.077778
2 0.191667 0.447222 0.012963 0.058333
2 0.166667 0.525 0.014815 0.086111
2 0.153704 0.458333 0.012963 0.063889
2 0.208796 0.397917 0.017593 0.065278
2 0.231944 0.480556 0.013889 0.075
2 0.161574 0.404861 0.015741 0.059722
2 0.145833 0.419444 0.015741 0.061111
2 0.157407 0.345833 0.011111 0.038889
2 0.194907 0.359028 0.015741 0.048611
2 0.102315 0.401389 0.017593 0.058333
2 0.166667 0.302083 0.012963 0.040278
2 0.133333 0.302083 0.009259 0.0375
2 0.460648 0.417361 0.019444 0.056944
2 0.436111 0.422222 0.022222 0.063889
2 0.143056 0.279861 0.008333 0.031944
6 0.277315 0.298611 0.037963 0.044444
2 0.275463 0.261806 0.019444 0.040278
6 0.225926 0.270833 0.027778 0.025
6 0.202778 0.240278 0.018519 0.025
2 0.156481 0.277778 0.009259 0.033333
2 0.1625 0.248611 0.008333 0.030556
2 0.128241 0.275694 0.008333 0.026389
0 0.950463 0.484722 0.019444 0.075
0 0.515741 0.378472 0.014815 0.068056
2 0.043981 0.550694 0.036111 0.073611
