2 0.294444 0.322222 0.022222 0.088889
2 0.601389 0.331944 0.025 0.083333
2 0.182407 0.379861 0.044444 0.081944
2 0.146759 0.427778 0.065741 0.083333
2 0.637037 0.411806 0.037037 0.098611
2 0.689352 0.421528 0.037963 0.106944
2 0.963889 0.640972 0.057407 0.151389
2 0.737963 0.430556 0.033333 0.097222
2 0.815741 0.422917 0.02963 0.1125
2 0.637037 0.347222 0.024074 0.069444
2 0.796296 0.501389 0.031481 0.1
6 0.7375 0.565278 0.141667 0.166667
6 0.895833 0.834028 0.19537 0.301389
6 0.471759 0.264583 0.047222 0.070833
6 0.400463 0.258333 0.05463 0.080556
6 0.548148 0.330556 0.062963 0.086111
6 0.878704 0.33125 0.090741 0.076389
6 0.757407 0.390972 0.064815 0.106944
2 0.118981 0.407639 0.05463 0.093056
2 0.605093 0.270139 0.023148 0.059722
2 0.632407 0.278472 0.025926 0.048611
2 0.529167 0.229861 0.015741 0.051389
2 0.511111 0.231944 0.014815 0.047222
2 0.472685 0.216667 0.010185 0.033333
2 0.494444 0.215972 0.011111 0.040278
2 0.335648 0.196528 0.013889 0.043056
6 0.552315 0.211806 0.030556 0.045833
6 0.427315 0.185417 0.023148 0.0375
6 0.444444 0.160417 0.025926 0.0375
11 0.417593 0.15 0.033333 0.058333
0 0.671296 0.260417 0.012963 0.0625
