2 0.331481 0.638194 0.035185 0.140278
2 0.325926 0.826389 0.044444 0.186111
2 0.140741 0.520833 0.025926 0.1
2 0.187963 0.536111 0.025926 0.091667
2 0.250926 0.469444 0.02037 0.077778
2 0.97037 0.588889 0.044444 0.091667
2 0.175926 0.438194 0.022222 0.076389
2 0.156944 0.446528 0.021296 0.070833
2 0.413889 0.375694 0.018519 0.0625
6 0.485185 0.527778 0.087037 0.105556
10 0.821759 0.747917 0.34537 0.476389
11 0.36713 0.396528 0.073148 0.123611
4 0.633796 0.477778 0.080556 0.097222
2 0.586574 0.442361 0.043519 0.056944
2 0.655556 0.3875 0.02963 0.055556
2 0.175926 0.495139 0.018519 0.076389
2 0.214815 0.517361 0.016667 0.081944
6 0.289352 0.44375 0.065741 0.106944
6 0.256019 0.398611 0.04537 0.080556
2 0.179167 0.375694 0.012037 0.059722
6 0.199074 0.297222 0.02963 0.055556
6 0.251852 0.296528 0.02963 0.043056
2 0.166667 0.364583 0.012963 0.056944
2 0.31713 0.311111 0.010185 0.044444
2 0.131944 0.384028 0.013889 0.059722
2 0.138889 0.352778 0.011111 0.044444
2 0.161111 0.318056 0.009259 0.041667
2 0.173611 0.304167 0.010185 0.036111
2 0.147222 0.313194 0.011111 0.040278
2 0.300463 0.291667 0.008333 0.025
