2 0.562037 0.490972 0.037037 0.076389
2 0.6625 0.515972 0.041667 0.0875
2 0.389815 0.360417 0.02037 0.059722
2 0.361111 0.367361 0.018519 0.059722
2 0.146296 0.526389 0.022222 0.097222
2 0.586574 0.436111 0.037963 0.069444
2 0.299074 0.503472 0.02963 0.098611
6 0.85787 0.835417 0.239815 0.245833
6 0.184259 0.416667 0.055556 0.086111
2 0.180093 0.493056 0.015741 0.088889
2 0.196296 0.509722 0.016667 0.088889
2 0.203704 0.480556 0.014815 0.072222
2 0.223148 0.497917 0.016667 0.084722
2 0.276852 0.495139 0.02037 0.081944
2 0.251852 0.494444 0.02037 0.075
2 0.366204 0.320139 0.013889 0.043056
2 0.282407 0.314583 0.012963 0.040278
0 0.496296 0.361111 0.011111 0.055556
2 0.102315 0.504861 0.021296 0.104167
2 0.112963 0.370139 0.011111 0.054167
2 0.121759 0.328472 0.010185 0.040278
2 0.155556 0.309028 0.009259 0.0375
2 0.126852 0.291667 0.007407 0.033333
2 0.140278 0.292361 0.008333 0.034722
2 0.154167 0.478472 0.019444 0.073611
6 0.278241 0.427778 0.058333 0.080556
6 0.259259 0.395833 0.042593 0.066667
6 0.230556 0.341667 0.040741 0.047222
