0 0.543981 0.702083 0.041667 0.223611
0 0.164352 0.377778 0.021296 0.097222
2 0.844907 0.73125 0.078704 0.181944
2 0.119444 0.702083 0.046296 0.190278
2 0.244444 0.689583 0.042593 0.190278
2 0.935185 0.749306 0.081481 0.201389
2 0.200926 0.428472 0.066667 0.1125
2 0.288426 0.558333 0.039815 0.163889
2 0.396296 0.536806 0.037037 0.165278
2 0.348611 0.61875 0.047222 0.195833
2 0.75 0.570833 0.048148 0.144444
2 0.635185 0.404167 0.025926 0.094444
2 0.458796 0.390972 0.056481 0.104167
2 0.673611 0.4125 0.028704 0.1
2 0.762037 0.438889 0.040741 0.122222
2 0.703241 0.3375 0.049074 0.075
2 0.930093 0.597917 0.049074 0.140278
2 0.763889 0.342361 0.046296 0.076389
2 0.839815 0.524306 0.042593 0.134722
2 0.871759 0.625694 0.05463 0.156944
2 0.109259 0.928472 0.068519 0.126389
2 0.42037 0.365278 0.046296 0.091667
2 0.578704 0.343056 0.024074 0.069444
2 0.299074 0.320833 0.02037 0.075
6 0.576389 0.459722 0.086111 0.136111
6 0.2375 0.303472 0.060185 0.106944
6 0.523148 0.366667 0.075926 0.102778
10 0.364815 0.203472 0.053704 0.140278
2 0.628241 0.341667 0.030556 0.080556
2 0.853704 0.46875 0.031481 0.093056
2 0.968981 0.529861 0.052778 0.145833
2 0.459722 0.333333 0.028704 0.086111
2 0.331481 0.30625 0.018519 0.090278
2 0.319907 0.272917 0.015741 0.0625
2 0.294907 0.277778 0.019444 0.075
2 0.514815 0.274306 0.037037 0.068056
2 0.558796 0.295139 0.032407 0.043056
2 0.585648 0.302083 0.041667 0.070833
2 0.567593 0.249306 0.016667 0.048611
2 0.546296 0.261806 0.016667 0.048611
2 0.530556 0.247917 0.014815 0.051389
2 0.488426 0.206944 0.013889 0.047222
2 0.273148 0.222917 0.012963 0.051389
6 0.436111 0.1875 0.027778 0.05
11 0.4125 0.156944 0.034259 0.077778
