2 0.722222 0.668056 0.072222 0.191667
2 0.210648 0.407639 0.065741 0.106944
2 0.823611 0.589583 0.05463 0.159722
2 0.161111 0.565972 0.042593 0.148611
2 0.610648 0.334028 0.026852 0.095833
2 0.95787 0.732639 0.065741 0.190278
2 0.353241 0.532639 0.036111 0.151389
2 0.671759 0.372917 0.028704 0.101389
2 0.484722 0.326389 0.023148 0.086111
2 0.968056 0.347222 0.036111 0.077778
2 0.568056 0.343056 0.023148 0.088889
2 0.297685 0.293056 0.021296 0.080556
2 0.934722 0.626389 0.065741 0.169444
2 0.271759 0.517361 0.067593 0.184722
2 0.25463 0.553472 0.05 0.140278
2 0.334722 0.303472 0.021296 0.081944
2 0.524537 0.274306 0.017593 0.0625
2 0.547222 0.269444 0.018519 0.061111
2 0.506019 0.301389 0.026852 0.072222
2 0.578241 0.269444 0.017593 0.063889
11 0.390278 0.316667 0.062037 0.188889
6 0.546759 0.210417 0.032407 0.045833
6 0.444907 0.211111 0.034259 0.055556
6 0.477315 0.204167 0.028704 0.044444
2 0.513426 0.225694 0.012037 0.045833
2 0.497685 0.253472 0.015741 0.054167
2 0.480093 0.230556 0.015741 0.058333
2 0.460648 0.16875 0.010185 0.0375
2 0.385185 0.201389 0.012963 0.044444
2 0.353241 0.226389 0.013889 0.061111
2 0.321759 0.234028 0.010185 0.048611
2 0.310648 0.223611 0.012037 0.047222
2 0.297222 0.20625 0.007407 0.043056
2 0.343056 0.202778 0.012037 0.041667
2 0.330556 0.186111 0.011111 0.038889
2 0.419907 0.165278 0.010185 0.038889
