2 0.328241 0.6125 0.036111 0.127778
2 0.436574 0.840278 0.052778 0.191667
2 0.273148 0.752083 0.040741 0.148611
2 0.522685 0.652083 0.049074 0.131944
2 0.368056 0.888194 0.050926 0.1875
2 0.295833 0.544444 0.028704 0.102778
2 0.794444 0.709028 0.055556 0.140278
2 0.3 0.894444 0.046296 0.172222
2 0.61713 0.527083 0.034259 0.093056
2 0.213889 0.511111 0.025926 0.1
2 0.928704 0.733333 0.066667 0.116667
2 0.677778 0.574306 0.042593 0.081944
2 0.580093 0.558333 0.036111 0.075
2 0.510185 0.515278 0.033333 0.088889
2 0.243981 0.402083 0.021296 0.070833
2 0.465741 0.768056 0.05 0.158333
2 0.781481 0.6125 0.048148 0.094444
2 0.865278 0.552778 0.047222 0.077778
2 0.210185 0.402778 0.02037 0.075
2 0.178704 0.418056 0.022222 0.077778
2 0.406019 0.419444 0.023148 0.077778
2 0.569444 0.476389 0.02963 0.080556
2 0.275 0.472222 0.022222 0.077778
2 0.730556 0.474306 0.042593 0.081944
6 0.664815 0.698611 0.155556 0.15
6 0.643981 0.915972 0.187963 0.148611
6 0.342593 0.400694 0.057407 0.065278
6 0.920833 0.88125 0.150926 0.198611
2 0.103241 0.528472 0.021296 0.090278
2 0.166204 0.3375 0.010185 0.047222
2 0.186574 0.327778 0.012037 0.047222
2 0.202315 0.321528 0.012037 0.043056
2 0.235648 0.335417 0.013889 0.054167
4 0.136574 0.369444 0.025 0.055556
2 0.275463 0.409722 0.013889 0.058333
2 0.184722 0.265278 0.008333 0.036111
2 0.167593 0.304167 0.007407 0.030556
2 0.256019 0.305556 0.006481 0.027778
6 0.286111 0.338194 0.035185 0.051389
2 0.456944 0.436806 0.017593 0.068056
2 0.471759 0.421528 0.017593 0.068056
2 0.518981 0.480556 0.023148 0.066667
0 0.827778 0.496528 0.02037 0.076389
0 0.897222 0.520833 0.018519 0.077778
0 0.852778 0.5125 0.016667 0.058333
2 0.589815 0.436806 0.033333 0.070833
2 0.419444 0.404861 0.014815 0.059722
2 0.377315 0.381944 0.012037 0.055556
2 0.390278 0.378472 0.013889 0.051389
2 0.401389 0.361111 0.013889 0.05
2 0.310648 0.326389 0.012037 0.047222
2 0.359259 0.33125 0.011111 0.040278
2 0.330093 0.340972 0.008333 0.040278
2 0.142593 0.313194 0.009259 0.034722
2 0.146296 0.282639 0.007407 0.034722
2 0.160648 0.264583 0.008333 0.031944
