2 0.206944 0.679861 0.056481 0.226389
2 0.727778 0.459028 0.038889 0.129167
2 0.555093 0.259722 0.019444 0.061111
2 0.512963 0.242361 0.018519 0.056944
6 0.40463 0.575694 0.101852 0.218056
6 0.290741 0.203472 0.033333 0.045833
2 0.463426 0.194444 0.010185 0.036111
2 0.466667 0.166667 0.009259 0.030556
2 0.445833 0.148611 0.010185 0.025
2 0.365741 0.195139 0.011111 0.0375
2 0.324074 0.201389 0.012963 0.041667
2 0.344907 0.159722 0.010185 0.027778
2 0.124074 0.397917 0.061111 0.101389
0 0.977778 0.510417 0.035185 0.068056
0 0.083333 0.51875 0.033333 0.0875
0 0.056019 0.429167 0.026852 0.047222
6 0.370833 0.148611 0.019444 0.027778
12 0.393519 0.109722 0.018519 0.047222
