2 0.8375 0.755556 0.076852 0.219444
2 0.611574 0.518056 0.041667 0.144444
2 0.125 0.54375 0.040741 0.126389
2 0.187037 0.440972 0.02963 0.115278
2 0.146296 0.438194 0.035185 0.106944
2 0.616204 0.344444 0.026852 0.094444
2 0.269907 0.388194 0.028704 0.115278
2 0.228241 0.423611 0.030556 0.125
2 0.333796 0.393056 0.047222 0.094444
2 0.306019 0.285417 0.019444 0.070833
2 0.444444 0.411111 0.046296 0.097222
2 0.547222 0.395833 0.027778 0.108333
2 0.75 0.402778 0.035185 0.108333
2 0.836111 0.466667 0.031481 0.122222
2 0.381481 0.40625 0.057407 0.106944
2 0.972222 0.645833 0.044444 0.166667
2 0.898611 0.726389 0.058333 0.161111
2 0.947685 0.442361 0.036111 0.120833
2 0.898148 0.423611 0.035185 0.086111
2 0.456944 0.36875 0.041667 0.081944
2 0.880093 0.550694 0.05463 0.140278
6 0.796759 0.363889 0.089815 0.111111
6 0.668981 0.44375 0.091667 0.145833
6 0.370833 0.219444 0.036111 0.052778
2 0.915278 0.638889 0.060185 0.155556
2 0.901389 0.518056 0.036111 0.1
2 0.92037 0.356944 0.037037 0.088889
2 0.393519 0.378472 0.048148 0.090278
2 0.426389 0.375694 0.028704 0.079167
2 0.468981 0.215278 0.012037 0.047222
2 0.511574 0.224306 0.015741 0.045833
2 0.269907 0.235417 0.015741 0.051389
2 0.334259 0.201389 0.014815 0.05
2 0.451852 0.190278 0.011111 0.033333
2 0.463889 0.180556 0.012963 0.038889
2 0.318519 0.172222 0.007407 0.033333
0 0.429167 0.247222 0.013889 0.058333
6 0.55 0.2125 0.035185 0.052778
6 0.498611 0.1875 0.030556 0.041667
6 0.425926 0.180556 0.024074 0.036111
6 0.443981 0.163889 0.019444 0.030556
6 0.413426 0.161806 0.019444 0.031944
