2 0.818981 0.703472 0.060185 0.126389
2 0.59213 0.547917 0.036111 0.093056
2 0.74537 0.714583 0.066667 0.134722
2 0.234259 0.720833 0.035185 0.147222
2 0.676852 0.588194 0.038889 0.106944
2 0.462037 0.429167 0.02963 0.077778
2 0.378704 0.352083 0.02037 0.056944
6 0.377315 0.786806 0.14537 0.268056
2 0.280556 0.286806 0.012963 0.043056
2 0.264352 0.280556 0.013889 0.044444
2 0.314352 0.352778 0.012037 0.041667
2 0.317593 0.321528 0.011111 0.0375
2 0.341204 0.339583 0.012037 0.048611
2 0.288426 0.947917 0.049074 0.104167
2 0.306944 0.861806 0.05463 0.145833
