2 0.218981 0.507639 0.023148 0.095833
2 0.334259 0.8375 0.053704 0.186111
2 0.405093 0.913194 0.056481 0.151389
2 0.269907 0.873611 0.049074 0.211111
2 0.387963 0.550694 0.038889 0.115278
2 0.208333 0.597222 0.027778 0.119444
2 0.17037 0.527083 0.025926 0.084722
2 0.146759 0.475 0.021296 0.083333
2 0.20787 0.403472 0.019444 0.068056
2 0.166667 0.40625 0.016667 0.073611
2 0.175926 0.379861 0.012963 0.054167
2 0.17963 0.353472 0.012963 0.045833
2 0.142593 0.329861 0.014815 0.051389
2 0.169907 0.3125 0.010185 0.044444
2 0.178704 0.282639 0.011111 0.034722
2 0.412037 0.40625 0.022222 0.065278
2 0.453241 0.406944 0.025 0.075
2 0.384259 0.372222 0.018519 0.055556
2 0.347222 0.373611 0.016667 0.05
2 0.301852 0.309722 0.016667 0.041667
2 0.2875 0.282639 0.012037 0.034722
2 0.131481 0.291667 0.011111 0.036111
2 0.160185 0.279167 0.009259 0.036111
2 0.153704 0.284722 0.007407 0.030556
2 0.147222 0.289583 0.009259 0.029167
2 0.351389 0.332639 0.015741 0.040278
2 0.808333 0.63125 0.057407 0.104167
2 0.880556 0.744444 0.083333 0.147222
2 0.968519 0.763889 0.05 0.119444
2 0.324074 0.314583 0.016667 0.0375
2 0.204167 0.236806 0.008333 0.026389
2 0.21713 0.243056 0.008333 0.027778
2 0.252778 0.277778 0.009259 0.025
6 0.581019 0.575694 0.102778 0.118056
6 0.216204 0.331944 0.032407 0.052778
6 0.228704 0.274306 0.02037 0.034722
5 0.532407 0.466667 0.109259 0.102778
9 0.638889 0.720139 0.435185 0.373611
11 0.259259 0.380556 0.064815 0.147222
