2 0.944907 0.814583 0.080556 0.229167
2 0.17037 0.572222 0.044444 0.169444
2 0.084259 0.480556 0.035185 0.113889
2 0.898611 0.5875 0.052778 0.144444
2 0.560185 0.321528 0.022222 0.076389
2 0.97963 0.340278 0.025926 0.063889
2 0.218981 0.416667 0.028704 0.111111
6 0.500926 0.35 0.068519 0.094444
6 0.363889 0.2375 0.044444 0.069444
6 0.326852 0.361806 0.07037 0.145833
10 0.731944 0.454861 0.280556 0.404167
2 0.500463 0.291667 0.026852 0.044444
2 0.514815 0.273611 0.018519 0.055556
2 0.542593 0.319444 0.018519 0.088889
2 0.534722 0.234028 0.015741 0.048611
2 0.514815 0.239583 0.014815 0.040278
2 0.516667 0.209028 0.011111 0.0375
2 0.499074 0.20625 0.012963 0.043056
2 0.478704 0.205556 0.012963 0.05
2 0.437963 0.177083 0.009259 0.0375
2 0.412037 0.166667 0.011111 0.033333
2 0.450926 0.166667 0.009259 0.033333
2 0.462037 0.170833 0.009259 0.036111
2 0.556019 0.252778 0.013889 0.044444
2 0.56713 0.294444 0.015741 0.061111
6 0.451389 0.230556 0.036111 0.055556
6 0.548611 0.211806 0.032407 0.045833
