2 0.404167 0.879167 0.058333 0.197222
2 0.321759 0.627778 0.036111 0.141667
2 0.198611 0.630556 0.030556 0.119444
2 0.268981 0.668056 0.037963 0.138889
2 0.481944 0.411806 0.026852 0.070833
2 0.16713 0.524306 0.025 0.093056
2 0.169907 0.444444 0.021296 0.080556
2 0.216204 0.386806 0.021296 0.070833
2 0.449537 0.413889 0.030556 0.063889
2 0.253241 0.508333 0.026852 0.086111
2 0.41713 0.380556 0.021296 0.058333
6 0.476389 0.705556 0.156481 0.238889
6 0.268981 0.424306 0.05463 0.081944
6 0.377315 0.416667 0.071296 0.080556
2 0.5875 0.443056 0.039815 0.052778
2 0.128241 0.375694 0.015741 0.056944
2 0.131019 0.344444 0.015741 0.038889
2 0.131019 0.315278 0.015741 0.027778
2 0.160648 0.309722 0.013889 0.036111
2 0.305556 0.311806 0.016667 0.040278
2 0.327778 0.356944 0.012963 0.038889
2 0.341204 0.347917 0.017593 0.043056
2 0.357407 0.343056 0.018519 0.041667
2 0.605556 0.419444 0.025926 0.030556
2 0.481481 0.308333 0.02037 0.047222
2 0.281944 0.270833 0.013889 0.030556
2 0.140278 0.264583 0.013889 0.034722
6 0.210648 0.316667 0.030556 0.044444
6 0.190278 0.281944 0.028704 0.044444
6 0.173148 0.359028 0.044444 0.059722
6 0.169907 0.254167 0.026852 0.036111
2 0.248611 0.290278 0.012037 0.033333
2 0.256019 0.279167 0.010185 0.030556
2 0.26713 0.276389 0.010185 0.036111
2 0.24213 0.261806 0.008333 0.026389
2 0.200926 0.239583 0.007407 0.023611
