2 0.783796 0.660417 0.050926 0.104167
2 0.232407 0.748611 0.037037 0.133333
2 0.5875 0.530556 0.037963 0.083333
2 0.853241 0.659722 0.060185 0.119444
2 0.669444 0.595139 0.044444 0.090278
2 0.535185 0.531944 0.037037 0.102778
2 0.2625 0.881944 0.050926 0.175
2 0.223611 0.621528 0.030556 0.109722
2 0.178241 0.6875 0.039815 0.15
2 0.405556 0.875 0.062963 0.183333
2 0.332407 0.743056 0.044444 0.136111
2 0.315278 0.849306 0.050926 0.176389
2 0.188426 0.569444 0.026852 0.097222
2 0.394907 0.768056 0.039815 0.102778
2 0.259722 0.644444 0.030556 0.108333
2 0.140278 0.588889 0.028704 0.1
2 0.282407 0.734722 0.038889 0.127778
2 0.319444 0.642361 0.037037 0.1125
2 0.172685 0.51875 0.023148 0.090278
2 0.506944 0.454861 0.030556 0.076389
6 0.554167 0.8625 0.186111 0.244444
6 0.675926 0.722222 0.168519 0.180556
6 0.406481 0.654861 0.114815 0.156944
11 0.312037 0.440972 0.118519 0.223611
2 0.560185 0.494444 0.025926 0.086111
2 0.583796 0.479167 0.019444 0.055556
2 0.462037 0.400694 0.033333 0.0625
2 0.45463 0.463194 0.027778 0.073611
2 0.277315 0.601389 0.032407 0.116667
2 0.235185 0.560417 0.025926 0.073611
2 0.207407 0.528472 0.02037 0.081944
2 0.200926 0.475 0.022222 0.075
2 0.225463 0.486806 0.026852 0.079167
2 0.123148 0.291667 0.014815 0.041667
2 0.125463 0.344444 0.013889 0.044444
2 0.129167 0.419444 0.017593 0.066667
2 0.118981 0.440278 0.019444 0.075
2 0.22963 0.3875 0.018519 0.058333
2 0.198611 0.420139 0.015741 0.054167
2 0.21713 0.434722 0.015741 0.05
2 0.191204 0.358333 0.013889 0.052778
2 0.14213 0.295139 0.012037 0.040278
2 0.256944 0.261111 0.015741 0.041667
2 0.205556 0.394444 0.016667 0.047222
2 0.936574 0.861806 0.093519 0.170833
2 0.921759 0.755556 0.063889 0.102778
4 0.159259 0.439583 0.042593 0.109722
2 0.157407 0.321528 0.014815 0.040278
2 0.172685 0.368056 0.015741 0.036111
9 0.230556 0.340278 0.046296 0.088889
6 0.196296 0.3 0.033333 0.052778
