2 0.537037 0.298611 0.042593 0.075
2 0.818519 0.798611 0.081481 0.208333
2 0.167593 0.459722 0.035185 0.133333
2 0.658796 0.493056 0.047222 0.130556
2 0.631944 0.376389 0.028704 0.094444
2 0.287963 0.296528 0.02037 0.079167
2 0.265278 0.4 0.043519 0.097222
2 0.280093 0.534028 0.036111 0.131944
2 0.30787 0.458333 0.026852 0.113889
2 0.489352 0.270833 0.039815 0.069444
2 0.839352 0.433333 0.028704 0.105556
2 0.630093 0.327083 0.043519 0.068056
2 0.674074 0.276389 0.035185 0.066667
2 0.232407 0.367361 0.027778 0.095833
2 0.886574 0.385417 0.025 0.084722
2 0.861574 0.405556 0.025 0.097222
2 0.924537 0.377778 0.032407 0.086111
6 0.85463 0.611806 0.198148 0.231944
6 0.390278 0.445139 0.09537 0.184722
5 0.797685 0.386806 0.073148 0.106944
6 0.451852 0.223611 0.038889 0.052778
6 0.43287 0.195833 0.034259 0.041667
6 0.472685 0.15625 0.025 0.034722
6 0.549537 0.211111 0.037963 0.047222
6 0.413889 0.154167 0.022222 0.036111
6 0.37037 0.125 0.02037 0.033333
2 0.879167 0.476389 0.034259 0.077778
2 0.614815 0.284028 0.024074 0.065278
2 0.504167 0.197222 0.017593 0.05
2 0.486111 0.2 0.014815 0.047222
2 0.423148 0.252083 0.035185 0.073611
2 0.366667 0.20625 0.016667 0.054167
2 0.459722 0.181944 0.012037 0.038889
2 0.436111 0.144444 0.009259 0.030556
2 0.318056 0.204167 0.012037 0.044444
2 0.327778 0.188889 0.012963 0.036111
2 0.354167 0.170833 0.010185 0.036111
2 0.335185 0.166667 0.011111 0.036111
0 0.305556 0.234722 0.012963 0.061111
