0 0.666667 0.452083 0.02037 0.079167
2 0.622685 0.738194 0.043519 0.151389
2 0.814352 0.54375 0.05463 0.0875
2 0.913426 0.520833 0.047222 0.080556
1 0.268519 0.641667 0.066667 0.116667
2 0.210648 0.555556 0.028704 0.105556
2 0.177315 0.5125 0.021296 0.088889
6 0.2875 0.467361 0.071296 0.115278
6 0.198611 0.416667 0.04537 0.069444
2 0.115741 0.453472 0.012963 0.073611
2 0.15 0.522917 0.022222 0.090278
2 0.136111 0.498611 0.014815 0.066667
2 0.135185 0.45 0.016667 0.055556
2 0.159722 0.475 0.017593 0.086111
2 0.162963 0.421528 0.014815 0.0625
2 0.156944 0.386111 0.015741 0.05
2 0.169907 0.356944 0.012037 0.058333
2 0.209259 0.495833 0.014815 0.058333
6 0.268056 0.409028 0.058333 0.104167
6 0.235648 0.388194 0.028704 0.065278
2 0.136574 0.395139 0.012037 0.045833
2 0.131481 0.359028 0.009259 0.043056
2 0.184259 0.46875 0.014815 0.065278
2 0.196759 0.464583 0.015741 0.073611
2 0.293519 0.276389 0.011111 0.038889
2 0.305093 0.304167 0.012037 0.038889
2 0.365741 0.31875 0.014815 0.045833
6 0.22963 0.330556 0.046296 0.097222
9 0.2375 0.261806 0.047222 0.076389
9 0.205093 0.230556 0.036111 0.055556
2 0.142593 0.348611 0.009259 0.041667
2 0.131019 0.315972 0.010185 0.0375
2 0.140278 0.313889 0.008333 0.030556
2 0.149074 0.289583 0.009259 0.040278
2 0.158333 0.278472 0.007407 0.031944
2 0.124537 0.403472 0.012037 0.048611
2 0.119444 0.2625 0.007407 0.030556
6 0.181481 0.269444 0.022222 0.038889
6 0.188426 0.297917 0.028704 0.045833
2 0.953241 0.496528 0.039815 0.0875
0 0.530556 0.351389 0.009259 0.044444
