2 0.747685 0.634722 0.065741 0.194444
2 0.886574 0.781944 0.093519 0.208333
2 0.22963 0.675694 0.064815 0.229167
2 0.649537 0.518056 0.041667 0.15
2 0.247222 0.408333 0.061111 0.105556
2 0.381481 0.610417 0.048148 0.176389
2 0.347222 0.414583 0.02963 0.115278
2 0.587963 0.477083 0.035185 0.134722
2 0.321759 0.507639 0.039815 0.151389
2 0.964352 0.759722 0.058333 0.2
2 0.455093 0.311111 0.023148 0.075
2 0.148148 0.689583 0.042593 0.159722
2 0.317593 0.369444 0.024074 0.091667
2 0.488889 0.309722 0.02037 0.075
2 0.631944 0.34375 0.028704 0.0875
2 0.296296 0.4375 0.024074 0.108333
2 0.901389 0.626389 0.069444 0.166667
2 0.856019 0.393056 0.034259 0.105556
2 0.576389 0.388889 0.026852 0.083333
2 0.525 0.3 0.022222 0.069444
2 0.253704 0.326389 0.027778 0.072222
7 0.588889 0.280556 0.131481 0.086111
6 0.831019 0.336806 0.087963 0.076389
11 0.769907 0.455556 0.14537 0.244444
6 0.548611 0.214583 0.036111 0.048611
6 0.423148 0.171528 0.022222 0.034722
2 0.925463 0.371528 0.028704 0.095833
2 0.947685 0.588194 0.063889 0.106944
2 0.966204 0.63125 0.058333 0.120833
2 0.072685 0.408333 0.062037 0.083333
2 0.782407 0.295139 0.051852 0.068056
2 0.3875 0.227083 0.012037 0.051389
2 0.468056 0.177778 0.010185 0.036111
2 0.452778 0.173611 0.011111 0.036111
11 0.326852 0.152778 0.027778 0.066667
