2 0.625463 0.795139 0.069444 0.151389
2 0.84213 0.555556 0.030556 0.102778
2 0.250926 0.514583 0.025926 0.104167
2 0.584259 0.438194 0.042593 0.068056
2 0.151852 0.521528 0.024074 0.090278
2 0.730556 0.470833 0.042593 0.088889
2 0.156481 0.683333 0.055556 0.125
2 0.381944 0.359722 0.021296 0.058333
6 0.53287 0.525 0.09537 0.102778
6 0.27963 0.444444 0.057407 0.1
6 0.257407 0.398611 0.042593 0.072222
6 0.204167 0.436806 0.043519 0.079167
2 0.213889 0.50625 0.024074 0.0875
2 0.191204 0.511806 0.025 0.093056
2 0.166204 0.504167 0.019444 0.086111
2 0.130556 0.509028 0.022222 0.084722
2 0.12037 0.447222 0.016667 0.052778
2 0.095833 0.446528 0.015741 0.070833
2 0.118056 0.401389 0.013889 0.05
6 0.234722 0.377083 0.034259 0.065278
6 0.190741 0.397222 0.037037 0.055556
2 0.144907 0.425694 0.015741 0.045833
2 0.131481 0.316667 0.011111 0.041667
2 0.121759 0.334722 0.013889 0.044444
11 0.162037 0.336806 0.048148 0.118056
2 0.283333 0.296528 0.009259 0.040278
6 0.226852 0.336806 0.040741 0.051389
2 0.125463 0.279861 0.006481 0.026389
2 0.133333 0.279861 0.007407 0.029167
6 0.200926 0.297917 0.024074 0.045833
2 0.272222 0.270833 0.007407 0.027778
2 0.321759 0.317361 0.012037 0.040278
2 0.158796 0.445833 0.013889 0.047222
