2 0.439815 0.675694 0.053704 0.151389
2 0.8875 0.768056 0.056481 0.147222
2 0.630093 0.528472 0.037963 0.084722
2 0.960185 0.794444 0.064815 0.163889
2 0.305093 0.794444 0.039815 0.155556
2 0.178241 0.586806 0.034259 0.123611
2 0.253704 0.890972 0.048148 0.170833
2 0.556019 0.469444 0.034259 0.077778
2 0.205556 0.783333 0.033333 0.116667
2 0.478241 0.460417 0.023148 0.076389
2 0.257407 0.770833 0.037037 0.125
2 0.294907 0.686111 0.034259 0.111111
2 0.220833 0.705556 0.036111 0.127778
2 0.143056 0.440972 0.019444 0.076389
2 0.284722 0.595139 0.034259 0.1125
2 0.402778 0.369444 0.022222 0.066667
2 0.440278 0.428472 0.019444 0.056944
2 0.255556 0.671528 0.031481 0.109722
2 0.226852 0.607639 0.031481 0.098611
2 0.171759 0.502083 0.019444 0.070833
5 0.768981 0.770833 0.212037 0.211111
5 0.418519 0.877083 0.172222 0.218056
5 0.376852 0.421528 0.061111 0.076389
10 0.285648 0.301389 0.073148 0.108333
11 0.294907 0.415278 0.076852 0.169444
2 0.3375 0.720833 0.028704 0.122222
2 0.353704 0.682639 0.038889 0.140278
2 0.227315 0.520833 0.023148 0.097222
2 0.253704 0.494444 0.02963 0.091667
2 0.772222 0.646528 0.051852 0.084722
2 0.802778 0.633333 0.02963 0.105556
2 0.590741 0.440278 0.040741 0.066667
2 0.471759 0.410417 0.026852 0.056944
2 0.442593 0.381944 0.02037 0.055556
2 0.184259 0.486111 0.02037 0.080556
2 0.196759 0.452083 0.017593 0.073611
2 0.163889 0.402083 0.014815 0.065278
2 0.143519 0.384028 0.016667 0.054167
2 0.21713 0.420139 0.013889 0.065278
2 0.209722 0.490972 0.015741 0.076389
2 0.221759 0.45625 0.015741 0.051389
6 0.243519 0.401389 0.040741 0.083333
2 0.205556 0.422222 0.012963 0.05
6 0.225463 0.367361 0.037963 0.056944
6 0.225463 0.331944 0.043519 0.044444
2 0.35 0.329167 0.014815 0.044444
6 0.199074 0.304167 0.033333 0.055556
2 0.153704 0.336806 0.011111 0.045833
2 0.371296 0.372222 0.02037 0.044444
