2 0.763889 0.659028 0.048148 0.120833
2 0.842593 0.695139 0.040741 0.1375
2 0.693981 0.640278 0.043519 0.127778
2 0.475463 0.496528 0.026852 0.0875
2 0.521759 0.914583 0.073148 0.145833
2 0.941204 0.913194 0.089815 0.140278
2 0.412963 0.482639 0.025926 0.084722
2 0.130093 0.604861 0.032407 0.120833
2 0.630556 0.53125 0.02963 0.093056
2 0.600926 0.552083 0.031481 0.084722
2 0.473611 0.419444 0.025 0.072222
2 0.534722 0.485417 0.026852 0.084722
2 0.425926 0.380556 0.022222 0.072222
2 0.5875 0.433333 0.037963 0.063889
6 0.22037 0.472222 0.055556 0.094444
6 0.393056 0.43125 0.067593 0.076389
6 0.2 0.40625 0.05 0.081944
6 0.240278 0.378472 0.047222 0.068056
2 0.157407 0.435417 0.014815 0.079167
2 0.133796 0.384722 0.015741 0.055556
2 0.159259 0.35 0.012963 0.05
2 0.165741 0.320139 0.011111 0.043056
2 0.144444 0.336111 0.009259 0.041667
2 0.126389 0.303472 0.010185 0.0375
2 0.152315 0.308333 0.008333 0.033333
2 0.153704 0.2875 0.007407 0.025
6 0.168056 0.259028 0.025 0.029167
6 0.222685 0.355556 0.030556 0.044444
6 0.262963 0.423611 0.040741 0.069444
6 0.206019 0.329167 0.037963 0.061111
5 0.288426 0.463194 0.067593 0.115278
2 0.388889 0.375 0.02037 0.055556
2 0.344444 0.336111 0.014815 0.055556
2 0.310185 0.296528 0.012963 0.0375
6 0.226389 0.265278 0.026852 0.030556
6 0.201852 0.238889 0.02037 0.027778
10 0.276852 0.271528 0.053704 0.079167
2 0.12963 0.274306 0.011111 0.034722
2 0.515278 0.459028 0.026852 0.073611
2 0.555556 0.461806 0.024074 0.070833
