2 0.20787 0.853472 0.069444 0.265278
2 0.847685 0.597222 0.060185 0.163889
2 0.535648 0.329167 0.023148 0.083333
2 0.700926 0.464583 0.038889 0.126389
2 0.335648 0.340278 0.025 0.097222
2 0.297685 0.34375 0.025 0.098611
2 0.263889 0.495139 0.031481 0.143056
2 0.944907 0.845833 0.09537 0.247222
2 0.641667 0.368056 0.025926 0.091667
2 0.543981 0.270833 0.019444 0.061111
2 0.413426 0.248611 0.023148 0.055556
6 0.35787 0.265278 0.043519 0.069444
6 0.234259 0.328472 0.059259 0.093056
2 0.450926 0.193056 0.011111 0.05
2 0.468519 0.198611 0.012963 0.038889
2 0.502778 0.191667 0.011111 0.036111
2 0.468981 0.163889 0.012037 0.033333
2 0.4375 0.180556 0.010185 0.036111
2 0.310648 0.243056 0.015741 0.038889
2 0.301389 0.222917 0.012037 0.040278
6 0.364815 0.204861 0.031481 0.051389
12 0.37037 0.140278 0.033333 0.086111
