2 0.932407 0.626389 0.062963 0.175
2 0.293519 0.309722 0.024074 0.086111
2 0.188426 0.429167 0.032407 0.133333
2 0.783333 0.604167 0.064815 0.172222
2 0.634722 0.480556 0.036111 0.136111
2 0.618519 0.350694 0.024074 0.084722
2 0.846759 0.443056 0.043519 0.166667
2 0.5625 0.360417 0.025 0.093056
2 0.587963 0.355556 0.02037 0.091667
2 0.631481 0.306944 0.022222 0.080556
2 0.530556 0.249306 0.018519 0.065278
2 0.662963 0.294444 0.031481 0.061111
2 0.567593 0.299306 0.024074 0.065278
2 0.939352 0.344444 0.030556 0.063889
5 0.843981 0.890278 0.280556 0.2
6 0.368519 0.281944 0.051852 0.094444
2 0.052778 0.431944 0.046296 0.116667
2 0.495833 0.235417 0.013889 0.056944
2 0.506019 0.224306 0.013889 0.048611
2 0.480556 0.221528 0.011111 0.043056
2 0.466667 0.214583 0.012963 0.051389
2 0.498148 0.193056 0.011111 0.033333
2 0.450463 0.177778 0.012037 0.041667
2 0.430556 0.163194 0.007407 0.031944
2 0.318981 0.161806 0.013889 0.045833
6 0.547222 0.210417 0.035185 0.045833
6 0.410648 0.159028 0.021296 0.034722
6 0.39537 0.125694 0.018519 0.029167
