2 0.27963 0.351389 0.024074 0.091667
2 0.19537 0.497917 0.037037 0.148611
2 0.644444 0.319444 0.025926 0.077778
2 0.293981 0.472917 0.034259 0.1375
2 0.246759 0.313194 0.021296 0.081944
2 0.071759 0.838194 0.071296 0.234722
2 0.728241 0.364583 0.034259 0.079167
2 0.593981 0.260417 0.019444 0.068056
6 0.489815 0.284722 0.053704 0.077778
6 0.763426 0.435417 0.087963 0.1375
6 0.396296 0.260417 0.051852 0.076389
6 0.325926 0.263889 0.044444 0.072222
2 0.735648 0.278472 0.041667 0.065278
2 0.299074 0.230556 0.014815 0.047222
2 0.314815 0.202083 0.012963 0.043056
2 0.510185 0.198611 0.018519 0.044444
6 0.365278 0.186806 0.032407 0.0375
6 0.37037 0.160417 0.022222 0.040278
0 0.977315 0.496528 0.021296 0.090278
