0 0.955556 0.559722 0.024074 0.088889
0 0.902315 0.51875 0.019444 0.0875
0 0.307407 0.585417 0.033333 0.106944
2 0.228241 0.770139 0.037963 0.151389
2 0.747222 0.593056 0.05 0.102778
2 0.72963 0.474306 0.042593 0.081944
2 0.863426 0.555556 0.04537 0.069444
2 0.363889 0.493056 0.027778 0.097222
2 0.425463 0.402778 0.025 0.072222
2 0.330093 0.505556 0.025 0.094444
2 0.584259 0.435417 0.040741 0.070833
2 0.279167 0.477778 0.025 0.088889
2 0.306944 0.484028 0.021296 0.076389
2 0.517593 0.440278 0.02963 0.069444
2 0.150463 0.511806 0.025 0.098611
2 0.313426 0.343056 0.019444 0.058333
2 0.764815 0.440278 0.033333 0.075
2 0.175926 0.545139 0.024074 0.090278
2 0.182407 0.500694 0.016667 0.076389
2 0.165741 0.477778 0.012963 0.058333
2 0.19537 0.486806 0.014815 0.076389
2 0.206019 0.469444 0.015741 0.083333
2 0.224537 0.465972 0.015741 0.076389
2 0.358796 0.339583 0.017593 0.048611
2 0.241667 0.49375 0.016667 0.0875
2 0.251389 0.474306 0.013889 0.065278
2 0.267593 0.405556 0.018519 0.072222
2 0.258796 0.438889 0.015741 0.072222
2 0.162963 0.419444 0.016667 0.063889
2 0.183333 0.411806 0.014815 0.068056
2 0.237037 0.422917 0.014815 0.054167
2 0.231019 0.385417 0.013889 0.045833
2 0.193519 0.336806 0.012963 0.051389
2 0.181944 0.340278 0.010185 0.05
2 0.169444 0.338889 0.009259 0.05
2 0.142593 0.338889 0.009259 0.047222
2 0.160648 0.324306 0.006481 0.043056
2 0.128241 0.324306 0.010185 0.043056
6 0.186111 0.288889 0.02963 0.038889
6 0.221296 0.343056 0.037037 0.05
2 0.254167 0.264583 0.008333 0.034722
2 0.268519 0.269444 0.009259 0.030556
2 0.158796 0.280556 0.010185 0.030556
2 0.291204 0.313194 0.008333 0.031944
