2 0.404167 0.879167 0.058333 0.197222
2 0.322685 0.627778 0.036111 0.141667
2 0.199074 0.63125 0.031481 0.120833
2 0.269907 0.668056 0.037963 0.138889
2 0.48287 0.411806 0.026852 0.070833
2 0.16713 0.525 0.025 0.094444
2 0.170833 0.445139 0.021296 0.079167
2 0.216204 0.388194 0.021296 0.070833
2 0.45 0.413889 0.02963 0.063889
2 0.253241 0.509722 0.026852 0.086111
2 0.41713 0.38125 0.021296 0.059722
6 0.475 0.7125 0.155556 0.238889
6 0.269907 0.425 0.05463 0.080556
6 0.377315 0.416667 0.071296 0.080556
2 0.584722 0.445833 0.034259 0.041667
2 0.636111 0.413889 0.02963 0.038889
2 0.48287 0.31875 0.015741 0.031944
2 0.306481 0.311806 0.016667 0.045833
2 0.327778 0.357639 0.014815 0.040278
2 0.343056 0.347222 0.019444 0.038889
2 0.35787 0.340972 0.017593 0.045833
2 0.283333 0.272222 0.012963 0.030556
2 0.250463 0.29375 0.010185 0.029167
2 0.241667 0.263889 0.009259 0.027778
2 0.25787 0.280556 0.010185 0.033333
2 0.26713 0.276389 0.012037 0.030556
2 0.129167 0.379167 0.017593 0.055556
2 0.132407 0.327778 0.016667 0.052778
2 0.160185 0.313194 0.016667 0.0375
2 0.141667 0.266667 0.011111 0.033333
2 0.201389 0.24375 0.010185 0.026389
6 0.174537 0.358333 0.047222 0.061111
6 0.212963 0.316667 0.035185 0.044444
6 0.191204 0.284722 0.030556 0.047222
6 0.169907 0.25 0.030556 0.038889
