2 0.540278 0.309722 0.021296 0.080556
2 0.700926 0.470833 0.037037 0.133333
2 0.617593 0.441667 0.033333 0.102778
2 0.818056 0.585417 0.058333 0.170833
2 0.568056 0.288889 0.021296 0.066667
2 0.607407 0.350694 0.025926 0.081944
2 0.739815 0.429861 0.035185 0.106944
2 0.503704 0.242361 0.02037 0.051389
2 0.630556 0.397222 0.024074 0.094444
2 0.603241 0.286806 0.021296 0.0625
2 0.486111 0.216667 0.014815 0.038889
2 0.435648 0.179861 0.010185 0.034722
2 0.348148 0.174306 0.009259 0.034722
2 0.5375 0.255556 0.015741 0.044444
0 0.30787 0.192361 0.012037 0.040278
6 0.496759 0.188194 0.036111 0.034722
