2 0.715741 0.605556 0.061111 0.125
2 0.493056 0.501389 0.026852 0.094444
2 0.365741 0.511111 0.027778 0.105556
2 0.451389 0.416667 0.028704 0.086111
2 0.329167 0.502778 0.025 0.097222
2 0.302315 0.464583 0.023148 0.079167
2 0.231481 0.508333 0.022222 0.091667
2 0.278241 0.483333 0.023148 0.086111
2 0.14213 0.513889 0.021296 0.088889
2 0.980556 0.690972 0.025926 0.118056
2 0.168056 0.538889 0.026852 0.102778
2 0.188426 0.520139 0.025 0.093056
2 0.2125 0.498611 0.019444 0.086111
2 0.250463 0.473611 0.023148 0.080556
2 0.234259 0.439583 0.016667 0.059722
2 0.222222 0.449306 0.014815 0.056944
2 0.194444 0.466667 0.016667 0.063889
2 0.200463 0.442361 0.015741 0.054167
2 0.179167 0.449306 0.015741 0.056944
2 0.165741 0.436806 0.016667 0.0625
2 0.169444 0.483333 0.018519 0.055556
2 0.163426 0.360417 0.013889 0.054167
2 0.175 0.352083 0.012963 0.056944
2 0.147685 0.354167 0.012037 0.05
2 0.149537 0.406944 0.012037 0.05
2 0.353241 0.329861 0.008333 0.031944
6 0.184722 0.306944 0.030556 0.047222
6 0.257407 0.403472 0.051852 0.073611
6 0.237963 0.358333 0.042593 0.072222
6 0.17963 0.271528 0.02963 0.043056
2 0.255093 0.272222 0.010185 0.030556
6 0.207407 0.242361 0.018519 0.023611
2 0.150926 0.314583 0.007407 0.029167
2 0.150926 0.277778 0.007407 0.025
2 0.134722 0.320139 0.008333 0.0375
5 0.335648 0.349306 0.04537 0.056944
0 0.72963 0.439583 0.016667 0.081944
0 0.921296 0.436806 0.012963 0.065278
0 0.909259 0.442361 0.011111 0.059722
0 0.903704 0.41875 0.011111 0.068056
