2 0.750926 0.634028 0.051852 0.109722
2 0.2875 0.635417 0.034259 0.134722
2 0.380556 0.897917 0.059259 0.168056
2 0.233333 0.5625 0.02963 0.111111
2 0.428704 0.740972 0.061111 0.1625
2 0.494907 0.9 0.073148 0.161111
2 0.168519 0.455556 0.022222 0.086111
2 0.62963 0.503472 0.040741 0.084722
2 0.785648 0.596528 0.037963 0.106944
2 0.719907 0.566667 0.041667 0.091667
2 0.403241 0.373611 0.019444 0.058333
2 0.147685 0.413889 0.021296 0.072222
2 0.617593 0.429167 0.025926 0.069444
2 0.303704 0.943056 0.053704 0.088889
2 0.266667 0.397917 0.02037 0.0625
6 0.391204 0.571528 0.099074 0.131944
6 0.303241 0.460417 0.073148 0.106944
6 0.375 0.4125 0.062963 0.069444
6 0.226852 0.433333 0.057407 0.116667
9 0.572685 0.735417 0.252778 0.384722
5 0.578241 0.504861 0.063889 0.095833
11 0.493056 0.481944 0.113889 0.152778
2 0.590278 0.439583 0.037963 0.059722
2 0.153704 0.369444 0.012963 0.05
2 0.173611 0.361806 0.012037 0.045833
6 0.214815 0.340972 0.035185 0.056944
6 0.194444 0.310417 0.02963 0.043056
6 0.240741 0.28125 0.02963 0.048611
2 0.386574 0.347222 0.017593 0.05
2 0.14213 0.321528 0.013889 0.048611
2 0.155556 0.278472 0.009259 0.034722
6 0.184722 0.274306 0.026852 0.045833
6 0.215741 0.259722 0.022222 0.033333
11 0.197222 0.229861 0.025926 0.043056
2 0.266667 0.299306 0.011111 0.040278
2 0.273611 0.276389 0.008333 0.030556
10 0.156944 0.215972 0.021296 0.034722
2 0.106019 0.379167 0.015741 0.058333
2 0.072222 0.372917 0.012963 0.051389
