2 0.840278 0.731944 0.052778 0.141667
2 0.939352 0.697917 0.063889 0.118056
2 0.219907 0.684028 0.034259 0.131944
2 0.589352 0.636806 0.065741 0.109722
2 0.27037 0.640278 0.037037 0.138889
2 0.731019 0.905556 0.080556 0.15
2 0.653241 0.58125 0.041667 0.0875
2 0.456944 0.547917 0.047222 0.101389
2 0.518056 0.570833 0.050926 0.1
2 0.761574 0.586806 0.04537 0.104167
2 0.174537 0.610417 0.030556 0.118056
2 0.67963 0.665278 0.042593 0.119444
2 0.54537 0.511806 0.02963 0.090278
2 0.421296 0.455556 0.027778 0.075
2 0.646296 0.718056 0.061111 0.138889
2 0.246296 0.505556 0.027778 0.091667
2 0.868519 0.469444 0.040741 0.080556
2 0.29213 0.518056 0.026852 0.097222
2 0.218056 0.499306 0.023148 0.090278
2 0.971296 0.868056 0.040741 0.119444
2 0.31713 0.434028 0.021296 0.065278
6 0.35463 0.805556 0.138889 0.227778
6 0.355556 0.597917 0.098148 0.143056
6 0.35787 0.407639 0.05463 0.073611
6 0.182407 0.411806 0.044444 0.068056
6 0.268519 0.416667 0.055556 0.080556
2 0.193056 0.511806 0.019444 0.0875
2 0.126389 0.504167 0.017593 0.083333
2 0.154167 0.505556 0.015741 0.080556
2 0.169907 0.504167 0.019444 0.080556
2 0.221296 0.420833 0.016667 0.077778
2 0.206019 0.449306 0.013889 0.068056
2 0.178704 0.452778 0.016667 0.066667
2 0.144444 0.430556 0.018519 0.058333
2 0.121759 0.420833 0.015741 0.063889
2 0.133333 0.389583 0.012963 0.051389
2 0.323148 0.502083 0.025926 0.076389
2 0.623611 0.520833 0.041667 0.083333
2 0.6 0.490278 0.022222 0.072222
2 0.568056 0.504167 0.023148 0.080556
2 0.468056 0.444444 0.025 0.088889
2 0.488426 0.426389 0.023148 0.072222
2 0.488889 0.499306 0.031481 0.079167
2 0.437037 0.422222 0.018519 0.061111
2 0.38287 0.365278 0.015741 0.058333
2 0.323611 0.356944 0.017593 0.055556
2 0.206019 0.369444 0.013889 0.05
2 0.129167 0.336806 0.013889 0.045833
2 0.163426 0.361806 0.013889 0.040278
6 0.209259 0.332639 0.033333 0.048611
6 0.246296 0.374306 0.040741 0.076389
2 0.303241 0.309722 0.010185 0.038889
2 0.326389 0.314583 0.010185 0.0375
2 0.122222 0.282639 0.009259 0.0375
11 0.156019 0.29375 0.036111 0.0875
6 0.195833 0.302778 0.026852 0.041667
6 0.188889 0.283333 0.022222 0.036111
2 0.644444 0.824306 0.077778 0.173611
2 0.602778 0.760417 0.057407 0.1375
