2 0.137037 0.575 0.044444 0.158333
2 0.888889 0.763194 0.077778 0.1875
2 0.783333 0.831944 0.081481 0.202778
2 0.330556 0.370833 0.048148 0.105556
2 0.414352 0.297917 0.037963 0.073611
2 0.43287 0.465278 0.037963 0.122222
2 0.660648 0.464583 0.036111 0.126389
2 0.944444 0.724306 0.074074 0.195833
2 0.296759 0.289583 0.019444 0.076389
2 0.841667 0.65625 0.059259 0.156944
2 0.323611 0.259028 0.017593 0.065278
2 0.921759 0.5125 0.037963 0.133333
2 0.606944 0.488889 0.041667 0.116667
2 0.768519 0.488889 0.037037 0.119444
2 0.278704 0.28125 0.016667 0.068056
2 0.361574 0.259722 0.019444 0.066667
2 0.568056 0.410417 0.025 0.104167
2 0.963426 0.625694 0.05463 0.151389
2 0.706481 0.646528 0.048148 0.129167
2 0.560648 0.343056 0.021296 0.077778
2 0.818981 0.552778 0.067593 0.130556
2 0.7375 0.586111 0.037963 0.130556
5 0.616667 0.659722 0.159259 0.225
6 0.371759 0.592361 0.113889 0.229167
6 0.927778 0.315278 0.096296 0.069444
6 0.504167 0.347222 0.078704 0.113889
6 0.705093 0.342361 0.121296 0.0875
2 0.595833 0.360417 0.025 0.073611
2 0.621759 0.356944 0.021296 0.075
2 0.628241 0.334028 0.025 0.073611
2 0.598611 0.297917 0.032407 0.059722
2 0.548148 0.308333 0.024074 0.083333
2 0.590741 0.429861 0.025926 0.095833
2 0.712963 0.495139 0.055556 0.1125
2 0.856481 0.554167 0.042593 0.136111
2 0.787037 0.711806 0.057407 0.090278
2 0.94537 0.938889 0.098148 0.097222
2 0.37037 0.201389 0.014815 0.041667
2 0.351389 0.192361 0.012037 0.048611
2 0.323148 0.206944 0.012963 0.047222
2 0.3 0.235417 0.014815 0.051389
2 0.4875 0.220833 0.017593 0.05
6 0.71713 0.438194 0.073148 0.1375
2 0.834259 0.485417 0.037037 0.070833
