2 0.601852 0.55 0.033333 0.108333
2 0.260185 0.53125 0.025926 0.093056
2 0.509722 0.425694 0.032407 0.070833
2 0.168519 0.508333 0.024074 0.088889
2 0.23287 0.508333 0.025 0.088889
2 0.198611 0.504167 0.025 0.083333
2 0.129167 0.444444 0.021296 0.077778
6 0.285648 0.45 0.056481 0.086111
9 0.24537 0.338194 0.083333 0.151389
11 0.859259 0.86875 0.201852 0.240278
2 0.15463 0.480556 0.018519 0.077778
2 0.157407 0.422917 0.016667 0.056944
2 0.177315 0.413889 0.017593 0.066667
2 0.199537 0.456944 0.023148 0.069444
2 0.23287 0.454861 0.021296 0.0625
2 0.251852 0.479167 0.018519 0.063889
2 0.153704 0.322222 0.014815 0.055556
2 0.137963 0.290972 0.016667 0.031944
2 0.137037 0.264583 0.011111 0.026389
6 0.171759 0.247917 0.025 0.034722
