2 0.273148 0.615972 0.038889 0.201389
2 0.190278 0.564583 0.041667 0.156944
2 0.575463 0.354167 0.025 0.083333
2 0.374537 0.446528 0.049074 0.118056
2 0.174074 0.405556 0.048148 0.094444
2 0.608796 0.386806 0.025 0.101389
2 0.285648 0.377083 0.026852 0.093056
2 0.264352 0.440278 0.026852 0.111111
2 0.651389 0.3625 0.023148 0.1
2 0.824074 0.484722 0.053704 0.111111
2 0.706481 0.396528 0.033333 0.101389
2 0.631944 0.375694 0.023148 0.098611
2 0.262963 0.359722 0.024074 0.088889
2 0.311111 0.256944 0.018519 0.063889
6 0.349537 0.317361 0.052778 0.093056
6 0.519907 0.35 0.069444 0.094444
11 0.760185 0.69375 0.338889 0.493056
2 0.39537 0.414583 0.064815 0.101389
2 0.610185 0.322222 0.022222 0.063889
2 0.534259 0.282639 0.02037 0.068056
2 0.543981 0.270833 0.013889 0.061111
2 0.768056 0.309722 0.056481 0.080556
2 0.574074 0.273611 0.024074 0.063889
2 0.584259 0.331944 0.02037 0.072222
2 0.8 0.304861 0.044444 0.059722
2 0.925926 0.309028 0.042593 0.0625
2 0.1125 0.4125 0.063889 0.094444
2 0.274074 0.248611 0.016667 0.058333
2 0.446759 0.215972 0.013889 0.040278
2 0.456481 0.278472 0.014815 0.0625
2 0.610185 0.274306 0.018519 0.054167
2 0.328241 0.219444 0.012037 0.044444
2 0.311111 0.21875 0.014815 0.043056
2 0.506019 0.217361 0.013889 0.045833
2 0.518519 0.248611 0.014815 0.052778
2 0.506944 0.25625 0.013889 0.054167
6 0.364815 0.210417 0.02963 0.056944
6 0.374537 0.182639 0.032407 0.059722
6 0.550926 0.211806 0.031481 0.045833
6 0.468981 0.152778 0.019444 0.030556
