2 0.304167 0.394444 0.030556 0.116667
2 0.888889 0.378472 0.035185 0.0875
2 0.193056 0.4125 0.032407 0.105556
2 0.875926 0.5375 0.046296 0.155556
2 0.061574 0.846528 0.075 0.2375
2 0.148148 0.900694 0.075926 0.176389
6 0.291204 0.204861 0.034259 0.054167
2 0.503241 0.209028 0.015741 0.045833
2 0.378704 0.216667 0.011111 0.041667
2 0.474537 0.171528 0.012037 0.029167
6 0.373148 0.172917 0.022222 0.034722
0 0.978241 0.509722 0.034259 0.075
0 0.017593 0.494444 0.024074 0.105556
2 0.446296 0.167361 0.009259 0.0375
2 0.452315 0.1625 0.012037 0.036111
