2 0.365278 0.652083 0.037963 0.140278
2 0.241667 0.638889 0.033333 0.136111
2 0.385648 0.540278 0.030556 0.108333
2 0.596759 0.486111 0.036111 0.077778
2 0.262963 0.495139 0.025926 0.098611
2 0.3 0.440278 0.024074 0.080556
2 0.153704 0.459722 0.024074 0.086111
2 0.216667 0.569444 0.025926 0.097222
2 0.512037 0.48125 0.031481 0.070833
2 0.551852 0.453472 0.024074 0.073611
2 0.402315 0.365972 0.021296 0.0625
2 0.20463 0.43125 0.022222 0.079167
2 0.168056 0.390278 0.021296 0.072222
2 0.220833 0.511806 0.025 0.081944
6 0.288426 0.321528 0.043519 0.056944
2 0.215278 0.365278 0.019444 0.05
2 0.228241 0.417361 0.019444 0.0625
2 0.191204 0.33125 0.015741 0.051389
2 0.171759 0.342361 0.015741 0.0625
2 0.356944 0.352083 0.015741 0.051389
2 0.343981 0.3375 0.012037 0.047222
2 0.387037 0.301389 0.027778 0.036111
2 0.263889 0.270833 0.016667 0.038889
2 0.14537 0.305556 0.012963 0.036111
2 0.158796 0.29375 0.013889 0.040278
2 0.167593 0.269444 0.011111 0.036111
2 0.1375 0.281944 0.010185 0.030556
2 0.135185 0.261806 0.014815 0.029167
2 0.30463 0.252083 0.014815 0.034722
2 0.706481 0.39375 0.024074 0.0625
2 0.514352 0.430556 0.026852 0.063889
6 0.189815 0.284722 0.027778 0.041667
6 0.220833 0.265278 0.023148 0.033333
6 0.198611 0.229167 0.017593 0.025
