2 0.195833 0.613194 0.030556 0.109722
2 0.296759 0.677083 0.034259 0.143056
2 0.2375 0.661111 0.041667 0.15
2 0.355093 0.910417 0.062037 0.159722
2 0.695833 0.547222 0.041667 0.083333
2 0.244444 0.502083 0.027778 0.098611
2 0.323148 0.650694 0.033333 0.143056
2 0.74537 0.581944 0.05 0.088889
2 0.181481 0.447917 0.022222 0.084722
2 0.151852 0.425694 0.022222 0.081944
2 0.208333 0.497917 0.024074 0.095833
2 0.797685 0.611806 0.071296 0.076389
2 0.648611 0.549306 0.037963 0.090278
2 0.49537 0.488194 0.02963 0.0875
2 0.4375 0.4 0.021296 0.066667
2 0.510648 0.459028 0.028704 0.081944
2 0.507407 0.355556 0.02963 0.063889
6 0.788426 0.715278 0.167593 0.15
6 0.892593 0.899306 0.205556 0.176389
5 0.418056 0.679861 0.132407 0.226389
6 0.559259 0.606944 0.116667 0.125
6 0.314352 0.497222 0.071296 0.111111
6 0.371759 0.424306 0.063889 0.070833
6 0.25463 0.402778 0.051852 0.077778
11 0.28287 0.298611 0.062037 0.119444
11 0.213889 0.313889 0.044444 0.1
2 0.221296 0.445139 0.018519 0.081944
2 0.131944 0.348611 0.012037 0.055556
2 0.558796 0.507639 0.025 0.081944
2 0.588426 0.546528 0.036111 0.070833
2 0.611111 0.504167 0.035185 0.083333
0 0.724074 0.500694 0.016667 0.090278
2 0.544444 0.471528 0.024074 0.070833
2 0.575463 0.469444 0.025 0.066667
2 0.590741 0.440278 0.035185 0.058333
2 0.655556 0.388194 0.022222 0.056944
2 0.459259 0.452083 0.024074 0.076389
2 0.468981 0.425694 0.019444 0.070833
2 0.476852 0.404167 0.014815 0.058333
2 0.424074 0.377083 0.018519 0.056944
2 0.405556 0.400694 0.024074 0.065278
2 0.389815 0.368056 0.014815 0.044444
2 0.398611 0.354861 0.013889 0.043056
2 0.352315 0.349306 0.021296 0.054167
2 0.377315 0.338194 0.013889 0.054167
