2 0.280093 0.608333 0.039815 0.175
2 0.156944 0.60625 0.04537 0.168056
2 0.533333 0.471528 0.07037 0.134722
2 0.860185 0.440972 0.037037 0.115278
2 0.715278 0.472917 0.037963 0.126389
2 0.15463 0.452083 0.055556 0.109722
2 0.479167 0.426389 0.05463 0.102778
2 0.700463 0.388889 0.034259 0.102778
2 0.630556 0.352778 0.027778 0.094444
2 0.264815 0.488194 0.031481 0.115278
2 0.244444 0.426389 0.02963 0.1
2 0.304167 0.425 0.028704 0.111111
2 0.191204 0.411806 0.050926 0.106944
2 0.278241 0.386806 0.023148 0.0875
2 0.302315 0.274306 0.017593 0.065278
2 0.263889 0.291667 0.035185 0.069444
6 0.564352 0.405556 0.100926 0.133333
8 0.375463 0.463194 0.100926 0.2625
2 0.315278 0.240278 0.015741 0.066667
2 0.378704 0.190278 0.014815 0.038889
2 0.485648 0.252778 0.017593 0.061111
2 0.53287 0.252083 0.013889 0.051389
2 0.548611 0.247917 0.017593 0.054167
2 0.532407 0.315278 0.024074 0.069444
2 0.580556 0.302778 0.040741 0.063889
2 0.610185 0.283333 0.018519 0.063889
2 0.46713 0.211111 0.013889 0.047222
2 0.486111 0.218056 0.016667 0.047222
6 0.383796 0.257639 0.047222 0.070833
6 0.425463 0.174306 0.028704 0.048611
6 0.475926 0.156944 0.022222 0.033333
6 0.552315 0.213194 0.028704 0.054167
2 0.524074 0.218056 0.012963 0.05
0 0.178241 0.332639 0.019444 0.079167
