2 0.610648 0.842361 0.076852 0.181944
2 0.174074 0.578472 0.02963 0.115278
2 0.231481 0.65 0.033333 0.130556
2 0.351852 0.620833 0.042593 0.127778
2 0.765278 0.627778 0.047222 0.094444
2 0.79537 0.713889 0.064815 0.130556
2 0.264352 0.61875 0.036111 0.131944
2 0.377315 0.530556 0.030556 0.111111
2 0.452315 0.4 0.028704 0.069444
2 0.47963 0.453472 0.027778 0.081944
2 0.831481 0.702778 0.046296 0.133333
2 0.422222 0.396528 0.024074 0.073611
2 0.126389 0.623611 0.036111 0.108333
2 0.360648 0.363194 0.021296 0.0625
2 0.161574 0.4625 0.021296 0.075
6 0.444444 0.705556 0.133333 0.194444
6 0.543056 0.570139 0.123148 0.140278
5 0.401389 0.8375 0.175 0.294444
6 0.299537 0.470833 0.065741 0.105556
6 0.238426 0.491667 0.075 0.138889
6 0.238426 0.382639 0.041667 0.068056
11 0.216204 0.316667 0.041667 0.072222
2 0.315278 0.303472 0.013889 0.040278
2 0.175 0.514583 0.022222 0.065278
2 0.129167 0.452083 0.021296 0.070833
2 0.143519 0.395139 0.018519 0.051389
2 0.125926 0.390278 0.014815 0.05
2 0.125463 0.345833 0.013889 0.05
2 0.168981 0.332639 0.013889 0.051389
2 0.171759 0.396528 0.015741 0.054167
2 0.183796 0.38125 0.015741 0.056944
2 0.134259 0.29375 0.011111 0.0375
2 0.341204 0.338889 0.013889 0.05
2 0.515741 0.485417 0.02037 0.059722
2 0.735648 0.429861 0.034259 0.059722
2 0.302778 0.947222 0.051852 0.083333
5 0.165741 0.243056 0.024074 0.036111
0 0.655556 0.430556 0.012963 0.055556
0 0.725463 0.45625 0.017593 0.081944
