2 0.564352 0.458333 0.034259 0.127778
2 0.256944 0.301389 0.021296 0.088889
2 0.950463 0.600694 0.056481 0.145833
2 0.873148 0.625 0.059259 0.177778
2 0.925926 0.491667 0.040741 0.130556
2 0.831944 0.540972 0.052778 0.148611
2 0.479167 0.231944 0.021296 0.063889
2 0.852778 0.440972 0.02963 0.098611
2 0.441204 0.208333 0.013889 0.05
2 0.859259 0.377778 0.027778 0.069444
2 0.652315 0.334722 0.025 0.075
6 0.831481 0.329167 0.1 0.077778
6 0.617593 0.386111 0.101852 0.136111
2 0.909259 0.302083 0.042593 0.070833
2 0.976389 0.304861 0.036111 0.073611
2 0.591667 0.307639 0.022222 0.0625
2 0.149537 0.410417 0.056481 0.073611
2 0.386111 0.211111 0.012963 0.044444
2 0.323148 0.178472 0.011111 0.0375
6 0.549074 0.210417 0.037037 0.048611
6 0.4875 0.171528 0.028704 0.0375
6 0.424537 0.176389 0.026852 0.036111
6 0.365278 0.159722 0.023148 0.036111
