2 0.493519 0.406944 0.064815 0.105556
2 0.731481 0.545139 0.044444 0.151389
2 0.643519 0.384028 0.02963 0.106944
2 0.738889 0.411111 0.02963 0.108333
2 0.893981 0.588889 0.050926 0.144444
2 0.822222 0.46875 0.037037 0.123611
2 0.768519 0.396528 0.027778 0.109722
2 0.845833 0.56875 0.049074 0.1375
2 0.853704 0.425694 0.033333 0.1125
2 0.950926 0.58125 0.051852 0.145833
2 0.56713 0.298611 0.019444 0.075
2 0.956944 0.329861 0.032407 0.070833
2 0.977778 0.736111 0.031481 0.152778
11 0.510185 0.258333 0.055556 0.127778
11 0.463426 0.2375 0.041667 0.1
2 0.883333 0.531944 0.035185 0.088889
2 0.983333 0.345833 0.022222 0.077778
2 0.434722 0.280556 0.025 0.077778
2 0.413889 0.245833 0.016667 0.055556
2 0.386574 0.234722 0.013889 0.052778
2 0.372222 0.227778 0.012963 0.052778
2 0.325463 0.175 0.012037 0.041667
2 0.342593 0.161111 0.011111 0.033333
2 0.541667 0.224306 0.014815 0.045833
2 0.546296 0.274306 0.014815 0.059722
2 0.583796 0.26875 0.015741 0.059722
2 0.572685 0.236806 0.013889 0.051389
6 0.551852 0.209028 0.02963 0.043056
6 0.430093 0.198611 0.028704 0.047222
6 0.422222 0.173611 0.022222 0.033333
6 0.368056 0.140972 0.021296 0.0375
0 0.150926 0.384028 0.025926 0.081944
