2 0.287037 0.634722 0.046296 0.186111
2 0.305093 0.363194 0.028704 0.1125
2 0.197222 0.552083 0.038889 0.140278
2 0.811574 0.421528 0.034259 0.118056
2 0.455093 0.252778 0.017593 0.063889
2 0.159722 0.405556 0.060185 0.091667
2 0.87037 0.428472 0.031481 0.104167
2 0.473611 0.238889 0.015741 0.058333
2 0.881944 0.51875 0.047222 0.106944
2 0.868056 0.388889 0.034259 0.097222
2 0.943519 0.357639 0.033333 0.073611
6 0.647685 0.632639 0.158333 0.2125
6 0.875 0.668056 0.17963 0.213889
2 0.581481 0.245139 0.018519 0.056944
2 0.488889 0.228472 0.014815 0.048611
2 0.448148 0.168056 0.009259 0.027778
2 0.463426 0.16875 0.010185 0.031944
6 0.55 0.211806 0.037037 0.048611
6 0.340278 0.161111 0.025 0.036111
6 0.404167 0.144444 0.015741 0.030556
6 0.419907 0.164583 0.023148 0.031944
