2 0.259722 0.405556 0.026852 0.116667
2 0.669907 0.586111 0.050926 0.161111
2 0.2125 0.472917 0.032407 0.129167
2 0.615741 0.356944 0.051852 0.088889
2 0.54213 0.426389 0.058333 0.113889
2 0.485648 0.395139 0.049074 0.093056
2 0.303241 0.4 0.028704 0.116667
2 0.691204 0.346528 0.04537 0.084722
2 0.472685 0.305556 0.023148 0.069444
2 0.935648 0.358333 0.034259 0.094444
2 0.290741 0.273611 0.018519 0.063889
2 0.749074 0.370139 0.031481 0.095833
2 0.549074 0.283333 0.02037 0.069444
2 0.599537 0.295139 0.023148 0.068056
6 0.796296 0.311806 0.114815 0.079167
11 0.839352 0.5 0.20463 0.3
6 0.364352 0.161806 0.028704 0.040278
6 0.550926 0.210417 0.033333 0.048611
6 0.409259 0.160417 0.022222 0.034722
2 0.893056 0.365972 0.028704 0.065278
2 0.066667 0.407639 0.066667 0.076389
2 0.457407 0.26875 0.016667 0.070833
2 0.443981 0.240278 0.012037 0.055556
2 0.333796 0.204861 0.013889 0.048611
2 0.292593 0.2125 0.011111 0.047222
2 0.286111 0.243056 0.011111 0.05
2 0.474074 0.166667 0.007407 0.027778
2 0.335185 0.155556 0.007407 0.027778
2 0.318519 0.160417 0.007407 0.0375
0 0.146759 0.402083 0.015741 0.090278
0 0.134722 0.384722 0.015741 0.069444
11 0.503704 0.218056 0.038889 0.088889
