2 0.224074 0.770139 0.057407 0.2375
2 0.215278 0.424306 0.065741 0.095833
2 0.549074 0.375 0.02963 0.108333
2 0.743056 0.622222 0.060185 0.172222
2 0.310185 0.330556 0.022222 0.088889
2 0.338426 0.5625 0.041667 0.163889
2 0.272685 0.409028 0.026852 0.104167
2 0.643519 0.502778 0.037037 0.136111
2 0.468519 0.265278 0.037037 0.063889
2 0.506944 0.269444 0.017593 0.066667
2 0.892593 0.552083 0.042593 0.145833
2 0.829167 0.518056 0.04537 0.136111
2 0.616667 0.411111 0.031481 0.111111
2 0.961574 0.627083 0.062037 0.170833
2 0.778704 0.528472 0.048148 0.145833
2 0.640741 0.363194 0.02963 0.095833
2 0.546296 0.28125 0.018519 0.068056
2 0.856944 0.442361 0.030556 0.115278
2 0.807407 0.321528 0.046296 0.065278
2 0.903704 0.350694 0.046296 0.073611
2 0.724537 0.3 0.041667 0.063889
2 0.387037 0.944444 0.062963 0.097222
6 0.383796 0.399306 0.071296 0.131944
2 0.763889 0.321528 0.046296 0.065278
2 0.502778 0.2125 0.012963 0.055556
2 0.537963 0.225694 0.014815 0.0625
2 0.327315 0.240278 0.013889 0.058333
2 0.383796 0.227778 0.015741 0.066667
2 0.473611 0.20625 0.010185 0.043056
2 0.347685 0.20625 0.013889 0.048611
2 0.364352 0.188889 0.010185 0.044444
6 0.551389 0.209722 0.032407 0.047222
6 0.475463 0.159722 0.023148 0.036111
6 0.417593 0.163194 0.022222 0.040278
2 0.031019 0.436111 0.050926 0.094444
