2 0.273611 0.75625 0.043519 0.154167
2 0.208796 0.497222 0.025 0.1
2 0.641204 0.531944 0.039815 0.080556
2 0.263426 0.892361 0.05463 0.184722
2 0.631019 0.456944 0.043519 0.072222
2 0.426852 0.378472 0.022222 0.065278
2 0.352315 0.922917 0.062037 0.131944
2 0.162037 0.38125 0.02037 0.073611
2 0.384722 0.359028 0.017593 0.059722
6 0.612037 0.898611 0.198148 0.183333
6 0.272222 0.314583 0.038889 0.045833
9 0.832407 0.756944 0.322222 0.477778
11 0.341204 0.359028 0.062037 0.0875
2 0.164815 0.309722 0.011111 0.044444
2 0.140278 0.316667 0.010185 0.038889
0 0.781944 0.43125 0.012037 0.068056
0 0.897222 0.461806 0.012963 0.079167
0 0.919444 0.470139 0.012963 0.070833
0 0.931481 0.466667 0.012963 0.072222
2 0.140741 0.278472 0.007407 0.029167
2 0.27037 0.280556 0.009259 0.027778
