2 0.49537 0.763889 0.131481 0.202778
2 0.71713 0.354167 0.052778 0.088889
2 0.474074 0.290278 0.037037 0.077778
2 0.556019 0.3125 0.04537 0.077778
2 0.262037 0.439583 0.031481 0.123611
2 0.920833 0.357639 0.036111 0.079167
2 0.222685 0.440278 0.028704 0.119444
2 0.173611 0.386806 0.043519 0.101389
2 0.500463 0.274306 0.026852 0.070833
2 0.573148 0.260417 0.018519 0.059722
2 0.521296 0.238194 0.016667 0.054167
2 0.038889 0.884722 0.068519 0.205556
12 0.84213 0.713194 0.312037 0.548611
2 0.508333 0.220833 0.014815 0.05
2 0.468981 0.218056 0.013889 0.052778
2 0.47963 0.191667 0.012963 0.044444
2 0.308796 0.2375 0.015741 0.063889
2 0.315278 0.195139 0.012037 0.043056
2 0.336574 0.16875 0.008333 0.043056
6 0.551389 0.209028 0.032407 0.048611
6 0.488889 0.171528 0.031481 0.045833
11 0.425926 0.152778 0.048148 0.105556
12 0.371296 0.168056 0.044444 0.130556
