2 0.147222 0.635417 0.055556 0.195833
2 0.816667 0.604167 0.055556 0.166667
2 0.31713 0.341667 0.023148 0.086111
2 0.251852 0.559722 0.046296 0.175
2 0.20463 0.415972 0.031481 0.115278
2 0.445833 0.396528 0.060185 0.106944
2 0.61713 0.46875 0.032407 0.131944
2 0.25787 0.405556 0.028704 0.102778
2 0.303704 0.452778 0.033333 0.133333
2 0.914815 0.608333 0.057407 0.158333
2 0.69213 0.5 0.036111 0.127778
2 0.524537 0.302083 0.019444 0.073611
2 0.455093 0.320139 0.030556 0.084722
2 0.41713 0.285417 0.021296 0.079167
2 0.710185 0.43125 0.02963 0.109722
2 0.59537 0.407639 0.027778 0.104167
2 0.668519 0.322917 0.025926 0.079167
3 0.872222 0.474306 0.046296 0.134722
2 0.551389 0.296528 0.019444 0.070833
2 0.625926 0.325 0.027778 0.075
2 0.586111 0.340972 0.025926 0.076389
2 0.294907 0.260417 0.017593 0.0625
2 0.971759 0.716667 0.043519 0.163889
6 0.491667 0.263889 0.044444 0.061111
6 0.431944 0.198611 0.030556 0.044444
6 0.549537 0.213889 0.036111 0.041667
6 0.489352 0.16875 0.026852 0.040278
11 0.469444 0.193056 0.02963 0.058333
0 0.336574 0.238889 0.012037 0.052778
2 0.447685 0.233333 0.013889 0.047222
2 0.518981 0.229861 0.013889 0.045833
2 0.351852 0.228472 0.014815 0.043056
2 0.31713 0.222222 0.012037 0.047222
2 0.32963 0.204861 0.011111 0.040278
0 0.981481 0.446528 0.024074 0.098611
