2 0.115278 0.620833 0.062037 0.161111
2 0.314815 0.834028 0.064815 0.2625
2 0.78287 0.797917 0.082407 0.229167
2 0.305093 0.384722 0.028704 0.105556
2 0.351389 0.289583 0.021296 0.081944
2 0.692593 0.301389 0.048148 0.072222
2 0.587037 0.35 0.025926 0.086111
2 0.294444 0.3125 0.022222 0.080556
2 0.79213 0.578472 0.049074 0.148611
2 0.731944 0.602778 0.050926 0.155556
2 0.643981 0.41875 0.030556 0.109722
2 0.550926 0.318056 0.024074 0.077778
2 0.798148 0.460417 0.038889 0.109722
2 0.70787 0.428472 0.039815 0.126389
2 0.623611 0.359028 0.030556 0.090278
2 0.722222 0.498611 0.040741 0.116667
2 0.488426 0.250694 0.017593 0.056944
2 0.410185 0.263194 0.018519 0.068056
5 0.583333 0.480556 0.114815 0.169444
6 0.486111 0.327083 0.057407 0.090278
6 0.551389 0.210417 0.030556 0.043056
6 0.375 0.186111 0.027778 0.052778
2 0.559259 0.289583 0.018519 0.045833
2 0.530093 0.224306 0.012037 0.043056
2 0.512963 0.23125 0.016667 0.048611
2 0.491204 0.192361 0.012037 0.040278
2 0.310648 0.232639 0.012037 0.048611
2 0.433333 0.167361 0.007407 0.034722
2 0.943056 0.343056 0.039815 0.072222
2 0.955093 0.315278 0.028704 0.075
6 0.413426 0.163889 0.023148 0.033333
6 0.475 0.160417 0.022222 0.031944
