2 0.800463 0.347917 0.047222 0.076389
2 0.632407 0.347222 0.025926 0.088889
2 0.861111 0.445139 0.037037 0.118056
2 0.180093 0.408333 0.067593 0.138889
2 0.269907 0.270139 0.017593 0.0625
6 0.544907 0.375 0.084259 0.130556
6 0.319907 0.272222 0.050926 0.091667
11 0.391204 0.3125 0.080556 0.230556
6 0.440741 0.179861 0.025926 0.034722
6 0.415278 0.161111 0.017593 0.027778
6 0.36713 0.141667 0.015741 0.030556
2 0.309259 0.204861 0.011111 0.043056
2 0.341204 0.165972 0.012037 0.029167
2 0.504167 0.229861 0.013889 0.045833
2 0.52963 0.242361 0.012963 0.045833
6 0.524074 0.211806 0.031481 0.040278
0 0.110648 0.407639 0.015741 0.090278
