0 0.66713 0.438194 0.019444 0.070833
2 0.427315 0.568056 0.041667 0.111111
2 0.275 0.461111 0.022222 0.080556
2 0.575463 0.679861 0.062037 0.143056
2 0.925463 0.673611 0.058333 0.122222
2 0.683333 0.613194 0.040741 0.098611
2 0.862963 0.702778 0.059259 0.127778
2 0.212037 0.61875 0.035185 0.120833
2 0.158796 0.55625 0.026852 0.101389
2 0.774537 0.614583 0.050926 0.106944
2 0.648611 0.538889 0.032407 0.086111
2 0.599537 0.545139 0.039815 0.084722
2 0.260648 0.409028 0.019444 0.065278
2 0.539815 0.505556 0.035185 0.080556
2 0.161111 0.456944 0.024074 0.080556
2 0.405093 0.3875 0.025 0.077778
2 0.120833 0.586806 0.028704 0.081944
6 0.43287 0.745139 0.139815 0.215278
6 0.892593 0.880556 0.209259 0.216667
6 0.206019 0.517361 0.073148 0.129167
6 0.316667 0.370139 0.044444 0.059722
6 0.353241 0.35 0.032407 0.05
2 0.206944 0.441667 0.015741 0.052778
2 0.190278 0.4 0.017593 0.063889
2 0.168056 0.380556 0.013889 0.044444
2 0.172685 0.429861 0.013889 0.059722
2 0.13287 0.316667 0.013889 0.05
6 0.147222 0.35 0.035185 0.058333
2 0.045833 0.514583 0.036111 0.101389
2 0.437963 0.4 0.016667 0.063889
2 0.450926 0.389583 0.014815 0.0625
0 0.495833 0.366667 0.013889 0.061111
2 0.495833 0.421528 0.028704 0.059722
2 0.465741 0.4375 0.016667 0.061111
6 0.437963 0.470139 0.07963 0.084722
2 0.569907 0.465278 0.023148 0.066667
2 0.60787 0.494444 0.034259 0.069444
2 0.630556 0.458333 0.040741 0.072222
2 0.520833 0.447222 0.023148 0.066667
2 0.541204 0.456944 0.026852 0.05
2 0.952315 0.475694 0.023148 0.065278
2 0.341667 0.309028 0.011111 0.034722
6 0.280093 0.33125 0.041667 0.048611
2 0.15 0.286806 0.007407 0.034722
2 0.168981 0.261111 0.010185 0.033333
6 0.263426 0.297222 0.030556 0.044444
2 0.296759 0.286806 0.008333 0.029167
2 0.304167 0.313889 0.012037 0.033333
5 0.256481 0.265278 0.027778 0.036111
2 0.377778 0.329861 0.016667 0.045833
2 0.325 0.306944 0.011111 0.041667
2 0.751852 0.847917 0.061111 0.179167
2 0.709259 0.765972 0.055556 0.143056
