2 0.938889 0.791667 0.077778 0.161111
2 0.79213 0.527083 0.050926 0.090278
2 0.831019 0.624306 0.056481 0.095833
2 0.331481 0.774306 0.048148 0.170833
2 0.409259 0.739583 0.051852 0.154167
2 0.814815 0.76875 0.07037 0.1625
2 0.738889 0.641667 0.051852 0.105556
2 0.68287 0.575694 0.047222 0.101389
2 0.886574 0.685417 0.052778 0.118056
2 0.313889 0.906944 0.05 0.155556
2 0.258333 0.629167 0.033333 0.122222
2 0.712963 0.486806 0.042593 0.081944
2 0.513426 0.850694 0.049074 0.179167
2 0.312963 0.630556 0.033333 0.108333
2 0.503241 0.689583 0.05463 0.115278
2 0.479167 0.925 0.056481 0.125
2 0.175926 0.652778 0.025926 0.119444
2 0.516204 0.482639 0.026852 0.084722
2 0.612037 0.704167 0.042593 0.119444
2 0.296296 0.574306 0.025926 0.093056
2 0.201852 0.586806 0.024074 0.104167
2 0.473148 0.490278 0.031481 0.077778
2 0.430093 0.424306 0.028704 0.070833
2 0.118056 0.474306 0.026852 0.084722
2 0.541667 0.724306 0.046296 0.1375
6 0.651852 0.872917 0.227778 0.226389
6 0.560648 0.586806 0.130556 0.129167
6 0.373611 0.586806 0.10463 0.151389
6 0.294444 0.472917 0.059259 0.093056
2 0.419444 0.943056 0.053704 0.086111
2 0.575926 0.505556 0.02963 0.058333
2 0.556944 0.475694 0.028704 0.068056
2 0.455556 0.425694 0.018519 0.059722
2 0.485648 0.455556 0.021296 0.063889
2 0.469907 0.419444 0.017593 0.055556
2 0.388426 0.415972 0.019444 0.065278
2 0.157407 0.638194 0.02037 0.115278
2 0.168519 0.555556 0.025926 0.083333
2 0.214352 0.552778 0.019444 0.086111
2 0.206019 0.480556 0.017593 0.077778
2 0.228241 0.509722 0.017593 0.088889
2 0.160648 0.483333 0.019444 0.061111
2 0.178241 0.472222 0.017593 0.075
2 0.124074 0.405556 0.016667 0.061111
2 0.249537 0.477083 0.019444 0.068056
2 0.218056 0.446528 0.019444 0.0625
2 0.197222 0.399306 0.012963 0.059722
2 0.212963 0.404167 0.012963 0.05
2 0.181481 0.388194 0.011111 0.059722
2 0.188889 0.363194 0.012963 0.056944
2 0.149537 0.418056 0.015741 0.058333
2 0.166667 0.404167 0.016667 0.066667
2 0.164352 0.350694 0.012037 0.043056
6 0.181019 0.299306 0.021296 0.040278
11 0.248148 0.379167 0.05 0.116667
11 0.227778 0.334028 0.037037 0.084722
2 0.139815 0.384722 0.012963 0.05
2 0.119907 0.320139 0.010185 0.040278
2 0.354167 0.356944 0.013889 0.047222
2 0.328241 0.322917 0.010185 0.040278
2 0.348611 0.324306 0.012037 0.034722
2 0.371759 0.384028 0.013889 0.051389
2 0.391667 0.366667 0.014815 0.044444
6 0.449074 0.386806 0.044444 0.059722
11 0.259722 0.304167 0.065741 0.091667
2 0.30463 0.322917 0.012963 0.034722
2 0.159722 0.313889 0.010185 0.027778
2 0.587037 0.433333 0.033333 0.063889
