2 0.222685 0.694444 0.047222 0.194444
2 0.084722 0.461111 0.04537 0.119444
2 0.953241 0.615278 0.065741 0.205556
2 0.273148 0.373611 0.025926 0.102778
2 0.492593 0.327778 0.040741 0.083333
2 0.846296 0.485417 0.038889 0.143056
2 0.235648 0.528472 0.036111 0.129167
2 0.194907 0.422917 0.065741 0.0875
2 0.291204 0.271528 0.017593 0.070833
2 0.55463 0.26875 0.016667 0.059722
2 0.865278 0.415972 0.028704 0.104167
2 0.028704 0.488194 0.037037 0.081944
2 0.35787 0.257639 0.017593 0.065278
2 0.28287 0.905556 0.067593 0.163889
2 0.328241 0.275 0.019444 0.069444
6 0.587963 0.323611 0.059259 0.086111
6 0.514352 0.284028 0.052778 0.070833
2 0.171296 0.375 0.031481 0.102778
2 0.462963 0.315972 0.031481 0.068056
2 0.431019 0.271528 0.021296 0.054167
2 0.487037 0.230556 0.016667 0.05
2 0.509259 0.20625 0.012963 0.043056
2 0.5 0.218056 0.012963 0.044444
2 0.393981 0.233333 0.013889 0.055556
2 0.340278 0.261806 0.013889 0.0625
2 0.313426 0.240972 0.012037 0.045833
2 0.30787 0.207639 0.010185 0.0375
2 0.331944 0.198611 0.012037 0.041667
2 0.436111 0.177778 0.011111 0.033333
6 0.374537 0.216667 0.032407 0.052778
6 0.444907 0.222222 0.037963 0.05
6 0.548611 0.211111 0.034259 0.047222
6 0.371759 0.175 0.032407 0.041667
6 0.408333 0.157639 0.024074 0.031944
0 0.284259 0.217361 0.011111 0.040278
