0 0.05787 0.461111 0.028704 0.113889
2 0.324537 0.352083 0.025 0.095833
2 0.488889 0.386111 0.061111 0.108333
2 0.143056 0.547917 0.041667 0.154167
2 0.866667 0.383333 0.031481 0.097222
2 0.531019 0.326389 0.023148 0.083333
0 0.774537 0.631944 0.062037 0.197222
2 0.581481 0.288194 0.02037 0.065278
2 0.441667 0.264583 0.02037 0.068056
2 0.336111 0.294444 0.018519 0.072222
1 0.203704 0.366667 0.031481 0.097222
2 0.299537 0.310417 0.019444 0.076389
2 0.270833 0.309028 0.019444 0.076389
2 0.531481 0.255556 0.018519 0.058333
6 0.943519 0.314583 0.090741 0.084722
6 0.616667 0.3875 0.087037 0.113889
2 0.475 0.23125 0.014815 0.054167
2 0.486574 0.203472 0.013889 0.040278
2 0.393519 0.233333 0.016667 0.052778
2 0.283333 0.264583 0.012963 0.065278
2 0.303704 0.261806 0.014815 0.051389
2 0.336574 0.231944 0.012037 0.05
2 0.313426 0.220139 0.012037 0.051389
2 0.323148 0.202083 0.009259 0.043056
2 0.353704 0.2125 0.009259 0.038889
2 0.352315 0.184722 0.010185 0.036111
6 0.367593 0.183333 0.022222 0.041667
6 0.487963 0.170139 0.027778 0.040278
6 0.55 0.2125 0.033333 0.044444
