0 0.891667 0.6 0.037037 0.152778
0 0.883333 0.56875 0.044444 0.1875
2 0.276389 0.340278 0.023148 0.094444
2 0.848148 0.4875 0.042593 0.130556
2 0.756019 0.529167 0.05463 0.136111
2 0.145833 0.408333 0.043519 0.111111
2 0.784722 0.624306 0.058333 0.148611
2 0.296296 0.264583 0.02037 0.065278
2 0.55787 0.261806 0.015741 0.059722
6 0.795833 0.834722 0.265741 0.291667
12 0.493519 0.245139 0.111111 0.240278
12 0.39213 0.588889 0.232407 0.822222
11 0.371296 0.15625 0.042593 0.079167
2 0.737963 0.276389 0.02963 0.061111
0 0.972222 0.479167 0.022222 0.108333
2 0.972222 0.65625 0.046296 0.154167
