0 0.047685 0.620139 0.032407 0.140278
0 0.078241 0.617361 0.032407 0.1625
2 0.19213 0.65 0.049074 0.186111
2 0.902315 0.744444 0.082407 0.186111
2 0.651389 0.50625 0.039815 0.148611
2 0.748148 0.603472 0.048148 0.140278
2 0.168519 0.380556 0.035185 0.097222
2 0.962963 0.688194 0.059259 0.195833
2 0.325463 0.30625 0.021296 0.0875
2 0.868981 0.56875 0.063889 0.165278
2 0.869444 0.450694 0.031481 0.098611
2 0.853241 0.397917 0.030556 0.101389
2 0.91713 0.534722 0.036111 0.119444
2 0.349537 0.234722 0.017593 0.058333
2 0.328704 0.226389 0.016667 0.052778
2 0.384259 0.209722 0.012963 0.047222
6 0.759259 0.486111 0.101852 0.144444
6 0.55 0.211111 0.033333 0.05
6 0.487963 0.169444 0.02963 0.041667
6 0.283333 0.218056 0.02963 0.055556
9 0.425 0.167361 0.031481 0.059722
2 0.490741 0.211111 0.014815 0.044444
2 0.463426 0.188889 0.012037 0.047222
2 0.330556 0.193056 0.011111 0.041667
2 0.345833 0.1875 0.012037 0.041667
2 0.968519 0.342361 0.040741 0.076389
2 0.866667 0.352083 0.042593 0.076389
2 0.378704 0.166667 0.009259 0.036111
2 0.356019 0.175694 0.010185 0.0375
2 0.456944 0.170833 0.010185 0.041667
2 0.260185 0.247917 0.014815 0.051389
