2 0.923148 0.745139 0.074074 0.1375
2 0.733333 0.525 0.05 0.088889
2 0.714352 0.596528 0.050926 0.0875
2 0.833796 0.761806 0.056481 0.1375
2 0.165741 0.538194 0.022222 0.098611
2 0.755093 0.672917 0.056481 0.118056
2 0.802315 0.668056 0.05463 0.119444
2 0.326852 0.920139 0.05 0.131944
2 0.844444 0.649306 0.042593 0.090278
2 0.273148 0.48125 0.024074 0.090278
2 0.127778 0.504167 0.022222 0.086111
2 0.428704 0.374306 0.02037 0.059722
6 0.54213 0.765278 0.182407 0.272222
6 0.439815 0.483333 0.07963 0.091667
6 0.224537 0.502083 0.062037 0.106944
6 0.2 0.443056 0.048148 0.072222
6 0.302315 0.453472 0.073148 0.120833
6 0.183333 0.4 0.042593 0.080556
11 0.574537 0.472917 0.149074 0.184722
2 0.15 0.45625 0.014815 0.0625
2 0.135185 0.429167 0.016667 0.066667
2 0.130093 0.333333 0.013889 0.052778
2 0.126852 0.283333 0.009259 0.027778
2 0.146759 0.276389 0.012037 0.038889
2 0.152315 0.375694 0.013889 0.056944
2 0.147685 0.413194 0.012037 0.048611
2 0.182407 0.509722 0.022222 0.088889
2 0.161574 0.46875 0.015741 0.054167
2 0.343519 0.389583 0.012963 0.070833
2 0.356944 0.384028 0.019444 0.070833
2 0.371296 0.374306 0.016667 0.059722
2 0.3875 0.368056 0.021296 0.077778
2 0.310185 0.3 0.009259 0.033333
2 0.246296 0.275694 0.009259 0.031944
2 0.291667 0.288889 0.011111 0.033333
6 0.255556 0.402083 0.051852 0.079167
6 0.214815 0.353472 0.037037 0.054167
2 0.165278 0.299306 0.008333 0.034722
6 0.165741 0.342361 0.02963 0.045833
6 0.211574 0.321528 0.034259 0.043056
6 0.192593 0.295833 0.025926 0.041667
6 0.181019 0.271528 0.028704 0.043056
2 0.148148 0.334028 0.009259 0.0375
2 0.134722 0.297222 0.008333 0.033333
2 0.2625 0.269444 0.012037 0.036111
2 0.24213 0.252778 0.008333 0.027778
2 0.747685 0.440972 0.037963 0.065278
0 0.87963 0.39375 0.011111 0.076389
