2 0.096759 0.768056 0.060185 0.233333
2 0.218056 0.468056 0.030556 0.136111
2 0.446296 0.370833 0.057407 0.091667
2 0.752778 0.614583 0.051852 0.159722
2 0.816204 0.548611 0.049074 0.133333
2 0.578704 0.388194 0.027778 0.101389
2 0.643981 0.382639 0.026852 0.093056
2 0.95463 0.642361 0.075926 0.170833
2 0.869444 0.51875 0.038889 0.140278
2 0.602315 0.366667 0.023148 0.086111
2 0.724537 0.304861 0.04537 0.065278
2 0.413889 0.290278 0.022222 0.077778
2 0.734259 0.503472 0.044444 0.1375
2 0.281019 0.408333 0.032407 0.133333
2 0.475 0.286111 0.033333 0.075
2 0.244907 0.322222 0.019444 0.080556
2 0.261111 0.34375 0.018519 0.081944
2 0.296296 0.340972 0.022222 0.084722
2 0.606944 0.295833 0.023148 0.075
2 0.838426 0.434722 0.034259 0.097222
2 0.918981 0.353472 0.039815 0.079167
5 0.828241 0.347222 0.089815 0.077778
6 0.378704 0.251389 0.064815 0.066667
6 0.357407 0.193056 0.033333 0.055556
6 0.369444 0.21875 0.033333 0.034722
2 0.64213 0.330556 0.021296 0.058333
2 0.528241 0.252778 0.017593 0.069444
2 0.514352 0.249306 0.015741 0.051389
2 0.500926 0.252083 0.012963 0.054167
2 0.444907 0.250694 0.028704 0.059722
2 0.475463 0.254167 0.026852 0.058333
2 0.317593 0.299306 0.016667 0.073611
2 0.300926 0.301389 0.016667 0.052778
2 0.272222 0.282639 0.014815 0.048611
2 0.288426 0.269444 0.015741 0.055556
2 0.323611 0.274306 0.013889 0.054167
2 0.277778 0.248611 0.014815 0.05
2 0.429167 0.184722 0.010185 0.036111
2 0.45463 0.189583 0.011111 0.0375
2 0.070833 0.402778 0.067593 0.077778
