6 0.500926 0.549306 0.1 0.118056
6 0.525926 0.864583 0.174074 0.243056
6 0.315741 0.660417 0.109259 0.159722
6 0.331019 0.513889 0.076852 0.119444
6 0.289815 0.444444 0.061111 0.102778
6 0.2375 0.393056 0.04537 0.072222
6 0.340741 0.393056 0.055556 0.066667
5 0.764352 0.7375 0.210185 0.202778
2 0.712963 0.872222 0.1 0.211111
2 0.736574 0.478472 0.056481 0.084722
2 0.54213 0.49375 0.036111 0.109722
2 0.462963 0.402083 0.027778 0.068056
2 0.211111 0.654167 0.035185 0.130556
2 0.22963 0.611111 0.025926 0.105556
2 0.362963 0.889583 0.053704 0.190278
2 0.173148 0.545833 0.02963 0.111111
2 0.211111 0.511806 0.025926 0.095833
2 0.243056 0.498611 0.028704 0.094444
2 0.274537 0.554167 0.028704 0.091667
2 0.186111 0.397222 0.02037 0.075
2 0.280093 0.304861 0.013889 0.040278
2 0.293056 0.298611 0.012037 0.041667
2 0.312963 0.320833 0.014815 0.044444
2 0.343056 0.345833 0.015741 0.047222
2 0.356019 0.336111 0.021296 0.047222
2 0.224537 0.264583 0.012037 0.031944
2 0.260185 0.270833 0.016667 0.041667
2 0.165278 0.325694 0.013889 0.051389
2 0.147222 0.311806 0.014815 0.043056
2 0.183796 0.348611 0.015741 0.05
2 0.12963 0.279861 0.009259 0.031944
9 0.205556 0.305556 0.035185 0.075
