2 0.763426 0.586806 0.049074 0.101389
2 0.259259 0.873611 0.055556 0.180556
2 0.231481 0.700694 0.037037 0.140278
2 0.716667 0.650694 0.05 0.118056
2 0.34213 0.880556 0.050926 0.183333
2 0.908333 0.728472 0.061111 0.104167
2 0.168056 0.513889 0.025 0.094444
2 0.459259 0.583333 0.046296 0.113889
2 0.219907 0.596528 0.032407 0.106944
2 0.288889 0.691667 0.035185 0.127778
2 0.934722 0.799306 0.058333 0.118056
2 0.279167 0.789583 0.039815 0.143056
2 0.205093 0.545139 0.023148 0.090278
2 0.211574 0.490278 0.023148 0.086111
6 0.57037 0.857639 0.196296 0.251389
6 0.353241 0.668056 0.121296 0.213889
6 0.300926 0.502778 0.064815 0.108333
2 0.422222 0.558333 0.044444 0.102778
6 0.377315 0.431944 0.056481 0.083333
2 0.185185 0.452778 0.022222 0.077778
2 0.212037 0.388889 0.014815 0.069444
2 0.201852 0.411111 0.012963 0.069444
2 0.178704 0.388889 0.012963 0.061111
2 0.151852 0.446528 0.016667 0.076389
2 0.158333 0.407639 0.012963 0.051389
2 0.15 0.372917 0.012963 0.054167
2 0.131481 0.348611 0.012963 0.055556
2 0.138426 0.33125 0.010185 0.045833
2 0.143519 0.313889 0.011111 0.038889
2 0.164815 0.304861 0.012963 0.034722
2 0.210185 0.304167 0.012963 0.044444
2 0.199074 0.332639 0.012963 0.051389
2 0.189815 0.359722 0.011111 0.05
2 0.180556 0.340278 0.011111 0.044444
6 0.183333 0.271528 0.024074 0.040278
6 0.235185 0.277778 0.02963 0.041667
2 0.35463 0.335417 0.016667 0.045833
2 0.3 0.331944 0.016667 0.063889
2 0.649537 0.538194 0.036111 0.090278
2 0.687963 0.597222 0.040741 0.094444
2 0.710185 0.570833 0.02963 0.088889
2 0.103241 0.401389 0.013889 0.058333
2 0.315278 0.331944 0.012037 0.05
2 0.256944 0.2875 0.013889 0.038889
2 0.040278 0.542361 0.039815 0.079167
2 0.377315 0.358333 0.015741 0.055556
9 0.516204 0.49375 0.236111 0.315278
