2 0.137037 0.702083 0.074074 0.204167
2 0.44537 0.366667 0.059259 0.094444
2 0.649074 0.55 0.042593 0.155556
2 0.596296 0.379167 0.025926 0.1
2 0.435185 0.26875 0.018519 0.068056
2 0.612037 0.307639 0.024074 0.079167
2 0.881944 0.38125 0.032407 0.090278
2 0.881019 0.504167 0.039815 0.122222
2 0.409722 0.247917 0.026852 0.059722
6 0.879167 0.688889 0.225 0.277778
6 0.876852 0.329861 0.083333 0.073611
6 0.5375 0.354167 0.067593 0.097222
6 0.468981 0.254861 0.043519 0.0625
2 0.956481 0.354861 0.040741 0.084722
2 0.555093 0.270139 0.017593 0.059722
2 0.558333 0.240278 0.018519 0.047222
2 0.5 0.240972 0.011111 0.043056
2 0.510185 0.220139 0.014815 0.043056
2 0.496296 0.209722 0.012963 0.041667
2 0.456481 0.178472 0.012963 0.031944
2 0.483333 0.188194 0.014815 0.048611
2 0.342593 0.177778 0.011111 0.038889
2 0.316667 0.191667 0.011111 0.038889
2 0.325926 0.170833 0.011111 0.036111
6 0.547685 0.211806 0.036111 0.048611
6 0.470833 0.154861 0.026852 0.034722
