0 0.742593 0.5 0.016667 0.061111
2 0.368981 0.776389 0.080556 0.144444
2 0.478241 0.472917 0.025 0.084722
2 0.324537 0.495833 0.023148 0.091667
2 0.352778 0.485417 0.024074 0.0875
2 0.585185 0.434028 0.042593 0.076389
2 0.284259 0.484722 0.022222 0.091667
2 0.812963 0.464583 0.044444 0.070833
2 0.206944 0.511806 0.019444 0.090278
2 0.245833 0.502083 0.017593 0.073611
2 0.262963 0.49375 0.018519 0.084722
2 0.225463 0.490972 0.015741 0.073611
2 0.178704 0.504167 0.02037 0.077778
2 0.161111 0.520139 0.022222 0.090278
2 0.138889 0.540972 0.022222 0.093056
2 0.305556 0.484722 0.016667 0.080556
2 0.314815 0.427083 0.024074 0.051389
2 0.352315 0.34375 0.021296 0.056944
2 0.286574 0.427083 0.013889 0.054167
2 0.213889 0.457639 0.016667 0.048611
2 0.119907 0.488194 0.017593 0.084722
2 0.143519 0.471528 0.016667 0.065278
2 0.116667 0.413889 0.012963 0.063889
2 0.128704 0.407639 0.016667 0.070833
2 0.125 0.352778 0.014815 0.044444
2 0.134259 0.318056 0.011111 0.038889
2 0.143981 0.306944 0.012037 0.044444
2 0.220833 0.409028 0.013889 0.054167
2 0.204167 0.411111 0.012037 0.05
2 0.200926 0.363194 0.011111 0.048611
2 0.16713 0.390278 0.013889 0.052778
6 0.250926 0.377083 0.05 0.0625
6 0.221759 0.345139 0.037963 0.0625
6 0.216204 0.315278 0.030556 0.033333
6 0.195833 0.293056 0.034259 0.052778
2 0.143519 0.34375 0.012963 0.040278
2 0.143056 0.3875 0.012037 0.05
6 0.172685 0.244444 0.019444 0.033333
6 0.253241 0.271528 0.019444 0.031944
2 0.192593 0.449306 0.012963 0.040278
2 0.51713 0.361111 0.013889 0.052778
2 0.160648 0.448611 0.013889 0.066667
