0 0.660648 0.472222 0.019444 0.080556
2 0.595833 0.801389 0.067593 0.169444
2 0.370833 0.629861 0.034259 0.126389
2 0.831944 0.557639 0.056481 0.093056
2 0.281944 0.5875 0.034259 0.119444
2 0.277778 0.703472 0.037037 0.145833
2 0.678241 0.538194 0.030556 0.076389
2 0.237963 0.511806 0.025926 0.101389
2 0.406481 0.366667 0.024074 0.055556
2 0.211111 0.465278 0.024074 0.091667
2 0.456481 0.924306 0.074074 0.126389
2 0.62963 0.456944 0.042593 0.072222
2 0.573611 0.500694 0.034259 0.090278
2 0.182407 0.409028 0.022222 0.076389
6 0.714352 0.78125 0.184259 0.198611
6 0.881944 0.775 0.199074 0.197222
6 0.392593 0.450694 0.066667 0.081944
6 0.269444 0.419444 0.055556 0.075
6 0.604167 0.602083 0.128704 0.126389
2 0.158333 0.375 0.014815 0.058333
2 0.141204 0.352083 0.013889 0.054167
2 0.136111 0.311806 0.011111 0.0375
2 0.156019 0.309722 0.012037 0.041667
2 0.165741 0.345139 0.011111 0.048611
2 0.184259 0.354861 0.012963 0.045833
2 0.202778 0.395833 0.014815 0.061111
2 0.196296 0.345139 0.012963 0.043056
2 0.239815 0.257639 0.007407 0.031944
2 0.247222 0.269444 0.007407 0.030556
2 0.255556 0.274306 0.007407 0.031944
6 0.211111 0.326389 0.027778 0.044444
2 0.180093 0.306944 0.008333 0.030556
2 0.165741 0.288889 0.009259 0.030556
2 0.262963 0.269444 0.009259 0.030556
0 0.053241 0.58125 0.023148 0.081944
