2 0.85787 0.752778 0.071296 0.138889
2 0.287963 0.761111 0.042593 0.166667
2 0.675 0.588889 0.044444 0.091667
2 0.900463 0.675694 0.052778 0.115278
2 0.182407 0.676389 0.068519 0.113889
2 0.728704 0.588194 0.046296 0.104167
2 0.174537 0.501389 0.026852 0.102778
2 0.896759 0.556944 0.030556 0.091667
2 0.156481 0.617361 0.027778 0.104167
2 0.465278 0.409722 0.026852 0.069444
2 0.212963 0.496528 0.025926 0.098611
2 0.287037 0.936806 0.057407 0.106944
2 0.587963 0.436806 0.044444 0.068056
2 0.390741 0.347222 0.02037 0.055556
6 0.524537 0.686806 0.141667 0.165278
6 0.746759 0.793056 0.199074 0.197222
6 0.39537 0.680556 0.137037 0.236111
6 0.198148 0.39375 0.044444 0.068056
11 0.293056 0.302083 0.067593 0.1125
11 0.475463 0.889583 0.258333 0.198611
0 0.737037 0.417361 0.014815 0.059722
2 0.904167 0.466667 0.019444 0.072222
2 0.119907 0.477083 0.017593 0.076389
2 0.124537 0.419444 0.013889 0.058333
2 0.15463 0.404861 0.012963 0.056944
2 0.177778 0.455556 0.02037 0.072222
2 0.168056 0.374306 0.012037 0.048611
2 0.174537 0.415278 0.015741 0.047222
2 0.187037 0.345833 0.012963 0.041667
11 0.22037 0.316667 0.044444 0.105556
2 0.13287 0.373611 0.013889 0.058333
2 0.162037 0.35 0.011111 0.041667
6 0.190741 0.30625 0.02037 0.040278
11 0.241667 0.270833 0.046296 0.069444
6 0.258333 0.480556 0.057407 0.091667
6 0.260185 0.418056 0.057407 0.075
2 0.363889 0.338194 0.016667 0.043056
6 0.185185 0.277778 0.025926 0.038889
2 0.095833 0.423611 0.015741 0.069444
6 0.640741 0.942361 0.151852 0.095833
