2 0.735648 0.692361 0.050926 0.1375
2 0.375 0.677778 0.040741 0.15
2 0.281019 0.673611 0.036111 0.147222
2 0.301852 0.600694 0.031481 0.123611
2 0.501852 0.480556 0.027778 0.080556
2 0.7875 0.695139 0.052778 0.1125
2 0.62963 0.458333 0.046296 0.075
2 0.374537 0.358333 0.019444 0.061111
2 0.162963 0.413889 0.02037 0.080556
2 0.813889 0.666667 0.042593 0.133333
2 0.411574 0.940278 0.056481 0.102778
2 0.424074 0.36875 0.02037 0.054167
0 0.109259 0.616667 0.025926 0.094444
2 0.206019 0.395139 0.017593 0.0625
6 0.89537 0.897222 0.196296 0.183333
6 0.272222 0.425694 0.064815 0.098611
6 0.274074 0.315972 0.037037 0.043056
2 0.177778 0.397222 0.014815 0.047222
0 0.116667 0.393056 0.012963 0.058333
2 0.100926 0.395139 0.014815 0.056944
2 0.134722 0.380556 0.015741 0.058333
2 0.181481 0.354861 0.011111 0.045833
2 0.161111 0.343056 0.012963 0.041667
2 0.141667 0.340278 0.011111 0.041667
2 0.138426 0.317361 0.010185 0.031944
2 0.151852 0.388194 0.014815 0.054167
2 0.197222 0.340972 0.011111 0.040278
2 0.1875 0.30625 0.010185 0.0375
2 0.171296 0.309028 0.009259 0.040278
2 0.160185 0.301389 0.009259 0.036111
2 0.155093 0.270139 0.008333 0.029167
2 0.300926 0.313194 0.011111 0.0375
2 0.169907 0.270139 0.008333 0.029167
6 0.206944 0.315278 0.026852 0.044444
6 0.239352 0.279167 0.023148 0.033333
2 0.281019 0.277778 0.010185 0.030556
2 0.309259 0.301389 0.011111 0.044444
2 0.12963 0.272917 0.007407 0.031944
