2 0.170833 0.756944 0.062037 0.238889
2 0.206944 0.452778 0.036111 0.141667
2 0.310185 0.393056 0.02963 0.119444
2 0.965278 0.656944 0.05463 0.177778
2 0.787963 0.442361 0.038889 0.126389
2 0.49213 0.311806 0.036111 0.070833
2 0.521296 0.390972 0.061111 0.101389
2 0.951389 0.327083 0.034259 0.073611
2 0.613426 0.376389 0.041667 0.083333
2 0.049074 0.499306 0.02963 0.118056
2 0.638426 0.338194 0.023148 0.081944
0 0.089352 0.497917 0.030556 0.118056
2 0.656944 0.324306 0.023148 0.079167
2 0.569907 0.404861 0.047222 0.0875
2 0.021296 0.535417 0.02963 0.0875
2 0.522685 0.278472 0.019444 0.068056
2 0.568519 0.288194 0.02037 0.068056
2 0.423148 0.259028 0.02037 0.070833
11 0.697685 0.647917 0.267593 0.479167
2 0.902315 0.425 0.034259 0.116667
2 0.880556 0.4 0.027778 0.088889
2 0.370833 0.228472 0.015741 0.051389
2 0.477778 0.246528 0.016667 0.048611
2 0.503241 0.247917 0.008333 0.048611
2 0.5375 0.250694 0.017593 0.054167
2 0.582407 0.2625 0.018519 0.05
2 0.569907 0.3625 0.049074 0.077778
2 0.327315 0.222917 0.013889 0.054167
2 0.45787 0.220833 0.017593 0.055556
