2 0.544907 0.313194 0.023148 0.084722
2 0.290741 0.277083 0.018519 0.068056
2 0.585185 0.315972 0.024074 0.079167
2 0.968056 0.351389 0.036111 0.080556
2 0.632407 0.349306 0.027778 0.095833
2 0.85787 0.450694 0.034259 0.118056
2 0.519907 0.255556 0.019444 0.061111
2 0.834259 0.322917 0.046296 0.070833
2 0.45 0.249306 0.016667 0.059722
2 0.920833 0.345139 0.034259 0.076389
2 0.560185 0.247917 0.016667 0.048611
6 0.91713 0.752083 0.152778 0.295833
5 0.315741 0.216667 0.033333 0.052778
6 0.547222 0.209028 0.038889 0.045833
6 0.487963 0.172222 0.02963 0.044444
6 0.413426 0.151389 0.017593 0.030556
12 0.375926 0.158333 0.033333 0.097222
2 0.475926 0.204861 0.011111 0.043056
2 0.445833 0.168056 0.008333 0.030556
