2 0.580093 0.845139 0.069444 0.170833
2 0.903241 0.783333 0.076852 0.144444
2 0.203704 0.530556 0.025926 0.102778
2 0.841667 0.663194 0.059259 0.109722
2 0.199074 0.432639 0.024074 0.0875
2 0.636574 0.531944 0.034259 0.091667
2 0.175926 0.342361 0.018519 0.076389
6 0.708333 0.761806 0.17037 0.181944
6 0.226852 0.35625 0.038889 0.065278
6 0.187963 0.289583 0.02963 0.045833
2 0.3 0.304861 0.012963 0.040278
2 0.328241 0.333333 0.013889 0.052778
2 0.528704 0.455556 0.025926 0.061111
2 0.278241 0.281944 0.012037 0.033333
2 0.266667 0.270139 0.011111 0.031944
2 0.256481 0.274306 0.012963 0.045833
2 0.143981 0.253472 0.013889 0.0375
2 0.208796 0.2375 0.012037 0.030556
11 0.482407 0.474306 0.253704 0.320833
