2 0.636574 0.709028 0.073148 0.140278
2 0.958333 0.763194 0.064815 0.131944
2 0.178704 0.529861 0.027778 0.104167
2 0.265741 0.623611 0.046296 0.144444
2 0.678241 0.563889 0.04537 0.097222
2 0.833333 0.633333 0.055556 0.1
2 0.691667 0.451389 0.040741 0.077778
2 0.612963 0.5 0.033333 0.088889
2 0.50463 0.491667 0.02963 0.083333
6 0.348611 0.756944 0.139815 0.211111
6 0.355093 0.557639 0.110185 0.1625
6 0.582407 0.880556 0.231481 0.219444
6 0.77037 0.731944 0.22037 0.219444
5 0.524537 0.698611 0.175 0.208333
9 0.321759 0.327778 0.089815 0.125
11 0.268519 0.454167 0.083333 0.166667
2 0.717593 0.602083 0.051852 0.084722
2 0.203241 0.316667 0.015741 0.044444
11 0.376852 0.408333 0.055556 0.097222
2 0.14537 0.264583 0.009259 0.029167
2 0.140278 0.296528 0.010185 0.031944
2 0.15787 0.259722 0.008333 0.030556
6 0.091667 0.288889 0.022222 0.038889
2 0.159722 0.3 0.010185 0.033333
2 0.418056 0.4125 0.019444 0.058333
2 0.428241 0.397917 0.021296 0.070833
2 0.449074 0.395139 0.018519 0.054167
2 0.440741 0.359722 0.016667 0.05
2 0.464352 0.429167 0.023148 0.063889
2 0.484259 0.451389 0.024074 0.063889
2 0.509259 0.425 0.018519 0.052778
2 0.520833 0.454167 0.023148 0.069444
2 0.548611 0.511111 0.037963 0.088889
2 0.568981 0.495833 0.023148 0.083333
2 0.51713 0.363889 0.013889 0.061111
0 0.886574 0.389583 0.012037 0.0625
0 0.90463 0.386111 0.012963 0.075
2 0.587037 0.439583 0.040741 0.0625
