0 0.975926 0.439583 0.024074 0.115278
2 0.237963 0.584028 0.046296 0.176389
2 0.531944 0.363194 0.056481 0.093056
2 0.805093 0.554167 0.052778 0.163889
2 0.329167 0.473611 0.037963 0.152778
2 0.458333 0.352778 0.027778 0.094444
2 0.353241 0.327778 0.025 0.094444
2 0.745833 0.411111 0.030556 0.105556
2 0.706481 0.440278 0.035185 0.125
2 0.25787 0.425 0.030556 0.119444
2 0.636111 0.378472 0.027778 0.095833
2 0.560185 0.299306 0.02037 0.073611
2 0.29213 0.327083 0.019444 0.0875
2 0.493981 0.304861 0.028704 0.076389
2 0.327778 0.275 0.018519 0.066667
2 0.542593 0.267361 0.018519 0.0625
2 0.625926 0.334722 0.025926 0.077778
2 0.616667 0.290972 0.024074 0.0625
2 0.525926 0.248611 0.016667 0.052778
2 0.470833 0.286806 0.025 0.068056
2 0.44537 0.269444 0.025926 0.066667
2 0.467593 0.230556 0.011111 0.05
2 0.508796 0.275694 0.019444 0.065278
2 0.398611 0.229167 0.017593 0.072222
2 0.281944 0.29375 0.019444 0.070833
2 0.288426 0.261111 0.017593 0.066667
2 0.356481 0.223611 0.012963 0.05
2 0.336111 0.220833 0.016667 0.047222
2 0.323611 0.21875 0.012037 0.048611
2 0.506944 0.206944 0.013889 0.047222
2 0.49537 0.238889 0.016667 0.05
6 0.55 0.211806 0.033333 0.045833
6 0.429167 0.186806 0.030556 0.043056
6 0.409722 0.158333 0.017593 0.033333
