2 0.644444 0.76875 0.057407 0.145833
2 0.472222 0.597222 0.051852 0.113889
2 0.239352 0.669444 0.032407 0.133333
2 0.746759 0.656944 0.056481 0.111111
2 0.353704 0.845833 0.048148 0.183333
2 0.431944 0.75625 0.049074 0.1625
2 0.772222 0.540278 0.053704 0.088889
2 0.282407 0.90625 0.05 0.156944
2 0.4375 0.909722 0.049074 0.152778
2 0.519444 0.914583 0.053704 0.145833
2 0.291204 0.802778 0.043519 0.133333
2 0.200926 0.615278 0.02963 0.108333
2 0.717593 0.835417 0.07037 0.118056
2 0.155093 0.549306 0.025 0.095833
2 0.453704 0.457639 0.033333 0.084722
2 0.425 0.386111 0.024074 0.077778
6 0.388426 0.611806 0.110185 0.151389
6 0.511111 0.559028 0.116667 0.126389
6 0.299537 0.525 0.073148 0.119444
6 0.714352 0.927778 0.212037 0.130556
6 0.281019 0.424306 0.067593 0.1125
6 0.364352 0.416667 0.058333 0.069444
6 0.231944 0.535417 0.063889 0.109722
6 0.203241 0.426389 0.050926 0.075
10 0.218519 0.320139 0.059259 0.1125
11 0.875463 0.815972 0.239815 0.345833
2 0.794907 0.640278 0.05463 0.108333
2 0.181481 0.553472 0.025926 0.101389
2 0.190278 0.458333 0.017593 0.063889
2 0.184259 0.497917 0.018519 0.0625
2 0.211574 0.469444 0.017593 0.055556
2 0.135648 0.524306 0.017593 0.093056
2 0.126389 0.482639 0.015741 0.068056
2 0.145833 0.454861 0.017593 0.068056
2 0.163426 0.415278 0.015741 0.063889
2 0.159722 0.490278 0.019444 0.072222
2 0.132407 0.427083 0.016667 0.065278
2 0.153241 0.393056 0.013889 0.055556
6 0.239352 0.384028 0.036111 0.068056
10 0.249537 0.282639 0.041667 0.070833
2 0.305556 0.3375 0.012963 0.05
2 0.390741 0.34375 0.012963 0.045833
2 0.401852 0.409028 0.022222 0.081944
2 0.366204 0.351389 0.017593 0.058333
2 0.573148 0.480556 0.031481 0.075
2 0.6 0.470833 0.022222 0.072222
2 0.599074 0.538889 0.031481 0.077778
0 0.624537 0.555556 0.025 0.1
2 0.633796 0.460417 0.043519 0.070833
1 0.836574 0.451389 0.013889 0.072222
