2 0.44213 0.573611 0.060185 0.108333
2 0.833796 0.728472 0.071296 0.143056
2 0.398611 0.877083 0.052778 0.204167
2 0.534722 0.721528 0.056481 0.143056
2 0.231019 0.651389 0.030556 0.152778
2 0.206019 0.540278 0.028704 0.102778
2 0.303241 0.867361 0.049074 0.184722
2 0.203704 0.460417 0.024074 0.076389
2 0.227778 0.344444 0.018519 0.063889
6 0.337963 0.640972 0.116667 0.206944
9 0.443981 0.429861 0.171296 0.240278
2 0.16713 0.31875 0.010185 0.040278
2 0.170833 0.347917 0.012037 0.0375
2 0.17037 0.3875 0.016667 0.055556
2 0.173611 0.254861 0.010185 0.029167
2 0.153241 0.310417 0.010185 0.043056
2 0.144444 0.272222 0.011111 0.033333
2 0.133333 0.264583 0.009259 0.031944
2 0.329167 0.5 0.025 0.077778
6 0.25463 0.269444 0.02963 0.044444
11 0.305093 0.313889 0.078704 0.119444
6 0.200926 0.236111 0.02037 0.030556
