2 0.175 0.522917 0.025926 0.098611
2 0.282407 0.442361 0.022222 0.076389
2 0.200463 0.379167 0.019444 0.069444
2 0.208333 0.507639 0.024074 0.090278
2 0.246296 0.481944 0.024074 0.102778
2 0.163889 0.457639 0.024074 0.090278
2 0.201852 0.466667 0.025926 0.094444
2 0.224537 0.48125 0.017593 0.079167
2 0.228704 0.415972 0.02037 0.048611
2 0.296296 0.281944 0.016667 0.047222
2 0.157407 0.34375 0.014815 0.048611
2 0.141667 0.320139 0.014815 0.045833
2 0.160185 0.29375 0.009259 0.029167
2 0.14213 0.288194 0.010185 0.026389
2 0.150463 0.26875 0.008333 0.020833
