2 0.350926 0.901389 0.064815 0.177778
2 0.190741 0.658333 0.037037 0.158333
2 0.231019 0.497917 0.025 0.090278
2 0.14213 0.479167 0.028704 0.088889
2 0.203241 0.527083 0.021296 0.070833
2 0.193056 0.490972 0.017593 0.068056
2 0.19213 0.440278 0.019444 0.066667
2 0.21713 0.417361 0.021296 0.054167
2 0.459259 0.390278 0.02037 0.052778
2 0.400463 0.381944 0.015741 0.052778
2 0.427315 0.381944 0.023148 0.047222
2 0.162037 0.429167 0.014815 0.063889
2 0.167593 0.397917 0.016667 0.056944
2 0.150463 0.339583 0.012037 0.043056
2 0.179167 0.322222 0.015741 0.05
2 0.164352 0.353472 0.013889 0.043056
2 0.146296 0.305556 0.007407 0.033333
2 0.156019 0.299306 0.012037 0.034722
2 0.140278 0.276389 0.010185 0.030556
2 0.148611 0.265972 0.008333 0.029167
2 0.386111 0.367361 0.014815 0.045833
2 0.606019 0.424306 0.025 0.045833
2 0.357407 0.329167 0.018519 0.044444
2 0.270833 0.277778 0.019444 0.033333
2 0.29213 0.297222 0.017593 0.063889
2 0.322685 0.303472 0.015741 0.040278
2 0.535185 0.646528 0.074074 0.115278
2 0.506019 0.59375 0.037963 0.098611
2 0.55463 0.6125 0.040741 0.097222
2 0.861111 0.475 0.024074 0.069444
5 0.427778 0.452778 0.083333 0.102778
6 0.589352 0.578472 0.119444 0.126389
6 0.803704 0.885417 0.227778 0.215278
6 0.300926 0.454861 0.072222 0.1125
6 0.271759 0.409028 0.052778 0.090278
6 0.226852 0.356944 0.05 0.069444
6 0.204167 0.313889 0.032407 0.05
6 0.193056 0.290972 0.023148 0.043056
6 0.237037 0.279167 0.031481 0.047222
6 0.26713 0.315278 0.028704 0.047222
6 0.310648 0.35 0.039815 0.05
6 0.3375 0.386111 0.058333 0.066667
6 0.497222 0.293056 0.037037 0.061111
