2 0.822685 0.459028 0.039815 0.084722
2 0.376389 0.765278 0.04537 0.177778
2 0.700463 0.565278 0.05463 0.097222
2 0.348148 0.860417 0.044444 0.179167
2 0.187037 0.596528 0.02963 0.115278
2 0.229167 0.686806 0.036111 0.140278
2 0.288889 0.663889 0.037037 0.138889
2 0.206481 0.486111 0.024074 0.088889
2 0.12963 0.495833 0.024074 0.088889
2 0.595833 0.485417 0.032407 0.070833
2 0.514815 0.440278 0.027778 0.083333
2 0.486111 0.459722 0.031481 0.086111
2 0.188426 0.355556 0.015741 0.05
2 0.377778 0.359028 0.02037 0.0625
2 0.690741 0.523611 0.038889 0.075
2 0.428241 0.404167 0.023148 0.072222
2 0.455556 0.438194 0.024074 0.079167
10 0.307407 0.486111 0.111111 0.227778
2 0.225 0.452778 0.02037 0.075
2 0.226852 0.399306 0.018519 0.056944
2 0.17037 0.319444 0.011111 0.038889
2 0.168056 0.288194 0.008333 0.026389
2 0.156481 0.3 0.009259 0.030556
2 0.13287 0.330556 0.012037 0.044444
2 0.14213 0.280556 0.012037 0.036111
2 0.156481 0.271528 0.011111 0.029167
2 0.206944 0.3125 0.013889 0.044444
6 0.193056 0.286806 0.028704 0.043056
2 0.406019 0.411111 0.021296 0.066667
2 0.39537 0.38125 0.014815 0.054167
2 0.408333 0.375 0.014815 0.052778
2 0.452778 0.394444 0.022222 0.055556
2 0.631019 0.459722 0.037963 0.061111
2 0.245833 0.290278 0.028704 0.036111
2 0.297685 0.320139 0.013889 0.0375
2 0.322222 0.334722 0.012963 0.047222
2 0.343056 0.345833 0.012037 0.047222
2 0.352315 0.340278 0.012037 0.036111
10 0.678704 0.897222 0.305556 0.188889
2 0.158333 0.359028 0.012963 0.051389
2 0.151852 0.377778 0.014815 0.052778
2 0.148148 0.315278 0.009259 0.047222
2 0.1875 0.320833 0.012037 0.041667
2 0.281019 0.270139 0.008333 0.031944
