botleft 0.196759 0.850694 0.117593 0.254167
2 0.186574 0.372222 0.043519 0.091667
2 0.899074 0.720833 0.077778 0.2
2 0.555556 0.273611 0.038889 0.069444
2 0.805093 0.801389 0.089815 0.222222
2 0.374537 0.440972 0.030556 0.123611
2 0.305556 0.420139 0.031481 0.126389
2 0.798611 0.455556 0.063889 0.125
2 0.347222 0.366667 0.025926 0.102778
2 0.298611 0.345139 0.025 0.076389
2 0.97037 0.627083 0.046296 0.145833
2 0.308796 0.260417 0.017593 0.065278
2 0.856019 0.377778 0.037963 0.080556
2 0.894907 0.58125 0.05463 0.118056
2 0.738426 0.4625 0.039815 0.083333
6 0.615741 0.592361 0.127778 0.181944
6 0.740741 0.588889 0.151852 0.186111
6 0.706944 0.409028 0.080556 0.1125
6 0.371296 0.244444 0.037037 0.055556
2 0.872222 0.329861 0.042593 0.073611
2 0.974074 0.353472 0.042593 0.079167
2 0.331481 0.271528 0.018519 0.0625
2 0.343056 0.310417 0.019444 0.051389
2 0.328704 0.215278 0.011111 0.044444
2 0.471759 0.179861 0.010185 0.034722
6 0.37963 0.197917 0.031481 0.051389
0 0.055093 0.402083 0.030556 0.104167
0 0.256481 0.258333 0.012963 0.055556
