2 0.940278 0.758333 0.084259 0.2
2 0.103241 0.875694 0.075 0.209722
2 0.184722 0.700694 0.04537 0.190278
2 0.093519 0.445833 0.057407 0.1
2 0.488889 0.317361 0.038889 0.079167
2 0.792593 0.591667 0.05 0.155556
2 0.224537 0.585417 0.041667 0.134722
2 0.169907 0.426389 0.065741 0.105556
2 0.24213 0.3375 0.023148 0.086111
2 0.699537 0.568056 0.047222 0.147222
2 0.7625 0.423611 0.028704 0.113889
2 0.328704 0.415972 0.02963 0.106944
2 0.221759 0.474306 0.032407 0.115278
2 0.290278 0.313194 0.021296 0.079167
2 0.306944 0.552083 0.041667 0.154167
2 0.42963 0.298611 0.022222 0.083333
2 0.268056 0.521528 0.036111 0.134722
2 0.72963 0.440972 0.027778 0.1125
2 0.672685 0.383333 0.026852 0.091667
2 0.622222 0.402778 0.042593 0.091667
2 0.295833 0.454861 0.034259 0.106944
2 0.723611 0.354167 0.043519 0.088889
2 0.264352 0.280556 0.017593 0.061111
2 0.549074 0.304861 0.02037 0.070833
6 0.556019 0.488194 0.125 0.173611
6 0.397222 0.717361 0.135185 0.301389
6 0.36713 0.259722 0.039815 0.058333
6 0.369907 0.195833 0.026852 0.041667
6 0.485185 0.168056 0.024074 0.036111
2 0.575463 0.365972 0.050926 0.081944
2 0.580556 0.3125 0.02963 0.077778
2 0.656019 0.354861 0.023148 0.0875
2 0.677315 0.322917 0.032407 0.081944
2 0.616204 0.33125 0.023148 0.0875
2 0.352315 0.3 0.034259 0.069444
2 0.45787 0.271528 0.021296 0.068056
2 0.510648 0.267361 0.015741 0.051389
2 0.4875 0.269444 0.017593 0.047222
2 0.552778 0.253472 0.018519 0.048611
2 0.646296 0.2875 0.02963 0.055556
2 0.623611 0.281944 0.023148 0.055556
2 0.288426 0.246528 0.013889 0.051389
2 0.3 0.226389 0.014815 0.044444
2 0.307407 0.204861 0.011111 0.0375
2 0.338426 0.191667 0.010185 0.038889
2 0.531481 0.245833 0.014815 0.047222
2 0.442593 0.256944 0.024074 0.05
0 0.4 0.239583 0.012963 0.054167
2 0.438889 0.197222 0.012963 0.038889
2 0.478241 0.231944 0.013889 0.05
2 0.515741 0.229167 0.012963 0.05
2 0.462963 0.206944 0.012963 0.038889
2 0.562037 0.245833 0.012963 0.05
2 0.540741 0.229861 0.012963 0.048611
2 0.066204 0.403472 0.05463 0.065278
