2 0.362037 0.724306 0.053704 0.143056
2 0.416667 0.863889 0.053704 0.191667
2 0.301852 0.898611 0.048148 0.175
2 0.260185 0.664583 0.042593 0.145833
2 0.17963 0.666667 0.033333 0.130556
2 0.32963 0.825 0.044444 0.172222
1 0.761574 0.4625 0.037963 0.083333
2 0.952315 0.496528 0.04537 0.0875
2 0.492593 0.429167 0.025926 0.069444
2 0.585185 0.434722 0.042593 0.075
2 0.249537 0.525 0.025 0.086111
2 0.171759 0.552778 0.026852 0.086111
2 0.330093 0.491667 0.025 0.094444
2 0.131019 0.531944 0.025 0.094444
2 0.22037 0.540278 0.025926 0.091667
6 0.383333 0.578472 0.103704 0.140278
6 0.209722 0.444444 0.05463 0.077778
2 0.190741 0.51875 0.022222 0.090278
2 0.167593 0.489583 0.018519 0.056944
2 0.210648 0.488889 0.017593 0.061111
2 0.119907 0.458333 0.013889 0.052778
2 0.151389 0.48125 0.013889 0.068056
2 0.09537 0.449306 0.016667 0.070833
6 0.271296 0.463194 0.057407 0.0875
2 0.233333 0.415278 0.014815 0.058333
6 0.188426 0.390278 0.039815 0.05
6 0.269907 0.411111 0.04537 0.058333
6 0.236574 0.381944 0.036111 0.052778
2 0.210185 0.380556 0.014815 0.05
6 0.226852 0.35625 0.038889 0.043056
2 0.300926 0.315972 0.009259 0.040278
2 0.137963 0.286806 0.009259 0.031944
2 0.141204 0.448611 0.013889 0.047222
