0 0.875926 0.453472 0.022222 0.093056
0 0.783796 0.470833 0.023148 0.080556
0 0.739815 0.461111 0.02037 0.072222
2 0.369444 0.526389 0.02963 0.105556
2 0.582407 0.478472 0.042593 0.070833
2 0.630556 0.456944 0.044444 0.075
2 0.194907 0.524306 0.025 0.081944
2 0.463889 0.41875 0.027778 0.073611
2 0.240741 0.504861 0.025926 0.093056
2 0.278241 0.500694 0.028704 0.098611
2 0.310648 0.495833 0.030556 0.102778
6 0.391667 0.394444 0.068519 0.077778
2 0.332407 0.4625 0.02037 0.083333
2 0.213426 0.497222 0.017593 0.083333
2 0.219444 0.463194 0.018519 0.065278
2 0.151389 0.513889 0.019444 0.086111
2 0.135185 0.502083 0.016667 0.081944
2 0.160185 0.484722 0.02037 0.075
2 0.128704 0.425 0.016667 0.069444
2 0.168056 0.44375 0.019444 0.056944
2 0.271759 0.278472 0.010185 0.034722
2 0.309722 0.304167 0.012037 0.038889
0 0.06713 0.558333 0.017593 0.091667
2 0.102778 0.4 0.012963 0.058333
2 0.133796 0.286806 0.010185 0.031944
2 0.233333 0.242361 0.011111 0.031944
2 0.18287 0.495833 0.015741 0.069444
6 0.217593 0.319444 0.035185 0.05
6 0.281481 0.441667 0.057407 0.069444
6 0.255093 0.409722 0.047222 0.077778
6 0.173611 0.322222 0.026852 0.038889
6 0.156944 0.299306 0.023148 0.034722
