2 0.837037 0.656944 0.057407 0.116667
2 0.642593 0.615278 0.048148 0.116667
2 0.370833 0.698611 0.037963 0.15
2 0.262037 0.827083 0.042593 0.168056
2 0.456944 0.609722 0.041667 0.119444
2 0.596759 0.55 0.039815 0.088889
2 0.948148 0.778472 0.083333 0.131944
2 0.275926 0.715972 0.038889 0.1375
2 0.520833 0.482639 0.032407 0.0875
2 0.392593 0.644444 0.038889 0.130556
2 0.366204 0.904861 0.052778 0.159722
2 0.162963 0.563889 0.027778 0.108333
2 0.417593 0.443056 0.031481 0.075
2 0.331019 0.550694 0.032407 0.106944
2 0.206019 0.711806 0.037963 0.1375
2 0.211111 0.625694 0.027778 0.0875
2 0.205556 0.565972 0.027778 0.0875
2 0.586111 0.436806 0.037037 0.0625
2 0.456944 0.418056 0.030556 0.069444
2 0.143056 0.402083 0.017593 0.068056
6 0.506944 0.880556 0.219444 0.219444
6 0.527778 0.761111 0.138889 0.205556
5 0.283333 0.581944 0.101852 0.166667
6 0.260648 0.39375 0.050926 0.079167
5 0.188889 0.415278 0.044444 0.075
2 0.243056 0.492361 0.023148 0.079167
2 0.391204 0.378472 0.015741 0.059722
2 0.375926 0.349306 0.016667 0.048611
2 0.213426 0.39375 0.015741 0.0625
2 0.19213 0.365278 0.013889 0.038889
2 0.167593 0.384028 0.012963 0.054167
2 0.160185 0.367361 0.011111 0.045833
2 0.127315 0.390972 0.013889 0.065278
2 0.126852 0.318056 0.011111 0.041667
2 0.136574 0.332639 0.012037 0.0375
6 0.160185 0.319444 0.031481 0.058333
2 0.178241 0.302778 0.010185 0.038889
6 0.224537 0.338889 0.036111 0.047222
6 0.206019 0.310417 0.028704 0.048611
2 0.261111 0.301389 0.009259 0.027778
11 0.242593 0.260417 0.031481 0.048611
2 0.276852 0.317361 0.011111 0.0375
2 0.291204 0.31875 0.012037 0.0375
2 0.306944 0.324306 0.012037 0.0375
2 0.319444 0.322222 0.011111 0.038889
2 0.34213 0.334028 0.012037 0.034722
2 0.400463 0.334028 0.017593 0.043056
2 0.912963 0.485417 0.05 0.076389
