2 0.316667 0.313194 0.022222 0.0875
2 0.183333 0.55625 0.037037 0.154167
2 0.656019 0.46875 0.037963 0.1375
2 0.496759 0.307639 0.039815 0.079167
2 0.624074 0.411111 0.025926 0.097222
2 0.701852 0.463889 0.038889 0.127778
2 0.826389 0.409028 0.032407 0.109722
2 0.616204 0.352083 0.026852 0.084722
2 0.049074 0.44375 0.061111 0.098611
2 0.565741 0.340972 0.024074 0.084722
2 0.591204 0.319444 0.021296 0.077778
2 0.528241 0.256944 0.017593 0.066667
2 0.917593 0.363194 0.040741 0.084722
2 0.951389 0.324306 0.023148 0.068056
2 0.959259 0.898611 0.068519 0.186111
6 0.413426 0.259028 0.052778 0.068056
6 0.489352 0.224306 0.043519 0.051389
2 0.697222 0.365278 0.02963 0.088889
2 0.380093 0.228472 0.015741 0.048611
2 0.324537 0.236111 0.012037 0.05
2 0.330556 0.211806 0.011111 0.040278
2 0.431481 0.180556 0.009259 0.036111
2 0.44213 0.23125 0.012037 0.045833
2 0.4875 0.247917 0.015741 0.054167
2 0.968981 0.6875 0.050926 0.177778
6 0.364352 0.172222 0.026852 0.047222
6 0.466667 0.180556 0.025926 0.036111
2 0.449074 0.188194 0.009259 0.034722
0 0.171296 0.347222 0.018519 0.077778
