2 0.788426 0.472917 0.04537 0.131944
2 0.609722 0.303472 0.023148 0.079167
2 0.220833 0.56875 0.043519 0.198611
2 0.291667 0.427778 0.027778 0.119444
2 0.312963 0.320833 0.022222 0.086111
2 0.39213 0.468056 0.032407 0.138889
2 0.257407 0.349306 0.024074 0.090278
2 0.343519 0.488889 0.035185 0.144444
2 0.525926 0.241667 0.02037 0.058333
2 0.500926 0.225694 0.018519 0.051389
12 0.443056 0.176389 0.056481 0.105556
6 0.377315 0.213194 0.034259 0.059722
6 0.4875 0.170833 0.032407 0.047222
2 0.159722 0.38125 0.039815 0.106944
2 0.32963 0.235417 0.012963 0.051389
2 0.313426 0.225694 0.013889 0.048611
2 0.29213 0.214583 0.013889 0.043056
2 0.340278 0.209028 0.010185 0.034722
2 0.330093 0.191667 0.010185 0.033333
6 0.374074 0.173611 0.025926 0.033333
6 0.368519 0.140972 0.02037 0.029167
6 0.407407 0.149306 0.016667 0.026389
