2 0.166667 0.722222 0.057407 0.2
2 0.765278 0.6 0.050926 0.169444
2 0.121296 0.419444 0.066667 0.105556
2 0.207407 0.370139 0.048148 0.090278
2 0.279167 0.491667 0.034259 0.133333
2 0.433796 0.363194 0.052778 0.0875
2 0.345833 0.366667 0.025 0.097222
2 0.224074 0.884722 0.07037 0.2
2 0.288889 0.389583 0.025926 0.095833
2 0.868056 0.534722 0.043519 0.113889
2 0.593981 0.369444 0.025 0.094444
2 0.678704 0.309722 0.05 0.080556
2 0.978704 0.360417 0.02963 0.073611
2 0.959259 0.870833 0.07037 0.211111
2 0.860648 0.460417 0.034259 0.098611
2 0.339352 0.283333 0.019444 0.066667
2 0.294444 0.318056 0.022222 0.072222
2 0.863426 0.396528 0.030556 0.073611
1 0.643519 0.36875 0.024074 0.101389
6 0.849074 0.898611 0.262963 0.175
6 0.54537 0.395833 0.07963 0.113889
6 0.482407 0.289583 0.046296 0.070833
2 0.901389 0.373611 0.034259 0.083333
2 0.066667 0.4 0.061111 0.069444
2 0.24213 0.283333 0.023148 0.069444
2 0.582407 0.284028 0.040741 0.068056
2 0.581481 0.333333 0.02037 0.063889
2 0.545833 0.249306 0.019444 0.059722
2 0.441667 0.302778 0.024074 0.072222
2 0.425 0.270139 0.016667 0.056944
2 0.447222 0.25625 0.025926 0.054167
2 0.515278 0.218056 0.015741 0.052778
2 0.392593 0.24375 0.022222 0.054167
2 0.370833 0.252778 0.017593 0.058333
2 0.351852 0.240278 0.012963 0.05
2 0.309722 0.238889 0.013889 0.047222
2 0.293056 0.263889 0.015741 0.061111
2 0.45 0.191667 0.011111 0.036111
2 0.474074 0.186806 0.011111 0.034722
6 0.369907 0.204167 0.030556 0.05
6 0.893981 0.3375 0.099074 0.072222
