2 0.398611 0.570833 0.050926 0.102778
2 0.318981 0.577778 0.030556 0.108333
2 0.4125 0.406944 0.025 0.072222
2 0.5875 0.436111 0.043519 0.072222
2 0.37963 0.691667 0.075926 0.116667
2 0.202778 0.522917 0.025926 0.095833
2 0.428241 0.379861 0.019444 0.0625
5 0.275926 0.315278 0.038889 0.05
6 0.272222 0.405556 0.051852 0.083333
6 0.234722 0.365972 0.039815 0.056944
2 0.284259 0.474306 0.018519 0.079167
2 0.262037 0.488194 0.018519 0.079167
2 0.252315 0.45 0.015741 0.069444
2 0.226389 0.505556 0.019444 0.080556
2 0.235648 0.477083 0.015741 0.059722
2 0.235648 0.435417 0.017593 0.048611
2 0.156019 0.536806 0.021296 0.081944
2 0.186111 0.498611 0.016667 0.072222
2 0.134259 0.511111 0.014815 0.080556
2 0.143981 0.486111 0.017593 0.061111
2 0.14537 0.429167 0.014815 0.061111
2 0.187037 0.350694 0.012963 0.045833
2 0.124537 0.361111 0.013889 0.047222
6 0.195833 0.305556 0.028704 0.047222
2 0.313889 0.30625 0.011111 0.0375
2 0.308796 0.494444 0.017593 0.075
2 0.314815 0.476389 0.02037 0.080556
2 0.103241 0.449306 0.015741 0.070833
2 0.165741 0.472222 0.016667 0.063889
2 0.149074 0.354167 0.014815 0.041667
