2 0.352778 0.548611 0.02963 0.108333
2 0.392593 0.547917 0.038889 0.115278
2 0.631019 0.457639 0.043519 0.079167
2 0.291667 0.534722 0.027778 0.1
2 0.255556 0.526389 0.025926 0.094444
2 0.448148 0.391667 0.024074 0.063889
2 0.102778 0.534722 0.027778 0.111111
2 0.371759 0.354167 0.021296 0.072222
2 0.146296 0.497917 0.027778 0.098611
2 0.056481 0.497917 0.024074 0.0875
2 0.173611 0.504861 0.025 0.095833
2 0.199074 0.509028 0.02037 0.084722
2 0.228241 0.503472 0.019444 0.079167
2 0.17963 0.470833 0.014815 0.061111
2 0.128241 0.466667 0.017593 0.069444
2 0.151389 0.417361 0.013889 0.056944
2 0.168981 0.44375 0.013889 0.048611
2 0.235185 0.4125 0.018519 0.055556
2 0.126389 0.290972 0.010185 0.040278
2 0.313426 0.330556 0.015741 0.047222
2 0.322222 0.300694 0.012963 0.0375
2 0.238426 0.470139 0.015741 0.0625
6 0.206019 0.417361 0.043519 0.059722
6 0.278241 0.457639 0.060185 0.101389
11 0.263426 0.361111 0.060185 0.097222
6 0.169907 0.334722 0.032407 0.047222
2 0.143056 0.332639 0.010185 0.0375
10 0.212037 0.310417 0.05 0.070833
2 0.153241 0.240972 0.008333 0.026389
6 0.175 0.265278 0.016667 0.033333
6 0.222222 0.261111 0.025926 0.033333
2 0.284722 0.291667 0.010185 0.036111
2 0.292593 0.280556 0.009259 0.033333
2 0.131481 0.327778 0.011111 0.044444
2 0.162037 0.395139 0.012963 0.051389
0 0.506019 0.326389 0.013889 0.061111
0 0.488426 0.325 0.013889 0.055556
6 0.925 0.775694 0.135185 0.154167
2 0.113889 0.435417 0.014815 0.0625
