2 0.458333 0.628472 0.05 0.145833
2 0.280093 0.620833 0.032407 0.127778
2 0.3125 0.572222 0.037963 0.122222
2 0.368519 0.53125 0.033333 0.104167
2 0.588426 0.436111 0.041667 0.066667
2 0.226389 0.661806 0.032407 0.126389
2 0.383333 0.364583 0.02037 0.0625
2 0.150926 0.561806 0.025926 0.095833
2 0.174537 0.525694 0.023148 0.084722
6 0.281944 0.460417 0.060185 0.095833
2 0.237037 0.593056 0.024074 0.108333
2 0.243981 0.525694 0.023148 0.081944
2 0.213889 0.542361 0.024074 0.090278
2 0.21713 0.495139 0.021296 0.065278
2 0.062963 0.553472 0.031481 0.084722
2 0.071759 0.494444 0.019444 0.063889
2 0.130556 0.518056 0.016667 0.083333
2 0.14537 0.490972 0.018519 0.073611
2 0.160185 0.477083 0.018519 0.0625
2 0.182407 0.456944 0.02037 0.069444
6 0.203241 0.433333 0.043519 0.077778
6 0.251389 0.40625 0.047222 0.079167
6 0.189352 0.390278 0.037963 0.058333
6 0.177778 0.361111 0.037037 0.066667
2 0.134722 0.296528 0.010185 0.034722
6 0.199537 0.3125 0.026852 0.038889
2 0.272222 0.276389 0.009259 0.027778
2 0.312037 0.308333 0.011111 0.033333
2 0.156944 0.404167 0.012037 0.05
