2 0.205093 0.741667 0.086111 0.130556
2 0.383333 0.411111 0.027778 0.091667
2 0.422222 0.393056 0.022222 0.066667
2 0.498611 0.431944 0.034259 0.075
2 0.588889 0.436111 0.042593 0.066667
2 0.143519 0.525 0.025926 0.102778
2 0.209259 0.55 0.033333 0.113889
2 0.183333 0.515972 0.024074 0.095833
6 0.308796 0.473611 0.060185 0.1
6 0.277315 0.426389 0.04537 0.080556
11 0.223611 0.438194 0.069444 0.215278
2 0.172685 0.471528 0.017593 0.0625
2 0.124074 0.452083 0.011111 0.065278
2 0.126389 0.411806 0.010185 0.045833
2 0.133796 0.388194 0.012037 0.051389
2 0.142593 0.357639 0.011111 0.045833
6 0.259259 0.395833 0.02963 0.069444
6 0.236574 0.275 0.023148 0.036111
6 0.181481 0.395139 0.022222 0.079167
2 0.155556 0.331944 0.011111 0.041667
6 0.200926 0.314583 0.033333 0.040278
2 0.168981 0.306944 0.008333 0.038889
2 0.133796 0.331944 0.010185 0.041667
2 0.111111 0.322917 0.011111 0.040278
6 0.192593 0.28125 0.025926 0.040278
2 0.300463 0.307639 0.012037 0.040278
2 0.280093 0.280556 0.008333 0.030556
2 0.269907 0.288889 0.010185 0.033333
