2 0.552778 0.670833 0.059259 0.136111
2 0.596296 0.508333 0.040741 0.088889
2 0.365741 0.605556 0.051852 0.138889
2 0.677778 0.502778 0.040741 0.075
2 0.652778 0.556944 0.040741 0.080556
2 0.397685 0.375694 0.023148 0.068056
2 0.277315 0.595139 0.030556 0.120833
2 0.24213 0.529167 0.026852 0.091667
2 0.305556 0.535417 0.031481 0.104167
2 0.149074 0.567361 0.025926 0.095833
2 0.1875 0.577778 0.032407 0.102778
2 0.113426 0.568056 0.025 0.088889
6 0.212037 0.444444 0.051852 0.083333
6 0.190278 0.384722 0.050926 0.066667
10 0.268981 0.414583 0.065741 0.129167
2 0.301389 0.296528 0.010185 0.034722
2 0.252315 0.251389 0.010185 0.030556
2 0.148611 0.315972 0.013889 0.043056
2 0.1625 0.35625 0.019444 0.045833
2 0.196759 0.509028 0.023148 0.081944
2 0.129167 0.521528 0.017593 0.095833
2 0.143056 0.375694 0.015741 0.056944
2 0.161111 0.513889 0.025926 0.069444
2 0.743056 0.479861 0.037963 0.079167
0 0.714815 0.490972 0.02037 0.081944
11 0.223611 0.339583 0.065741 0.098611
6 0.197222 0.296528 0.022222 0.045833
6 0.182407 0.285417 0.02037 0.043056
6 0.176852 0.271528 0.022222 0.040278
6 0.168981 0.255556 0.023148 0.033333
2 0.115278 0.39375 0.017593 0.051389
