2 0.271759 0.391667 0.026852 0.102778
2 0.207407 0.444444 0.035185 0.136111
2 0.244907 0.475 0.034259 0.138889
2 0.514352 0.298611 0.036111 0.077778
2 0.44213 0.295833 0.023148 0.077778
2 0.618056 0.408333 0.036111 0.125
2 0.570833 0.31875 0.039815 0.076389
2 0.55787 0.265972 0.032407 0.056944
6 0.153704 0.85 0.225926 0.283333
6 0.649074 0.31875 0.140741 0.090278
6 0.424074 0.246528 0.085185 0.070833
11 0.8 0.65 0.353704 0.647222
11 0.827778 0.321528 0.122222 0.126389
2 0.027778 0.492361 0.033333 0.081944
2 0.052778 0.404167 0.061111 0.091667
2 0.120833 0.403472 0.063889 0.106944
2 0.506481 0.223611 0.016667 0.052778
2 0.476852 0.194444 0.012963 0.047222
2 0.45463 0.168056 0.012963 0.038889
2 0.328241 0.198611 0.015741 0.05
2 0.352778 0.163194 0.012963 0.0375
2 0.975 0.632639 0.033333 0.170833
6 0.551389 0.211111 0.036111 0.05
6 0.411574 0.163194 0.021296 0.034722
