2 0.75787 0.684028 0.05463 0.131944
2 0.15 0.465278 0.022222 0.083333
2 0.451852 0.55625 0.064815 0.101389
2 0.468981 0.475694 0.028704 0.0875
2 0.281019 0.401389 0.019444 0.072222
2 0.428241 0.398611 0.028704 0.077778
2 0.552315 0.452778 0.025 0.075
2 0.352315 0.356944 0.023148 0.069444
2 0.524537 0.467361 0.026852 0.079167
2 0.299074 0.304167 0.018519 0.05
6 0.366667 0.750694 0.144444 0.234722
5 0.640741 0.880556 0.218519 0.216667
6 0.245833 0.563194 0.075 0.134722
6 0.342593 0.529167 0.098148 0.158333
6 0.223148 0.354167 0.042593 0.069444
6 0.196296 0.431944 0.05 0.083333
6 0.509259 0.936806 0.174074 0.104167
2 0.509722 0.429167 0.021296 0.069444
2 0.151389 0.335417 0.015741 0.051389
2 0.147222 0.265972 0.011111 0.0375
2 0.166204 0.236111 0.008333 0.025
6 0.190741 0.300694 0.037037 0.059722
2 0.387963 0.300694 0.024074 0.0375
2 0.706481 0.386111 0.022222 0.055556
