2 0.418519 0.4625 0.074074 0.127778
2 0.109259 0.646528 0.044444 0.176389
2 0.186574 0.788194 0.050926 0.229167
2 0.81713 0.755556 0.075 0.211111
2 0.75463 0.599306 0.05 0.156944
2 0.189815 0.414583 0.062963 0.104167
2 0.832407 0.595833 0.055556 0.144444
2 0.261574 0.385417 0.026852 0.098611
2 0.447222 0.320139 0.025926 0.0875
2 0.858333 0.467361 0.040741 0.131944
2 0.666667 0.334028 0.025926 0.081944
2 0.302778 0.370139 0.024074 0.0875
2 0.336111 0.340972 0.022222 0.0875
2 0.703704 0.477083 0.037037 0.115278
2 0.763426 0.450694 0.037963 0.118056
2 0.625 0.35 0.027778 0.088889
2 0.702778 0.406944 0.035185 0.086111
2 0.308796 0.310417 0.023148 0.0625
2 0.581944 0.311806 0.023148 0.065278
6 0.30463 0.523611 0.094444 0.2
6 0.488426 0.269444 0.052778 0.080556
11 0.587037 0.452083 0.135185 0.229167
2 0.554167 0.311111 0.025 0.061111
2 0.596759 0.295833 0.021296 0.072222
2 0.564352 0.266667 0.025 0.05
2 0.540741 0.255556 0.016667 0.055556
2 0.421759 0.276389 0.025 0.066667
2 0.517593 0.25625 0.016667 0.0625
2 0.363426 0.190278 0.012037 0.044444
2 0.380093 0.188889 0.013889 0.05
2 0.311574 0.245139 0.012037 0.051389
2 0.325 0.202083 0.012963 0.051389
2 0.30463 0.196528 0.012963 0.048611
1 0.695833 0.298611 0.036111 0.066667
6 0.550926 0.207639 0.031481 0.043056
11 0.429167 0.170139 0.034259 0.068056
