2 0.236574 0.725 0.060185 0.236111
2 0.605556 0.326389 0.024074 0.091667
2 0.339815 0.328472 0.042593 0.081944
2 0.268056 0.360417 0.025 0.090278
2 0.69537 0.419444 0.035185 0.119444
2 0.124074 0.415278 0.055556 0.088889
2 0.561111 0.313194 0.02037 0.081944
2 0.845833 0.455556 0.04537 0.133333
2 0.911574 0.4375 0.032407 0.108333
0 0.04537 0.5125 0.031481 0.116667
0 0.081481 0.504861 0.02037 0.0875
6 0.939352 0.802778 0.110185 0.277778
2 0.866667 0.388194 0.025926 0.090278
2 0.850926 0.490972 0.038889 0.1125
2 0.043519 0.413889 0.07037 0.091667
2 0.396759 0.240278 0.015741 0.055556
2 0.356019 0.219444 0.010185 0.055556
2 0.373611 0.201389 0.012037 0.05
2 0.339352 0.220139 0.012037 0.051389
2 0.387963 0.195833 0.011111 0.041667
2 0.438889 0.192361 0.012963 0.043056
2 0.45 0.179861 0.011111 0.040278
2 0.469907 0.180556 0.012037 0.036111
2 0.495833 0.198611 0.013889 0.041667
2 0.940741 0.453472 0.031481 0.1125
6 0.902315 0.340278 0.076852 0.077778
