2 0.922685 0.561806 0.058333 0.095833
2 0.322685 0.86875 0.041667 0.156944
2 0.730556 0.475694 0.040741 0.084722
2 0.243056 0.725694 0.039815 0.140278
2 0.449074 0.389583 0.024074 0.0625
2 0.188889 0.65625 0.027778 0.118056
2 0.676852 0.531944 0.040741 0.077778
2 0.418981 0.905556 0.052778 0.158333
2 0.401389 0.413889 0.021296 0.063889
2 0.244444 0.65625 0.035185 0.106944
6 0.586111 0.677083 0.203704 0.209722
6 0.346296 0.690278 0.137037 0.197222
6 0.32963 0.520833 0.077778 0.116667
6 0.548148 0.907639 0.216667 0.170833
6 0.621296 0.567361 0.096296 0.098611
11 0.252315 0.532639 0.091667 0.206944
2 0.214815 0.620139 0.022222 0.109722
2 0.150463 0.589583 0.023148 0.106944
2 0.130093 0.545833 0.023148 0.094444
2 0.151852 0.504167 0.018519 0.072222
2 0.121759 0.465278 0.017593 0.075
2 0.150463 0.446528 0.015741 0.065278
2 0.13287 0.480556 0.015741 0.069444
2 0.12037 0.409722 0.016667 0.055556
2 0.188426 0.570833 0.021296 0.069444
2 0.197222 0.541667 0.02037 0.072222
2 0.178241 0.53125 0.017593 0.076389
2 0.287963 0.468056 0.014815 0.069444
2 0.253704 0.394444 0.016667 0.061111
6 0.284259 0.432639 0.048148 0.070833
2 0.175463 0.444444 0.015741 0.061111
2 0.215278 0.365972 0.012037 0.051389
2 0.204167 0.403472 0.012037 0.045833
6 0.205556 0.461111 0.02963 0.075
10 0.282407 0.304861 0.068519 0.098611
2 0.230556 0.408333 0.014815 0.036111
2 0.15 0.410417 0.018519 0.043056
2 0.136574 0.357639 0.013889 0.048611
2 0.184259 0.394444 0.014815 0.05
2 0.168981 0.404167 0.013889 0.05
11 0.219444 0.304861 0.040741 0.081944
2 0.181944 0.356944 0.013889 0.036111
2 0.156019 0.355556 0.012037 0.05
2 0.143056 0.319444 0.010185 0.036111
2 0.326852 0.325694 0.009259 0.043056
2 0.348148 0.357639 0.012963 0.048611
2 0.362963 0.370833 0.012963 0.052778
2 0.389815 0.331944 0.016667 0.036111
2 0.392593 0.368056 0.012963 0.044444
2 0.416667 0.402778 0.014815 0.063889
2 0.604167 0.491667 0.026852 0.058333
2 0.580093 0.477083 0.028704 0.070833
2 0.587963 0.435417 0.035185 0.051389
0 0.976389 0.480556 0.019444 0.069444
2 0.764352 0.447222 0.034259 0.05
