2 0.139815 0.377778 0.016667 0.066667
2 0.163889 0.3375 0.012963 0.047222
2 0.156019 0.311806 0.012037 0.043056
2 0.188889 0.415278 0.016667 0.063889
2 0.165741 0.4375 0.016667 0.077778
2 0.368056 0.332639 0.013889 0.045833
2 0.406481 0.381944 0.018519 0.052778
2 0.438426 0.384028 0.021296 0.043056
2 0.331481 0.31875 0.014815 0.043056
2 0.599537 0.511111 0.034259 0.088889
2 0.680093 0.539583 0.039815 0.093056
2 0.260185 0.261111 0.014815 0.041667
6 0.460648 0.440972 0.080556 0.093056
6 0.548148 0.566667 0.12037 0.130556
6 0.473148 0.701389 0.144444 0.186111
6 0.418056 0.894444 0.182407 0.194444
6 0.644907 0.94375 0.162037 0.084722
6 0.849074 0.872917 0.246296 0.240278
6 0.315278 0.497917 0.069444 0.106944
6 0.2375 0.388889 0.052778 0.086111
11 0.291667 0.309722 0.064815 0.111111
