2 0.278241 0.370833 0.025 0.105556
2 0.6 0.336806 0.025926 0.090278
2 0.545833 0.245139 0.019444 0.054167
11 0.482407 0.284028 0.068519 0.140278
0 0.049537 0.43125 0.025 0.045833
0 0.978704 0.509722 0.033333 0.075
0 0.246296 0.256944 0.016667 0.036111
2 0.100463 0.428472 0.069444 0.098611
2 0.485648 0.201389 0.012037 0.036111
2 0.496296 0.194444 0.009259 0.036111
2 0.476389 0.167361 0.010185 0.029167
2 0.364352 0.166667 0.008333 0.030556
2 0.342593 0.184028 0.012963 0.034722
2 0.323611 0.185417 0.008333 0.023611
6 0.290741 0.209722 0.031481 0.047222
6 0.311574 0.165278 0.021296 0.033333
6 0.369444 0.140972 0.02037 0.034722
12 0.423148 0.153472 0.038889 0.090278
