2 0.839815 0.833333 0.062963 0.161111
2 0.705556 0.573611 0.053704 0.088889
2 0.893519 0.511806 0.046296 0.084722
2 0.921759 0.668056 0.071296 0.116667
2 0.702778 0.448611 0.035185 0.069444
2 0.371759 0.503472 0.026852 0.098611
2 0.425 0.463194 0.024074 0.081944
2 0.411574 0.423611 0.023148 0.072222
2 0.138426 0.522917 0.017593 0.081944
6 0.290278 0.470833 0.069444 0.102778
6 0.214352 0.449306 0.058333 0.1125
5 0.358796 0.375694 0.062037 0.073611
6 0.238889 0.3625 0.042593 0.066667
6 0.276389 0.3125 0.039815 0.05
2 0.235185 0.424306 0.018519 0.056944
6 0.269444 0.405556 0.053704 0.077778
2 0.316667 0.44375 0.016667 0.0625
2 0.177315 0.328472 0.012037 0.043056
2 0.138889 0.340278 0.011111 0.038889
2 0.164815 0.394444 0.012963 0.055556
2 0.15463 0.497917 0.016667 0.068056
2 0.133333 0.426389 0.016667 0.058333
2 0.143981 0.391667 0.017593 0.055556
2 0.134259 0.467361 0.016667 0.056944
2 0.171296 0.5125 0.016667 0.069444
2 0.193056 0.509722 0.017593 0.077778
2 0.179167 0.495139 0.015741 0.065278
2 0.177778 0.420833 0.014815 0.058333
2 0.330556 0.31875 0.011111 0.043056
2 0.315741 0.302778 0.011111 0.038889
5 0.235648 0.277083 0.026852 0.040278
2 0.149074 0.3 0.009259 0.038889
6 0.188889 0.289583 0.025926 0.0375
6 0.173611 0.264583 0.021296 0.031944
2 0.161111 0.305556 0.009259 0.038889
2 0.303241 0.296528 0.008333 0.029167
6 0.204167 0.245139 0.017593 0.023611
2 0.282407 0.282639 0.009259 0.023611
