2 0.5625 0.317361 0.023148 0.076389
2 0.302315 0.270139 0.017593 0.068056
2 0.137037 0.790972 0.061111 0.240278
2 0.341204 0.282639 0.017593 0.068056
2 0.496296 0.245139 0.02037 0.054167
3 0.072685 0.593056 0.071296 0.180556
6 0.355556 0.770139 0.153704 0.415278
6 0.290278 0.202778 0.032407 0.044444
12 0.764815 0.628472 0.45 0.718056
6 0.338426 0.158333 0.023148 0.030556
2 0.335185 0.225694 0.014815 0.0625
2 0.526852 0.227083 0.011111 0.045833
2 0.473148 0.171528 0.012963 0.043056
2 0.450463 0.165972 0.012037 0.0375
1 0.553241 0.236806 0.013889 0.045833
12 0.416204 0.145139 0.037963 0.079167
