2 0.941204 0.807639 0.075 0.151389
2 0.678241 0.527083 0.043519 0.084722
2 0.708333 0.620139 0.048148 0.106944
2 0.267593 0.845139 0.044444 0.176389
2 0.597222 0.552778 0.035185 0.102778
2 0.418056 0.875 0.052778 0.172222
2 0.356944 0.891667 0.056481 0.180556
2 0.383333 0.618056 0.042593 0.122222
2 0.259259 0.700694 0.038889 0.131944
2 0.40463 0.411111 0.024074 0.072222
2 0.191204 0.635417 0.025 0.109722
2 0.658796 0.460417 0.043519 0.068056
2 0.33287 0.674306 0.037963 0.120833
2 0.407407 0.758333 0.046296 0.119444
2 0.342593 0.778472 0.040741 0.118056
2 0.40787 0.552083 0.030556 0.098611
2 0.42963 0.378472 0.022222 0.0625
2 0.311111 0.597222 0.035185 0.125
2 0.153704 0.547222 0.018519 0.088889
2 0.196759 0.561111 0.025 0.088889
2 0.243519 0.604167 0.027778 0.088889
2 0.25463 0.58125 0.02963 0.104167
6 0.2375 0.368056 0.049074 0.058333
6 0.212963 0.438194 0.057407 0.101389
6 0.273611 0.434028 0.056481 0.081944
11 0.510648 0.710417 0.193519 0.356944
2 0.291667 0.535417 0.027778 0.090278
2 0.273611 0.502083 0.026852 0.070833
2 0.239352 0.525694 0.023148 0.084722
2 0.196759 0.504167 0.019444 0.058333
2 0.150463 0.479167 0.019444 0.077778
2 0.164815 0.45625 0.014815 0.065278
2 0.147685 0.414583 0.015741 0.054167
2 0.137963 0.394444 0.011111 0.055556
2 0.197222 0.332639 0.011111 0.0375
2 0.125 0.363889 0.012963 0.058333
2 0.136111 0.352778 0.011111 0.038889
6 0.181019 0.392361 0.039815 0.056944
2 0.191667 0.300694 0.009259 0.034722
2 0.175 0.3125 0.011111 0.041667
2 0.149537 0.302083 0.008333 0.034722
6 0.248611 0.252778 0.025 0.033333
2 0.173148 0.28125 0.009259 0.026389
6 0.164352 0.361111 0.032407 0.05
0 0.652778 0.4 0.014815 0.061111
0 0.639815 0.4 0.011111 0.061111
0 0.839352 0.436806 0.015741 0.093056
2 0.133796 0.327778 0.010185 0.030556
2 0.138889 0.280556 0.005556 0.027778
2 0.164352 0.275 0.006481 0.030556
