2 0.559722 0.647917 0.067593 0.131944
2 0.881481 0.570833 0.064815 0.1
2 0.348148 0.811111 0.042593 0.177778
2 0.226389 0.699306 0.037963 0.134722
2 0.198611 0.610417 0.030556 0.115278
2 0.282407 0.717361 0.037037 0.145833
2 0.286574 0.586806 0.028704 0.1125
2 0.491667 0.564583 0.048148 0.101389
2 0.247222 0.511111 0.027778 0.1
2 0.323611 0.675694 0.034259 0.129167
2 0.789352 0.546528 0.056481 0.0875
2 0.148148 0.45625 0.018519 0.084722
2 0.452315 0.924306 0.069444 0.131944
2 0.449074 0.550694 0.046296 0.093056
2 0.377315 0.351389 0.021296 0.058333
2 0.475926 0.426389 0.025926 0.061111
2 0.698148 0.588889 0.046296 0.077778
2 0.318056 0.919444 0.049074 0.138889
2 0.2125 0.542361 0.026852 0.101389
2 0.551389 0.454861 0.032407 0.070833
6 0.748148 0.709028 0.175926 0.176389
6 0.348148 0.556944 0.088889 0.136111
6 0.396296 0.428472 0.068519 0.076389
6 0.613426 0.892361 0.234259 0.195833
6 0.255556 0.415972 0.05 0.076389
6 0.473148 0.492361 0.094444 0.081944
6 0.301389 0.3125 0.032407 0.044444
6 0.231944 0.371528 0.04537 0.068056
2 0.124537 0.395833 0.013889 0.058333
2 0.186574 0.386806 0.012037 0.054167
2 0.177315 0.398611 0.013889 0.061111
2 0.166667 0.389583 0.011111 0.054167
6 0.171759 0.328472 0.028704 0.045833
2 0.152315 0.370139 0.012037 0.043056
6 0.211574 0.318056 0.026852 0.044444
2 0.343056 0.336806 0.012037 0.045833
6 0.2625 0.288194 0.023148 0.040278
6 0.238426 0.277083 0.021296 0.034722
2 0.141204 0.35 0.012037 0.041667
2 0.171296 0.300694 0.007407 0.023611
2 0.156019 0.347222 0.010185 0.038889
2 0.188426 0.302778 0.010185 0.033333
2 0.399074 0.344444 0.012963 0.041667
2 0.589352 0.440278 0.043519 0.063889
