2 0.398611 0.641667 0.037963 0.133333
2 0.325 0.615972 0.033333 0.131944
2 0.268981 0.595139 0.032407 0.115278
2 0.190741 0.559028 0.027778 0.106944
2 0.268519 0.492361 0.025926 0.093056
2 0.223148 0.552778 0.027778 0.105556
2 0.178704 0.372222 0.02037 0.072222
6 0.256019 0.394444 0.047222 0.075
2 0.141204 0.297917 0.010185 0.0375
2 0.165741 0.315278 0.009259 0.038889
2 0.155556 0.280556 0.007407 0.030556
2 0.165278 0.283333 0.008333 0.033333
6 0.208333 0.242361 0.02037 0.031944
2 0.138426 0.243056 0.008333 0.025
