2 0.914815 0.828472 0.075926 0.154167
2 0.384722 0.361806 0.021296 0.059722
2 0.228241 0.563889 0.025 0.088889
2 0.836574 0.477778 0.049074 0.077778
2 0.240278 0.486111 0.025 0.091667
2 0.12963 0.495833 0.022222 0.086111
2 0.162963 0.49375 0.022222 0.084722
2 0.148148 0.473611 0.022222 0.072222
2 0.214352 0.515972 0.017593 0.076389
2 0.201389 0.494444 0.019444 0.075
2 0.199537 0.443056 0.019444 0.066667
2 0.1875 0.480556 0.017593 0.075
2 0.160648 0.345833 0.017593 0.052778
2 0.142593 0.324306 0.011111 0.051389
2 0.138889 0.275 0.012963 0.033333
2 0.153241 0.290278 0.012037 0.033333
2 0.387963 0.300694 0.025926 0.034722
2 0.250463 0.257639 0.008333 0.020833
6 0.178704 0.268056 0.02963 0.038889
6 0.202315 0.3125 0.023148 0.05
11 0.272685 0.386111 0.121296 0.233333
6 0.213889 0.243056 0.025926 0.036111
