2 0.695833 0.623611 0.060185 0.183333
2 0.2375 0.438194 0.032407 0.126389
2 0.314352 0.580556 0.049074 0.183333
2 0.579167 0.309722 0.021296 0.080556
2 0.626389 0.341667 0.026852 0.088889
2 0.3 0.381944 0.027778 0.097222
2 0.60787 0.388194 0.028704 0.106944
2 0.500926 0.297222 0.022222 0.075
2 0.838426 0.361111 0.034259 0.077778
2 0.846296 0.452778 0.031481 0.105556
2 0.435185 0.263889 0.022222 0.066667
2 0.540278 0.36875 0.025 0.104167
2 0.034259 0.668056 0.044444 0.152778
2 0.333333 0.303472 0.02037 0.079167
2 0.899074 0.559722 0.05 0.144444
2 0.876852 0.398611 0.024074 0.083333
2 0.25787 0.29375 0.019444 0.068056
2 0.921759 0.359722 0.039815 0.086111
2 0.560648 0.252778 0.017593 0.058333
2 0.884259 0.330556 0.031481 0.066667
2 0.947685 0.33125 0.030556 0.068056
2 0.312963 0.285417 0.018519 0.068056
2 0.290278 0.336806 0.015741 0.068056
2 0.298611 0.275 0.013889 0.055556
2 0.298611 0.233333 0.013889 0.044444
2 0.322222 0.223611 0.012963 0.05
2 0.340741 0.2125 0.012963 0.05
2 0.451389 0.243056 0.017593 0.055556
2 0.45463 0.194444 0.012963 0.041667
2 0.511111 0.234028 0.016667 0.051389
2 0.492593 0.2125 0.011111 0.044444
2 0.435185 0.183333 0.009259 0.036111
6 0.372222 0.177778 0.02963 0.047222
6 0.451389 0.173611 0.025 0.036111
6 0.548611 0.211111 0.034259 0.044444
6 0.475 0.160417 0.022222 0.0375
2 0.475 0.183333 0.012963 0.044444
0 0.201389 0.350694 0.023148 0.0875
