2 0.574537 0.740278 0.060185 0.222222
2 0.59537 0.36875 0.027778 0.101389
2 0.226852 0.428472 0.068519 0.109722
2 0.743519 0.613889 0.064815 0.191667
2 0.645833 0.372222 0.028704 0.1
2 0.938426 0.60625 0.05463 0.154167
2 0.361574 0.391667 0.028704 0.105556
2 0.306481 0.333333 0.022222 0.083333
2 0.256019 0.365278 0.030556 0.083333
2 0.92037 0.369444 0.040741 0.086111
2 0.35463 0.314583 0.022222 0.076389
2 0.325463 0.24375 0.017593 0.056944
6 0.412037 0.634722 0.122222 0.322222
6 0.380556 0.253472 0.040741 0.065278
2 0.973611 0.815972 0.039815 0.159722
2 0.834722 0.295833 0.043519 0.069444
2 0.466667 0.188194 0.011111 0.040278
2 0.4375 0.166667 0.010185 0.033333
6 0.548611 0.211111 0.036111 0.052778
6 0.4875 0.170139 0.028704 0.040278
6 0.34213 0.167361 0.017593 0.034722
6 0.36713 0.133333 0.015741 0.030556
0 0.105556 0.397222 0.018519 0.094444
0 0.088426 0.4 0.015741 0.088889
0 0.254167 0.308333 0.012037 0.055556
0 0.276389 0.30625 0.013889 0.068056
