2 0.885648 0.502778 0.04537 0.088889
2 0.587963 0.434722 0.044444 0.075
2 0.278704 0.508333 0.024074 0.094444
2 0.390278 0.390278 0.019444 0.066667
2 0.194907 0.517361 0.026852 0.0875
6 0.322222 0.479167 0.077778 0.119444
6 0.305556 0.3375 0.048148 0.058333
2 0.222222 0.503472 0.018519 0.084722
2 0.174074 0.5125 0.016667 0.083333
2 0.158796 0.527083 0.021296 0.079167
2 0.140278 0.504167 0.017593 0.066667
2 0.236574 0.486806 0.021296 0.081944
2 0.263889 0.485417 0.016667 0.081944
2 0.11713 0.444444 0.015741 0.066667
2 0.133333 0.445833 0.014815 0.052778
2 0.161574 0.46875 0.012037 0.056944
6 0.189815 0.420833 0.05 0.061111
11 0.250463 0.375694 0.05463 0.095833
2 0.2125 0.369444 0.013889 0.05
2 0.176852 0.455556 0.014815 0.055556
0 0.893519 0.375 0.014815 0.063889
2 0.2 0.466667 0.018519 0.058333
