2 0.443981 0.720139 0.049074 0.159722
2 0.650926 0.530556 0.040741 0.083333
2 0.172222 0.684722 0.033333 0.125
2 0.313426 0.793056 0.047222 0.180556
2 0.380556 0.7625 0.048148 0.161111
2 0.730556 0.475 0.042593 0.086111
2 0.377778 0.629167 0.038889 0.119444
2 0.247685 0.6625 0.037963 0.133333
2 0.207407 0.656944 0.025926 0.111111
2 0.302315 0.634722 0.032407 0.111111
2 0.327778 0.607639 0.02963 0.115278
2 0.156944 0.561806 0.026852 0.090278
2 0.188889 0.584028 0.025926 0.081944
2 0.968981 0.854167 0.049074 0.147222
2 0.2375 0.580556 0.026852 0.083333
2 0.265741 0.573611 0.025926 0.108333
2 0.296296 0.560417 0.022222 0.095833
6 0.287963 0.5 0.062963 0.1
2 0.240278 0.513194 0.023148 0.073611
2 0.246759 0.465972 0.017593 0.0625
2 0.240278 0.441667 0.015741 0.058333
2 0.188426 0.527083 0.023148 0.070833
2 0.212037 0.479167 0.016667 0.083333
2 0.197222 0.488194 0.018519 0.070833
2 0.188426 0.428472 0.017593 0.059722
6 0.287037 0.438889 0.061111 0.072222
6 0.25 0.384028 0.046296 0.0625
2 0.289815 0.311111 0.011111 0.036111
2 0.311111 0.302778 0.012963 0.038889
2 0.339815 0.303472 0.009259 0.0375
6 0.269907 0.278472 0.030556 0.0375
6 0.221759 0.335417 0.037963 0.0625
6 0.199074 0.313194 0.02963 0.051389
11 0.191667 0.272222 0.02963 0.055556
2 0.586111 0.439583 0.044444 0.065278
0 0.534722 0.390278 0.012037 0.058333
2 0.171759 0.4875 0.017593 0.075
2 0.102778 0.4625 0.016667 0.075
2 0.141204 0.502083 0.017593 0.073611
2 0.154167 0.409028 0.013889 0.0625
2 0.128704 0.390278 0.012963 0.058333
2 0.14537 0.439583 0.014815 0.0625
2 0.124537 0.336806 0.010185 0.0375
6 0.156019 0.304861 0.036111 0.045833
6 0.182407 0.381944 0.042593 0.072222
2 0.168981 0.432639 0.013889 0.051389
2 0.147685 0.352083 0.017593 0.068056
0 0.90787 0.449306 0.015741 0.073611
0 0.928704 0.4625 0.014815 0.058333
