0 0.038426 0.489583 0.019444 0.079167
2 0.711574 0.654167 0.069444 0.122222
2 0.91713 0.895139 0.106481 0.165278
2 0.81713 0.615278 0.058333 0.108333
2 0.937037 0.771528 0.081481 0.1375
2 0.457407 0.586111 0.031481 0.113889
2 0.179167 0.545139 0.026852 0.104167
2 0.555556 0.529167 0.040741 0.108333
2 0.143519 0.527778 0.024074 0.097222
2 0.968056 0.635417 0.041667 0.095833
2 0.587963 0.434028 0.042593 0.068056
2 0.433796 0.377083 0.015741 0.054167
2 0.15463 0.456944 0.018519 0.072222
6 0.285648 0.469444 0.067593 0.105556
6 0.239815 0.425694 0.051852 0.068056
6 0.239815 0.369444 0.042593 0.055556
9 0.346759 0.331944 0.100926 0.144444
2 0.20463 0.516667 0.024074 0.097222
2 0.247685 0.495833 0.017593 0.080556
2 0.185648 0.484722 0.017593 0.069444
2 0.174074 0.4375 0.018519 0.066667
2 0.172222 0.394444 0.016667 0.044444
2 0.18287 0.353472 0.012037 0.048611
2 0.15 0.406944 0.012963 0.052778
2 0.149537 0.356944 0.012037 0.058333
2 0.178704 0.301389 0.011111 0.038889
2 0.141204 0.315972 0.012037 0.045833
6 0.209259 0.317361 0.035185 0.056944
6 0.269444 0.309028 0.037037 0.051389
9 0.241204 0.263194 0.049074 0.079167
