2 0.195833 0.747917 0.050926 0.209722
2 0.069444 0.861806 0.066667 0.229167
2 0.331944 0.827083 0.056481 0.234722
2 0.697685 0.508333 0.043519 0.144444
2 0.239352 0.5625 0.039815 0.175
2 0.67963 0.366667 0.027778 0.097222
2 0.285648 0.440972 0.028704 0.115278
2 0.840741 0.465278 0.037037 0.130556
2 0.305556 0.658333 0.046296 0.180556
2 0.97037 0.6375 0.044444 0.155556
2 0.312963 0.397917 0.027778 0.106944
2 0.962963 0.348611 0.038889 0.077778
2 0.280556 0.3375 0.025926 0.094444
2 0.191204 0.50625 0.039815 0.156944
2 0.231944 0.390278 0.025 0.097222
2 0.865741 0.4 0.02963 0.091667
2 0.586111 0.327778 0.040741 0.077778
2 0.541667 0.322222 0.027778 0.077778
2 0.527315 0.259028 0.017593 0.059722
2 0.318981 0.326389 0.023148 0.069444
6 0.559722 0.472222 0.10463 0.144444
6 0.375926 0.284722 0.051852 0.094444
6 0.548148 0.210417 0.037037 0.048611
6 0.474537 0.160417 0.025 0.034722
2 0.563889 0.272222 0.022222 0.072222
2 0.575463 0.245833 0.013889 0.052778
2 0.4625 0.233333 0.015741 0.047222
2 0.473611 0.203472 0.013889 0.048611
2 0.318056 0.26875 0.015741 0.056944
2 0.268981 0.277778 0.013889 0.058333
2 0.299074 0.238194 0.014815 0.048611
2 0.371759 0.21875 0.015741 0.040278
2 0.396759 0.225 0.013889 0.047222
2 0.333796 0.221528 0.015741 0.051389
2 0.353241 0.209028 0.012037 0.043056
2 0.115741 0.407639 0.066667 0.101389
0 0.444444 0.224306 0.018519 0.051389
