2 0.251852 0.288194 0.024074 0.081944
2 0.607407 0.347917 0.027778 0.093056
2 0.848148 0.379861 0.031481 0.093056
2 0.668519 0.320139 0.024074 0.079167
2 0.938426 0.366667 0.034259 0.108333
2 0.354167 0.260417 0.017593 0.065278
2 0.973611 0.664583 0.037963 0.1375
2 0.311574 0.234028 0.015741 0.054167
6 0.549537 0.210417 0.032407 0.043056
6 0.487963 0.170833 0.027778 0.036111
6 0.417593 0.167361 0.022222 0.034722
2 0.62963 0.275694 0.02963 0.065278
2 0.498611 0.206944 0.013889 0.038889
2 0.369907 0.178472 0.015741 0.040278
2 0.333796 0.200694 0.015741 0.043056
2 0.298611 0.211111 0.012037 0.047222
2 0.347685 0.166667 0.012037 0.038889
2 0.44537 0.167361 0.011111 0.031944
