2 0.187037 0.716667 0.061111 0.227778
2 0.302778 0.308333 0.022222 0.086111
2 0.276852 0.544444 0.038889 0.166667
2 0.730556 0.350694 0.053704 0.079167
2 0.556481 0.338194 0.024074 0.090278
2 0.640741 0.423611 0.033333 0.116667
2 0.703704 0.504861 0.040741 0.140278
2 0.173611 0.372222 0.037963 0.105556
2 0.677778 0.379167 0.02963 0.102778
2 0.488889 0.28125 0.02037 0.073611
2 0.433796 0.269444 0.019444 0.063889
2 0.468056 0.269444 0.019444 0.066667
2 0.951389 0.728472 0.080556 0.193056
5 0.851389 0.326389 0.099074 0.1
6 0.574537 0.3 0.087963 0.080556
6 0.390741 0.299306 0.051852 0.104167
6 0.372222 0.221528 0.040741 0.054167
0 0.581481 0.228472 0.011111 0.045833
0 0.347685 0.282639 0.015741 0.073611
2 0.531019 0.230556 0.013889 0.052778
2 0.513426 0.236111 0.015741 0.05
2 0.501852 0.204167 0.011111 0.038889
2 0.449074 0.207639 0.011111 0.040278
2 0.300463 0.229167 0.010185 0.05
2 0.309259 0.197222 0.011111 0.05
2 0.368981 0.140972 0.008333 0.026389
2 0.443056 0.171528 0.010185 0.034722
2 0.969907 0.640972 0.049074 0.1375
2 0.944444 0.873611 0.103704 0.233333
6 0.549537 0.211806 0.037963 0.045833
