2 0.318981 0.332639 0.026852 0.098611
2 0.269907 0.540278 0.036111 0.158333
2 0.583796 0.340278 0.026852 0.091667
2 0.251389 0.434028 0.032407 0.123611
2 0.763889 0.44375 0.038889 0.115278
2 0.887037 0.609722 0.059259 0.152778
2 0.867593 0.370139 0.035185 0.093056
2 0.263889 0.357639 0.025926 0.079167
2 0.343519 0.288194 0.02037 0.073611
2 0.508796 0.322917 0.043519 0.084722
2 0.837963 0.538889 0.038889 0.125
2 0.92963 0.55625 0.038889 0.1375
2 0.976852 0.675 0.031481 0.119444
2 0.293981 0.274306 0.017593 0.065278
2 0.322222 0.265278 0.016667 0.058333
2 0.557407 0.263194 0.02037 0.070833
2 0.872222 0.486806 0.031481 0.106944
2 0.706019 0.285417 0.023148 0.070833
2 0.936574 0.35625 0.030556 0.0875
6 0.719444 0.570833 0.124074 0.177778
6 0.746759 0.384028 0.075 0.098611
5 0.513426 0.252778 0.047222 0.063889
0 0.658333 0.255556 0.011111 0.047222
0 0.668981 0.257639 0.012037 0.056944
2 0.590741 0.277083 0.02037 0.0625
2 0.402778 0.25 0.012963 0.05
2 0.391204 0.233333 0.015741 0.061111
2 0.3375 0.238889 0.012037 0.044444
2 0.36713 0.218056 0.012037 0.047222
2 0.359722 0.209722 0.010185 0.041667
2 0.351852 0.204861 0.009259 0.040278
2 0.486574 0.227778 0.012037 0.033333
2 0.458333 0.289583 0.037037 0.076389
2 0.483796 0.311111 0.036111 0.075
6 0.455556 0.243056 0.046296 0.058333
6 0.424074 0.180556 0.024074 0.030556
6 0.44213 0.206944 0.026852 0.033333
6 0.550463 0.210417 0.032407 0.043056
