2 0.633333 0.546528 0.040741 0.090278
2 0.246759 0.777083 0.039815 0.126389
2 0.299074 0.898611 0.046296 0.166667
2 0.234722 0.897917 0.04537 0.165278
2 0.751389 0.63125 0.058333 0.123611
2 0.135185 0.593056 0.033333 0.122222
2 0.201852 0.684722 0.031481 0.125
2 0.772222 0.475694 0.033333 0.079167
2 0.261111 0.670833 0.027778 0.111111
2 0.233333 0.631944 0.02963 0.097222
2 0.452778 0.422222 0.024074 0.075
2 0.474074 0.418056 0.024074 0.069444
2 0.3 0.506944 0.037037 0.094444
2 0.173148 0.621528 0.031481 0.1125
2 0.235648 0.702778 0.028704 0.086111
2 0.727315 0.471528 0.037963 0.081944
6 0.665278 0.711111 0.162037 0.166667
6 0.908333 0.897222 0.166667 0.180556
6 0.542593 0.810417 0.122222 0.220833
6 0.287963 0.448611 0.061111 0.088889
10 0.4 0.772222 0.262963 0.441667
11 0.390278 0.522222 0.143519 0.230556
2 0.203241 0.589583 0.023148 0.1125
2 0.160648 0.55 0.021296 0.088889
2 0.140741 0.511111 0.016667 0.080556
2 0.165278 0.488194 0.019444 0.076389
2 0.184259 0.498611 0.012963 0.066667
2 0.200463 0.528472 0.017593 0.073611
2 0.236574 0.544444 0.019444 0.1
2 0.252315 0.597222 0.021296 0.086111
2 0.2625 0.552778 0.019444 0.072222
2 0.250926 0.509028 0.018519 0.079167
2 0.231019 0.482639 0.021296 0.073611
2 0.246296 0.450694 0.018519 0.084722
2 0.211574 0.505556 0.021296 0.091667
2 0.131019 0.477083 0.019444 0.073611
2 0.145833 0.44375 0.013889 0.065278
2 0.164815 0.434028 0.016667 0.065278
2 0.150926 0.395833 0.014815 0.058333
2 0.125463 0.433333 0.019444 0.05
2 0.120833 0.39375 0.013889 0.045833
2 0.134722 0.382639 0.013889 0.054167
2 0.177315 0.405556 0.015741 0.066667
2 0.190741 0.436806 0.014815 0.068056
2 0.202315 0.431944 0.015741 0.058333
2 0.224537 0.444444 0.017593 0.041667
2 0.226389 0.35625 0.013889 0.056944
2 0.210185 0.345139 0.018519 0.051389
2 0.197685 0.389583 0.013889 0.051389
2 0.177778 0.328472 0.011111 0.034722
2 0.197685 0.335417 0.012037 0.043056
2 0.164815 0.302778 0.009259 0.038889
9 0.193981 0.288889 0.034259 0.066667
6 0.255556 0.380556 0.044444 0.061111
2 0.219444 0.401389 0.016667 0.047222
6 0.231944 0.274306 0.028704 0.031944
2 0.302778 0.302778 0.011111 0.030556
2 0.345833 0.350694 0.010185 0.0375
2 0.368519 0.350694 0.011111 0.0375
2 0.380556 0.342361 0.012963 0.045833
2 0.4125 0.420833 0.021296 0.05
2 0.573611 0.533333 0.034259 0.080556
2 0.591667 0.500694 0.022222 0.068056
2 0.786111 0.602778 0.037037 0.105556
2 0.276852 0.275 0.012963 0.036111
2 0.148148 0.3625 0.009259 0.036111
2 0.261574 0.259028 0.006481 0.023611
2 0.171759 0.352083 0.010185 0.031944
2 0.5875 0.438194 0.041667 0.056944
