2 0.243056 0.49375 0.028704 0.093056
2 0.34213 0.888889 0.047222 0.177778
2 0.229167 0.591667 0.032407 0.116667
2 0.396759 0.379861 0.021296 0.065278
2 0.596296 0.4875 0.038889 0.080556
2 0.135648 0.349306 0.017593 0.059722
2 0.179167 0.391667 0.015741 0.063889
2 0.175463 0.344444 0.013889 0.044444
2 0.157407 0.334722 0.014815 0.052778
2 0.138426 0.282639 0.013889 0.0375
2 0.158333 0.26875 0.012963 0.034722
2 0.269444 0.265972 0.011111 0.040278
2 0.256481 0.271528 0.011111 0.031944
6 0.214815 0.250694 0.024074 0.031944
