2 0.609259 0.885417 0.098148 0.190278
2 0.705556 0.649306 0.072222 0.115278
2 0.468981 0.709722 0.078704 0.133333
2 0.501389 0.583333 0.062037 0.111111
2 0.599537 0.629167 0.067593 0.111111
2 0.394907 0.640278 0.069444 0.113889
2 0.197685 0.634028 0.034259 0.123611
2 0.250926 0.60625 0.035185 0.120833
2 0.293056 0.598611 0.034259 0.125
2 0.724074 0.551389 0.042593 0.083333
2 0.859722 0.617361 0.062037 0.1125
2 0.818056 0.576389 0.052778 0.088889
2 0.330093 0.534722 0.041667 0.088889
2 0.174074 0.494444 0.025926 0.1
2 0.414815 0.586111 0.044444 0.119444
2 0.196296 0.543056 0.027778 0.097222
6 0.282407 0.329167 0.042593 0.058333
6 0.278241 0.477083 0.05463 0.098611
2 0.20787 0.507639 0.023148 0.081944
2 0.234722 0.476389 0.019444 0.105556
2 0.252778 0.515278 0.02037 0.086111
2 0.193519 0.470833 0.016667 0.058333
2 0.134722 0.422917 0.015741 0.081944
2 0.156481 0.467361 0.018519 0.079167
2 0.181944 0.421528 0.017593 0.065278
2 0.203241 0.429861 0.019444 0.0625
6 0.279167 0.427083 0.05463 0.070833
2 0.153704 0.416667 0.012963 0.05
2 0.159259 0.381944 0.014815 0.052778
2 0.181019 0.354167 0.012037 0.05
2 0.202315 0.378472 0.013889 0.048611
2 0.162037 0.329167 0.014815 0.047222
2 0.131944 0.360417 0.013889 0.043056
2 0.136574 0.338889 0.010185 0.047222
6 0.246759 0.386111 0.043519 0.069444
6 0.323611 0.372222 0.049074 0.069444
6 0.222222 0.356944 0.035185 0.058333
2 0.300463 0.290972 0.010185 0.034722
2 0.269444 0.289583 0.009259 0.029167
2 0.286111 0.290972 0.009259 0.029167
6 0.194907 0.303472 0.030556 0.048611
6 0.221759 0.321528 0.036111 0.034722
2 0.583796 0.441667 0.043519 0.066667
2 0.724074 0.475694 0.031481 0.076389
0 0.925 0.466667 0.02037 0.086111
0 0.711574 0.417361 0.012037 0.073611
0 0.723148 0.409722 0.011111 0.047222
2 0.763889 0.436806 0.033333 0.070833
2 0.135185 0.307639 0.009259 0.034722
