2 0.699537 0.622222 0.050926 0.111111
2 0.861574 0.675694 0.062037 0.118056
2 0.424074 0.900694 0.062963 0.176389
2 0.402315 0.391667 0.021296 0.075
5 0.337963 0.384722 0.057407 0.077778
0 0.686574 0.420139 0.017593 0.065278
2 0.359259 0.356944 0.012963 0.041667
2 0.378241 0.35625 0.015741 0.048611
2 0.29537 0.309028 0.012963 0.045833
2 0.261574 0.265972 0.013889 0.034722
2 0.167593 0.349306 0.011111 0.054167
2 0.181944 0.370139 0.015741 0.059722
2 0.186574 0.264583 0.012037 0.0375
2 0.152778 0.331944 0.012963 0.05
2 0.157407 0.25625 0.011111 0.031944
