2 0.123611 0.797222 0.071296 0.247222
2 0.25 0.381944 0.025926 0.102778
2 0.590278 0.616667 0.052778 0.172222
2 0.226389 0.514583 0.043519 0.165278
2 0.390278 0.65625 0.052778 0.2125
2 0.45787 0.404167 0.030556 0.113889
2 0.266204 0.653472 0.04537 0.201389
2 0.550926 0.340278 0.024074 0.088889
2 0.593056 0.386806 0.026852 0.098611
2 0.80787 0.447917 0.034259 0.123611
2 0.838889 0.871528 0.109259 0.215278
2 0.304167 0.355556 0.025 0.097222
2 0.318981 0.886111 0.069444 0.186111
2 0.862963 0.443056 0.031481 0.105556
2 0.720833 0.39375 0.032407 0.098611
2 0.724537 0.311111 0.041667 0.063889
2 0.6125 0.304861 0.021296 0.073611
2 0.272685 0.270833 0.017593 0.061111
2 0.575926 0.305556 0.02037 0.072222
2 0.87037 0.520833 0.033333 0.108333
6 0.888426 0.7 0.208333 0.266667
6 0.388889 0.31875 0.051852 0.098611
2 0.781481 0.319444 0.048148 0.075
2 0.918519 0.335417 0.042593 0.079167
2 0.861111 0.361806 0.035185 0.084722
2 0.869907 0.325 0.032407 0.075
2 0.233333 0.300694 0.018519 0.048611
2 0.347222 0.245139 0.016667 0.054167
2 0.309259 0.270139 0.02037 0.056944
2 0.298611 0.304861 0.015741 0.0625
2 0.070833 0.404167 0.063889 0.072222
2 0.318056 0.227083 0.012037 0.040278
2 0.304167 0.213194 0.012037 0.0375
2 0.456019 0.1875 0.012037 0.041667
2 0.527778 0.297222 0.02037 0.075
2 0.537037 0.279167 0.016667 0.055556
2 0.569444 0.263889 0.018519 0.052778
2 0.382407 0.194444 0.011111 0.025
6 0.386574 0.236111 0.037963 0.058333
