2 0.180093 0.779861 0.062037 0.2375
2 0.44537 0.507639 0.048148 0.140278
2 0.268981 0.5625 0.041667 0.161111
2 0.521759 0.344444 0.028704 0.097222
2 0.937037 0.572917 0.055556 0.159722
2 0.600926 0.386111 0.027778 0.097222
2 0.57963 0.344444 0.024074 0.086111
2 0.074074 0.654861 0.055556 0.201389
2 0.332407 0.388194 0.027778 0.109722
2 0.243519 0.488889 0.035185 0.141667
2 0.85463 0.449306 0.035185 0.118056
2 0.215278 0.343056 0.026852 0.086111
2 0.289352 0.351389 0.025 0.094444
2 0.269907 0.888889 0.065741 0.194444
2 0.306481 0.304861 0.02037 0.079167
2 0.50463 0.252778 0.018519 0.063889
2 0.809722 0.302778 0.037963 0.066667
2 0.620833 0.325694 0.017593 0.081944
2 0.611574 0.332639 0.028704 0.073611
6 0.816667 0.884028 0.268519 0.2125
6 0.548611 0.211806 0.036111 0.048611
2 0.6125 0.269444 0.017593 0.05
2 0.497222 0.220139 0.014815 0.051389
2 0.039815 0.434722 0.055556 0.1
2 0.295833 0.233333 0.012037 0.052778
2 0.325 0.228472 0.016667 0.056944
2 0.365741 0.211111 0.014815 0.044444
2 0.468981 0.192361 0.010185 0.040278
2 0.42963 0.182639 0.012963 0.034722
