2 0.216204 0.391667 0.026852 0.105556
2 0.226389 0.865278 0.058333 0.225
2 0.225 0.55625 0.042593 0.168056
2 0.140278 0.857639 0.063889 0.226389
2 0.519907 0.447222 0.036111 0.130556
2 0.275463 0.372917 0.025 0.093056
2 0.2875 0.475694 0.034259 0.129167
2 0.467593 0.438194 0.035185 0.129167
2 0.594444 0.4125 0.031481 0.108333
2 0.300463 0.302778 0.021296 0.083333
2 0.565278 0.360417 0.026852 0.090278
2 0.618981 0.302083 0.028704 0.070833
2 0.968519 0.632639 0.046296 0.143056
2 0.81713 0.408333 0.030556 0.097222
2 0.727315 0.336806 0.030556 0.0875
2 0.50463 0.291667 0.022222 0.072222
2 0.772222 0.608333 0.048148 0.147222
2 0.856944 0.665972 0.039815 0.156944
2 0.460648 0.242361 0.032407 0.051389
2 0.910648 0.604167 0.058333 0.127778
2 0.831481 0.558333 0.051852 0.136111
2 0.852778 0.456944 0.033333 0.105556
2 0.725 0.55 0.038889 0.136111
2 0.756481 0.45625 0.040741 0.115278
2 0.881944 0.388889 0.036111 0.094444
2 0.916204 0.756944 0.065741 0.144444
2 0.656019 0.338194 0.026852 0.0875
2 0.406944 0.243056 0.021296 0.061111
2 0.915278 0.880556 0.093519 0.177778
2 0.805556 0.7125 0.051852 0.133333
6 0.641204 0.563194 0.126852 0.181944
7 0.748611 0.836806 0.347222 0.309722
6 0.826852 0.329167 0.088889 0.075
5 0.380093 0.448611 0.080556 0.161111
11 0.364815 0.229861 0.040741 0.120833
6 0.67963 0.420139 0.064815 0.106944
6 0.55 0.2125 0.038889 0.05
6 0.439352 0.202778 0.032407 0.047222
10 0.339352 0.149306 0.036111 0.090278
2 0.780556 0.498611 0.040741 0.116667
2 0.979167 0.354167 0.028704 0.077778
2 0.280556 0.259028 0.016667 0.059722
2 0.303704 0.232639 0.016667 0.048611
2 0.330093 0.21875 0.017593 0.051389
2 0.508333 0.250694 0.016667 0.051389
2 0.531481 0.240278 0.012963 0.038889
2 0.5 0.2 0.014815 0.038889
0 0.165741 0.314583 0.016667 0.079167
