0 0.910648 0.544444 0.025 0.102778
2 0.818056 0.747222 0.060185 0.130556
2 0.693981 0.909028 0.082407 0.154167
2 0.4375 0.800694 0.049074 0.159722
2 0.642593 0.495139 0.042593 0.079167
2 0.368056 0.715278 0.04537 0.163889
2 0.638889 0.616667 0.053704 0.136111
2 0.331481 0.904861 0.053704 0.156944
2 0.928704 0.813194 0.07963 0.126389
2 0.253704 0.718056 0.040741 0.15
2 0.863889 0.55625 0.046296 0.073611
2 0.306019 0.783333 0.043519 0.144444
2 0.569444 0.858333 0.059259 0.144444
2 0.521759 0.472917 0.032407 0.079167
2 0.138889 0.659722 0.031481 0.113889
2 0.458796 0.742361 0.058333 0.151389
2 0.4375 0.435417 0.021296 0.068056
2 0.731019 0.475694 0.04537 0.084722
2 0.175 0.604861 0.027778 0.101389
2 0.491204 0.508333 0.036111 0.097222
2 0.235648 0.581944 0.032407 0.111111
2 0.585648 0.435417 0.043519 0.070833
2 0.28287 0.648611 0.034259 0.116667
2 0.285648 0.521528 0.025 0.095833
2 0.334722 0.578472 0.034259 0.104167
2 0.49537 0.929167 0.061111 0.127778
2 0.559259 0.925 0.068519 0.122222
2 0.966204 0.736806 0.049074 0.126389
6 0.348611 0.522917 0.078704 0.1125
6 0.252315 0.413889 0.060185 0.086111
2 0.427778 0.384722 0.018519 0.063889
2 0.354167 0.345139 0.017593 0.051389
2 0.212037 0.502778 0.016667 0.083333
2 0.193519 0.509028 0.02037 0.090278
2 0.180093 0.541667 0.023148 0.080556
2 0.158796 0.515278 0.021296 0.080556
2 0.15 0.475694 0.016667 0.068056
2 0.216667 0.448611 0.018519 0.063889
2 0.25 0.447222 0.016667 0.058333
2 0.266667 0.480556 0.02037 0.072222
2 0.246759 0.530556 0.021296 0.083333
2 0.193056 0.461111 0.017593 0.061111
2 0.175463 0.4375 0.017593 0.075
4 0.1375 0.418056 0.039815 0.075
6 0.174537 0.377778 0.036111 0.072222
6 0.224074 0.348611 0.037037 0.055556
2 0.19537 0.342361 0.014815 0.059722
6 0.171296 0.336111 0.031481 0.041667
2 0.118519 0.384722 0.011111 0.05
6 0.153704 0.270833 0.02037 0.036111
