2 0.171296 0.420833 0.066667 0.1
2 0.266204 0.4 0.028704 0.105556
2 0.675926 0.514583 0.040741 0.145833
2 0.714815 0.629167 0.048148 0.163889
2 0.57037 0.36875 0.025926 0.095833
2 0.814815 0.648611 0.064815 0.163889
2 0.602778 0.300694 0.022222 0.070833
2 0.886111 0.664583 0.068519 0.176389
2 0.77963 0.377778 0.031481 0.086111
2 0.85 0.304861 0.042593 0.079167
2 0.477778 0.240278 0.018519 0.058333
2 0.20787 0.388889 0.047222 0.097222
2 0.275926 0.314583 0.02037 0.073611
2 0.533796 0.279861 0.019444 0.065278
2 0.873148 0.480556 0.044444 0.122222
2 0.871759 0.385417 0.028704 0.084722
6 0.388889 0.385417 0.066667 0.131944
5 0.748611 0.471528 0.115741 0.154167
6 0.436111 0.8875 0.17037 0.211111
6 0.319444 0.275 0.046296 0.080556
6 0.38287 0.286111 0.050926 0.083333
9 0.442593 0.19375 0.044444 0.076389
6 0.374074 0.239583 0.033333 0.043056
6 0.379167 0.199306 0.028704 0.048611
2 0.809259 0.430556 0.027778 0.1
2 0.50463 0.226389 0.011111 0.05
2 0.57037 0.260417 0.014815 0.054167
2 0.54537 0.25625 0.014815 0.056944
2 0.583333 0.254167 0.012963 0.061111
2 0.350463 0.220833 0.015741 0.055556
2 0.2625 0.256944 0.012037 0.052778
2 0.289352 0.255556 0.013889 0.058333
2 0.349537 0.179167 0.010185 0.033333
2 0.515278 0.243056 0.013889 0.055556
6 0.371759 0.161806 0.025 0.040278
1 0.685185 0.300694 0.038889 0.068056
1 0.896759 0.373611 0.036111 0.072222
6 0.957407 0.302778 0.074074 0.069444
