0 0.034259 0.478472 0.027778 0.104167
2 0.121759 0.461111 0.030556 0.119444
2 0.266667 0.821528 0.064815 0.243056
2 0.170833 0.795833 0.069444 0.255556
2 0.91713 0.786806 0.091667 0.198611
2 0.852778 0.641667 0.05 0.158333
2 0.193056 0.369444 0.030556 0.097222
2 0.775 0.497917 0.037037 0.140278
2 0.337963 0.482639 0.048148 0.123611
2 0.373148 0.380556 0.059259 0.094444
2 0.681481 0.420139 0.02963 0.106944
2 0.156019 0.647917 0.05463 0.179167
2 0.293981 0.418056 0.060185 0.105556
2 0.918981 0.584028 0.058333 0.143056
2 0.272222 0.275694 0.018519 0.070833
0 0.631481 0.421528 0.033333 0.118056
2 0.581944 0.394444 0.052778 0.094444
2 0.701389 0.31875 0.04537 0.070833
2 0.555556 0.299306 0.02037 0.073611
2 0.603241 0.35 0.023148 0.077778
2 0.64537 0.309028 0.044444 0.0625
2 0.535185 0.375694 0.051852 0.093056
2 0.879167 0.350694 0.047222 0.079167
2 0.416204 0.354167 0.047222 0.083333
2 0.76713 0.320833 0.04537 0.072222
2 0.961574 0.724306 0.04537 0.170833
5 0.497685 0.297917 0.050926 0.073611
6 0.434722 0.311111 0.075 0.097222
2 0.841667 0.322917 0.042593 0.068056
2 0.603704 0.282639 0.018519 0.068056
2 0.587037 0.252778 0.02037 0.063889
2 0.325 0.206944 0.014815 0.041667
2 0.315741 0.197917 0.012963 0.045833
2 0.35 0.158333 0.009259 0.027778
2 0.465741 0.20625 0.014815 0.045833
2 0.523611 0.221528 0.025 0.048611
2 0.694907 0.390278 0.021296 0.1
2 0.412963 0.2375 0.024074 0.055556
2 0.021296 0.6875 0.033333 0.136111
