2 0.26713 0.320139 0.023148 0.0875
2 0.637963 0.322222 0.027778 0.083333
2 0.767593 0.457639 0.051852 0.126389
2 0.424074 0.306944 0.024074 0.086111
2 0.311111 0.238194 0.016667 0.051389
6 0.880093 0.601389 0.180556 0.144444
11 0.848148 0.806944 0.3 0.375
9 0.480093 0.272222 0.062037 0.111111
0 0.048611 0.513889 0.021296 0.066667
0 0.060648 0.427778 0.021296 0.047222
0 0.975 0.5125 0.035185 0.069444
2 0.546759 0.240972 0.013889 0.045833
2 0.528241 0.238889 0.013889 0.047222
2 0.462963 0.16875 0.009259 0.031944
2 0.451852 0.149306 0.007407 0.026389
2 0.3375 0.230556 0.012037 0.044444
2 0.384259 0.233333 0.012963 0.044444
2 0.376852 0.211111 0.011111 0.038889
2 0.387963 0.200694 0.011111 0.031944
2 0.341204 0.204861 0.012037 0.034722
2 0.331019 0.197222 0.010185 0.038889
6 0.289815 0.210417 0.027778 0.048611
12 0.419444 0.149306 0.040741 0.093056
2 0.148611 0.392361 0.034259 0.093056
