2 0.877315 0.74375 0.071296 0.1375
2 0.246296 0.604861 0.035185 0.134722
2 0.819444 0.672917 0.061111 0.118056
2 0.897685 0.518056 0.05463 0.088889
2 0.74537 0.655556 0.053704 0.105556
2 0.145833 0.477083 0.025 0.093056
2 0.4125 0.393056 0.026852 0.069444
2 0.449537 0.379861 0.021296 0.0625
2 0.611111 0.517361 0.044444 0.084722
2 0.743519 0.621528 0.048148 0.1125
6 0.585185 0.606944 0.127778 0.127778
6 0.472222 0.477778 0.07963 0.086111
6 0.272685 0.452778 0.071296 0.122222
11 0.605093 0.863889 0.206481 0.255556
2 0.627778 0.563194 0.042593 0.076389
2 0.15 0.402778 0.016667 0.058333
2 0.130556 0.350694 0.012963 0.045833
2 0.169444 0.304167 0.011111 0.038889
2 0.127315 0.306944 0.012037 0.036111
2 0.152315 0.316667 0.010185 0.044444
2 0.156944 0.302083 0.008333 0.0375
2 0.294444 0.415972 0.02037 0.070833
2 0.325463 0.353472 0.013889 0.045833
2 0.344907 0.331944 0.012037 0.041667
2 0.878704 0.465278 0.016667 0.055556
2 0.589815 0.44375 0.042593 0.059722
0 0.603241 0.394444 0.015741 0.063889
0 0.859259 0.478472 0.014815 0.073611
0 0.894907 0.456944 0.012037 0.061111
6 0.239352 0.279861 0.026852 0.040278
