2 0.565741 0.761111 0.068519 0.161111
2 0.837037 0.733333 0.07037 0.147222
2 0.443056 0.636806 0.05463 0.118056
2 0.322222 0.688194 0.037037 0.145833
2 0.272222 0.654167 0.037037 0.141667
2 0.208333 0.631944 0.031481 0.119444
2 0.584722 0.436806 0.043519 0.070833
2 0.731019 0.473611 0.041667 0.086111
2 0.1625 0.61875 0.030556 0.109722
2 0.416204 0.916667 0.067593 0.138889
2 0.14537 0.498611 0.022222 0.080556
6 0.365741 0.54375 0.094444 0.156944
6 0.22037 0.475 0.062963 0.086111
6 0.451389 0.811806 0.141667 0.204167
6 0.3125 0.336806 0.049074 0.054167
11 0.302778 0.442361 0.074074 0.170833
11 0.235185 0.367361 0.057407 0.118056
2 0.205093 0.532639 0.025 0.093056
2 0.168519 0.571528 0.022222 0.095833
2 0.173611 0.491667 0.017593 0.075
2 0.163889 0.45 0.018519 0.063889
2 0.135185 0.431944 0.016667 0.072222
2 0.119444 0.456944 0.018519 0.080556
2 0.159259 0.407639 0.012963 0.040278
2 0.118981 0.375694 0.012037 0.048611
2 0.189815 0.425694 0.02037 0.045833
2 0.150926 0.383333 0.011111 0.05
6 0.181481 0.384028 0.035185 0.0625
6 0.256481 0.261111 0.02963 0.044444
