2 0.724074 0.61875 0.061111 0.098611
2 0.468056 0.896528 0.058333 0.179167
2 0.9375 0.733333 0.071296 0.138889
2 0.819444 0.770139 0.055556 0.151389
2 0.376852 0.534028 0.031481 0.115278
2 0.635648 0.516667 0.039815 0.083333
2 0.363426 0.41875 0.021296 0.070833
2 0.82963 0.660417 0.05 0.120833
2 0.540278 0.4875 0.028704 0.086111
2 0.591204 0.502778 0.028704 0.080556
2 0.405093 0.405556 0.026852 0.063889
2 0.518519 0.436806 0.025926 0.073611
2 0.197222 0.500694 0.022222 0.0875
2 0.114352 0.539583 0.023148 0.093056
2 0.239815 0.495139 0.022222 0.0875
2 0.212037 0.488194 0.022222 0.098611
2 0.142593 0.400694 0.02037 0.070833
6 0.446759 0.486111 0.093519 0.108333
6 0.290741 0.463194 0.074074 0.120833
2 0.12963 0.503472 0.018519 0.0875
2 0.163426 0.509028 0.017593 0.065278
2 0.16713 0.432639 0.017593 0.070833
2 0.117593 0.344444 0.014815 0.052778
2 0.388426 0.346528 0.013889 0.056944
2 0.437037 0.404167 0.018519 0.058333
2 0.452315 0.390972 0.015741 0.045833
2 0.35787 0.350694 0.015741 0.045833
2 0.371759 0.382639 0.013889 0.054167
2 0.870833 0.472222 0.039815 0.069444
0 0.873148 0.504861 0.012963 0.076389
2 0.631019 0.45625 0.039815 0.065278
6 0.173611 0.341667 0.036111 0.058333
6 0.214352 0.328472 0.034259 0.065278
10 0.237963 0.267361 0.046296 0.068056
6 0.268519 0.309722 0.033333 0.05
2 0.328704 0.329861 0.012963 0.045833
2 0.310648 0.315972 0.013889 0.040278
2 0.293981 0.309722 0.010185 0.036111
6 0.274537 0.28125 0.019444 0.031944
6 0.181481 0.286806 0.024074 0.045833
2 0.155556 0.286111 0.009259 0.036111
2 0.951852 0.479167 0.022222 0.063889
0 0.14537 0.561806 0.02037 0.095833
