0 0.02963 0.498611 0.02963 0.122222
2 0.627315 0.504167 0.039815 0.147222
2 0.200926 0.450694 0.051852 0.109722
2 0.925926 0.63125 0.07037 0.176389
2 0.166667 0.56875 0.051852 0.170833
2 0.326389 0.239583 0.019444 0.054167
2 0.827778 0.538194 0.044444 0.140278
2 0.878241 0.507639 0.034259 0.131944
2 0.358796 0.215972 0.019444 0.048611
2 0.841204 0.455556 0.032407 0.091667
2 0.916204 0.551389 0.050926 0.108333
6 0.787037 0.404167 0.087037 0.122222
6 0.902315 0.327083 0.086111 0.079167
5 0.456481 0.243056 0.096296 0.075
6 0.55 0.211111 0.033333 0.044444
6 0.487963 0.214583 0.037037 0.045833
6 0.500463 0.183333 0.036111 0.044444
2 0.531019 0.229861 0.013889 0.045833
2 0.255556 0.241667 0.02037 0.061111
2 0.40787 0.148611 0.010185 0.027778
6 0.471296 0.153472 0.025926 0.034722
6 0.367593 0.131944 0.02037 0.036111
