2 0.763889 0.652778 0.064815 0.166667
2 0.818519 0.857639 0.090741 0.251389
2 0.625463 0.540278 0.047222 0.155556
2 0.208796 0.5875 0.043519 0.138889
2 0.666204 0.506944 0.039815 0.138889
2 0.886574 0.835417 0.073148 0.206944
2 0.220833 0.501389 0.041667 0.119444
2 0.402315 0.279861 0.023148 0.073611
2 0.37037 0.411111 0.035185 0.127778
2 0.583796 0.354861 0.025 0.084722
2 0.644907 0.314583 0.025 0.079167
2 0.706481 0.451389 0.033333 0.113889
2 0.306019 0.301389 0.023148 0.075
2 0.477315 0.268056 0.047222 0.086111
2 0.314352 0.375 0.037963 0.108333
6 0.861111 0.584028 0.151852 0.176389
6 0.746759 0.394444 0.086111 0.127778
6 0.531944 0.386111 0.086111 0.130556
6 0.450463 0.818056 0.150926 0.336111
0 0.114352 0.420139 0.034259 0.090278
0 0.166204 0.3 0.021296 0.083333
2 0.967593 0.326389 0.031481 0.077778
2 0.894907 0.74375 0.084259 0.190278
2 0.523611 0.259722 0.013889 0.058333
2 0.550926 0.273611 0.016667 0.058333
2 0.589352 0.298611 0.021296 0.061111
2 0.600926 0.286806 0.016667 0.059722
2 0.661111 0.297222 0.031481 0.063889
2 0.54537 0.241667 0.012963 0.041667
2 0.510185 0.2375 0.012963 0.044444
2 0.475 0.211111 0.011111 0.038889
2 0.356019 0.19375 0.006481 0.043056
2 0.309259 0.227778 0.012963 0.052778
2 0.233333 0.301389 0.014815 0.05
2 0.319444 0.188194 0.009259 0.043056
2 0.47963 0.190278 0.007407 0.030556
2 0.496296 0.191667 0.011111 0.033333
2 0.443056 0.160417 0.008333 0.026389
2 0.466667 0.166667 0.011111 0.033333
6 0.427778 0.144444 0.014815 0.027778
0 0.262963 0.248611 0.012963 0.052778
2 0.293056 0.295833 0.013889 0.063889
