2 0.853241 0.884722 0.10463 0.177778
2 0.27963 0.738194 0.048148 0.1625
2 0.674537 0.714583 0.067593 0.140278
2 0.337037 0.890972 0.05 0.181944
2 0.209722 0.615972 0.036111 0.143056
2 0.148148 0.510417 0.024074 0.090278
2 0.881944 0.678472 0.063889 0.131944
2 0.800926 0.6375 0.061111 0.108333
2 0.624074 0.652083 0.05 0.101389
2 0.274537 0.922917 0.050926 0.1375
2 0.53287 0.452083 0.028704 0.076389
2 0.5 0.6375 0.046296 0.136111
2 0.765741 0.561806 0.05 0.090278
2 0.664815 0.53125 0.042593 0.081944
2 0.587037 0.436111 0.040741 0.069444
6 0.703241 0.88125 0.241667 0.2125
6 0.46713 0.836111 0.186111 0.288889
6 0.345833 0.552778 0.09537 0.169444
6 0.62037 0.600694 0.133333 0.115278
9 0.933333 0.811806 0.12037 0.240278
6 0.254167 0.566667 0.075 0.130556
9 0.41713 0.404167 0.165741 0.219444
5 0.213889 0.470833 0.053704 0.108333
6 0.276389 0.440278 0.060185 0.088889
6 0.254167 0.382639 0.039815 0.059722
5 0.233333 0.34375 0.037037 0.056944
6 0.194907 0.4125 0.043519 0.088889
6 0.175 0.35625 0.025926 0.056944
2 0.55463 0.688194 0.064815 0.120833
2 0.547685 0.613889 0.060185 0.097222
2 0.624537 0.520139 0.037963 0.068056
2 0.127778 0.478472 0.022222 0.081944
2 0.15787 0.445139 0.015741 0.0625
2 0.147222 0.415278 0.012963 0.052778
2 0.180556 0.295139 0.011111 0.0375
2 0.276389 0.303472 0.012037 0.0375
2 0.326852 0.321528 0.014815 0.048611
2 0.150926 0.368056 0.012963 0.044444
2 0.134722 0.346528 0.010185 0.045833
2 0.117593 0.404167 0.012963 0.05
2 0.11713 0.301389 0.010185 0.036111
2 0.275463 0.271528 0.008333 0.031944
2 0.237037 0.257639 0.007407 0.029167
2 0.231481 0.277083 0.009259 0.029167
2 0.518056 0.365278 0.013889 0.061111
2 0.155093 0.316667 0.008333 0.036111
2 0.127315 0.316667 0.008333 0.036111
2 0.259259 0.274306 0.011111 0.031944
2 0.297685 0.304167 0.010185 0.038889
2 0.126389 0.420833 0.013889 0.044444
