2 0.144907 0.477778 0.032407 0.136111
2 0.188889 0.500694 0.035185 0.129167
2 0.877315 0.825 0.089815 0.227778
2 0.591667 0.342361 0.024074 0.090278
2 0.620833 0.410417 0.030556 0.115278
2 0.539815 0.334028 0.024074 0.090278
2 0.284259 0.486111 0.035185 0.138889
2 0.904167 0.625694 0.056481 0.165278
2 0.777778 0.527083 0.053704 0.143056
2 0.95463 0.814583 0.075926 0.2125
2 0.702778 0.471528 0.038889 0.131944
2 0.289815 0.350694 0.025926 0.090278
2 0.743981 0.447222 0.034259 0.111111
2 0.446296 0.259722 0.024074 0.063889
2 0.868981 0.395139 0.030556 0.098611
2 0.908333 0.377778 0.031481 0.094444
0 0.573148 0.276389 0.018519 0.061111
2 0.318981 0.269444 0.017593 0.069444
6 0.721759 0.742361 0.186111 0.254167
5 0.359259 0.386111 0.075926 0.158333
0 0.660185 0.255556 0.012963 0.05
0 0.65 0.256944 0.011111 0.052778
2 0.952315 0.303472 0.043519 0.073611
2 0.506944 0.225 0.015741 0.052778
2 0.486111 0.190972 0.011111 0.0375
2 0.396296 0.225694 0.014815 0.051389
2 0.30787 0.220139 0.010185 0.045833
2 0.294907 0.290278 0.017593 0.058333
6 0.549074 0.211806 0.035185 0.051389
6 0.477315 0.163194 0.025 0.0375
6 0.366667 0.238889 0.037037 0.069444
11 0.355093 0.175694 0.039815 0.081944
6 0.764815 0.363889 0.074074 0.091667
2 0.75 0.302083 0.046296 0.059722
