2 0.530556 0.645833 0.057407 0.122222
2 0.384722 0.76875 0.052778 0.156944
2 0.885648 0.640972 0.063889 0.120833
2 0.30463 0.755556 0.048148 0.175
2 0.175926 0.632639 0.027778 0.115278
2 0.376852 0.514583 0.02963 0.101389
2 0.584722 0.4375 0.043519 0.069444
2 0.730556 0.472222 0.040741 0.083333
2 0.249537 0.51875 0.026852 0.098611
2 0.495833 0.420139 0.028704 0.070833
2 0.378704 0.363889 0.018519 0.058333
2 0.772685 0.475 0.034259 0.080556
2 0.199537 0.573611 0.026852 0.1
2 0.212963 0.519444 0.025926 0.088889
6 0.306019 0.502083 0.076852 0.123611
6 0.234722 0.361111 0.05463 0.083333
6 0.27963 0.411111 0.053704 0.075
2 0.272685 0.442361 0.021296 0.054167
2 0.349074 0.484028 0.018519 0.081944
2 0.324074 0.447222 0.022222 0.072222
2 0.115278 0.499306 0.021296 0.095833
2 0.183333 0.520833 0.016667 0.066667
2 0.158333 0.542361 0.02037 0.076389
2 0.166667 0.500694 0.016667 0.065278
2 0.141667 0.50625 0.016667 0.093056
2 0.139815 0.448611 0.014815 0.055556
2 0.13287 0.427778 0.017593 0.058333
2 0.181019 0.473611 0.017593 0.061111
2 0.158333 0.456944 0.014815 0.05
2 0.202315 0.463889 0.015741 0.05
2 0.221759 0.467361 0.019444 0.065278
6 0.188889 0.388889 0.038889 0.052778
2 0.1625 0.41875 0.015741 0.054167
2 0.218981 0.419444 0.015741 0.05
2 0.243519 0.444444 0.022222 0.075
2 0.11713 0.39375 0.013889 0.0625
2 0.139352 0.384028 0.013889 0.051389
2 0.12963 0.370139 0.011111 0.043056
9 0.164815 0.3125 0.037037 0.091667
2 0.1375 0.343056 0.010185 0.038889
2 0.290741 0.290278 0.011111 0.033333
2 0.306944 0.294444 0.010185 0.033333
2 0.327778 0.327083 0.011111 0.0375
0 0.885185 0.473611 0.014815 0.072222
0 0.811111 0.461806 0.016667 0.076389
