2 0.91713 0.695139 0.076852 0.1875
2 0.256944 0.447222 0.032407 0.133333
2 0.214815 0.54375 0.040741 0.1625
2 0.493981 0.459028 0.039815 0.126389
2 0.487037 0.36875 0.053704 0.093056
2 0.289352 0.241667 0.015741 0.055556
2 0.586111 0.310417 0.044444 0.081944
0 0.056019 0.4875 0.026852 0.102778
6 0.675926 0.457639 0.116667 0.154167
2 0.570833 0.290278 0.015741 0.055556
2 0.607407 0.283333 0.016667 0.061111
2 0.556019 0.252778 0.015741 0.061111
2 0.501389 0.245833 0.017593 0.058333
2 0.533796 0.236806 0.015741 0.054167
2 0.515278 0.21875 0.013889 0.054167
2 0.465741 0.224306 0.012963 0.048611
2 0.480556 0.226389 0.012963 0.047222
2 0.449537 0.21875 0.015741 0.054167
2 0.375463 0.197222 0.012037 0.047222
2 0.269444 0.241667 0.012963 0.052778
2 0.329167 0.18125 0.010185 0.0375
2 0.416667 0.15625 0.007407 0.034722
6 0.358333 0.217361 0.033333 0.048611
6 0.477315 0.204861 0.030556 0.048611
6 0.548611 0.211806 0.036111 0.051389
11 0.368056 0.13125 0.019444 0.048611
