2 0.194907 0.40625 0.041667 0.1125
2 0.673611 0.356944 0.050926 0.080556
2 0.284722 0.504861 0.039815 0.148611
2 0.887037 0.527778 0.040741 0.136111
2 0.854167 0.424306 0.030556 0.104167
2 0.821759 0.494444 0.036111 0.122222
2 0.83287 0.3875 0.030556 0.094444
2 0.899074 0.389583 0.02963 0.084722
6 0.556019 0.447917 0.09537 0.134722
6 0.372222 0.38125 0.064815 0.120833
6 0.679167 0.286111 0.089815 0.061111
2 0.875926 0.370833 0.027778 0.080556
2 0.929167 0.353472 0.028704 0.070833
2 0.028241 0.475 0.036111 0.097222
2 0.439352 0.257639 0.036111 0.0625
2 0.542593 0.270139 0.016667 0.056944
2 0.572685 0.246528 0.012037 0.0375
2 0.514815 0.236111 0.007407 0.05
2 0.490741 0.205556 0.014815 0.047222
2 0.299537 0.245833 0.015741 0.05
2 0.260648 0.246528 0.015741 0.056944
2 0.398611 0.231944 0.013889 0.058333
2 0.32963 0.173611 0.011111 0.038889
6 0.3625 0.209722 0.034259 0.055556
6 0.44537 0.228472 0.02963 0.054167
6 0.551389 0.210417 0.032407 0.048611
6 0.464352 0.184722 0.028704 0.044444
11 0.422222 0.165972 0.033333 0.0625
