2 0.441204 0.854861 0.052778 0.159722
2 0.227778 0.641667 0.033333 0.125
2 0.209722 0.786111 0.039815 0.166667
2 0.896296 0.536111 0.05 0.086111
2 0.306481 0.899306 0.048148 0.1625
2 0.257407 0.821528 0.042593 0.173611
2 0.843519 0.647917 0.046296 0.090278
2 0.344907 0.797917 0.04537 0.143056
2 0.525926 0.55 0.033333 0.094444
2 0.371759 0.634028 0.034259 0.126389
2 0.620833 0.633333 0.04537 0.097222
2 0.465278 0.547917 0.052778 0.093056
2 0.879167 0.717361 0.062037 0.120833
2 0.3875 0.398611 0.021296 0.069444
2 0.464352 0.433333 0.023148 0.075
2 0.277778 0.720833 0.031481 0.116667
2 0.418981 0.746528 0.041667 0.104167
2 0.65787 0.5 0.043519 0.077778
2 0.961111 0.759028 0.057407 0.145833
2 0.334259 0.648611 0.033333 0.113889
2 0.659259 0.615278 0.046296 0.122222
2 0.189352 0.542361 0.023148 0.081944
2 0.165741 0.547917 0.025926 0.093056
2 0.580093 0.465278 0.032407 0.072222
2 0.546296 0.495833 0.025926 0.080556
2 0.270833 0.549306 0.026852 0.104167
5 0.852315 0.870139 0.256481 0.229167
6 0.556481 0.766667 0.175926 0.266667
6 0.333796 0.365972 0.05463 0.068056
6 0.321759 0.515972 0.082407 0.140278
6 0.260185 0.41875 0.053704 0.093056
2 0.409259 0.549306 0.05 0.0875
2 0.418056 0.648611 0.04537 0.130556
2 0.431019 0.60625 0.043519 0.1125
2 0.625463 0.569444 0.034259 0.1
2 0.514815 0.458333 0.035185 0.072222
2 0.504167 0.508333 0.032407 0.075
2 0.421759 0.414583 0.019444 0.059722
2 0.43287 0.396528 0.017593 0.056944
2 0.485185 0.431944 0.02037 0.069444
2 0.791204 0.70625 0.05463 0.109722
2 0.227778 0.511111 0.025926 0.097222
2 0.225463 0.561806 0.025 0.079167
2 0.159722 0.475 0.021296 0.066667
2 0.298148 0.644444 0.033333 0.133333
2 0.137037 0.436111 0.016667 0.063889
2 0.125926 0.413889 0.016667 0.066667
2 0.135648 0.352083 0.015741 0.040278
2 0.236574 0.365972 0.013889 0.056944
10 0.188889 0.394444 0.061111 0.152778
6 0.156019 0.304167 0.030556 0.041667
6 0.197222 0.289583 0.031481 0.051389
6 0.227778 0.338889 0.031481 0.05
2 0.133796 0.320139 0.013889 0.034722
2 0.127315 0.290278 0.012037 0.036111
2 0.155556 0.270833 0.009259 0.036111
2 0.228241 0.259028 0.010185 0.029167
2 0.631019 0.459028 0.043519 0.076389
