2 0.647685 0.484028 0.041667 0.140278
2 0.166667 0.398611 0.062963 0.105556
2 0.930556 0.340972 0.031481 0.079167
2 0.498148 0.277083 0.018519 0.070833
2 0.684722 0.388194 0.032407 0.104167
2 0.513889 0.25 0.018519 0.058333
2 0.461574 0.23125 0.019444 0.059722
6 0.30463 0.283333 0.05 0.077778
5 0.363426 0.417361 0.080556 0.168056
5 0.916204 0.682639 0.150926 0.234722
2 0.321759 0.223611 0.012037 0.05
2 0.34213 0.18125 0.008333 0.0375
2 0.332407 0.164583 0.009259 0.034722
2 0.455093 0.184722 0.012037 0.041667
2 0.497222 0.202083 0.012963 0.048611
2 0.474074 0.192361 0.009259 0.0375
2 0.428704 0.16875 0.009259 0.034722
6 0.374074 0.195139 0.024074 0.045833
6 0.485648 0.174306 0.028704 0.040278
6 0.548148 0.209722 0.037037 0.047222
0 0.218981 0.251389 0.019444 0.066667
6 0.403704 0.146528 0.018519 0.031944
