2 0.902778 0.691667 0.077778 0.197222
2 0.121296 0.427083 0.07037 0.106944
2 0.233333 0.391667 0.02963 0.108333
2 0.571296 0.558333 0.042593 0.147222
2 0.293519 0.33125 0.02037 0.076389
2 0.947685 0.640972 0.060185 0.156944
2 0.61713 0.305556 0.025 0.066667
2 0.320833 0.273611 0.015741 0.061111
2 0.536111 0.238194 0.016667 0.054167
5 0.668981 0.550694 0.156481 0.198611
6 0.522685 0.377778 0.080556 0.113889
6 0.649074 0.403472 0.094444 0.109722
6 0.2375 0.533333 0.062037 0.163889
6 0.388426 0.257639 0.049074 0.068056
12 0.406019 0.647222 0.358333 0.677778
2 0.313426 0.240278 0.013889 0.052778
2 0.303704 0.220833 0.011111 0.044444
2 0.508796 0.215278 0.013889 0.047222
2 0.474074 0.2 0.012963 0.041667
2 0.457407 0.174306 0.009259 0.026389
6 0.551389 0.2125 0.030556 0.041667
6 0.486111 0.169444 0.033333 0.044444
5 0.450463 0.209722 0.034259 0.052778
11 0.368519 0.205556 0.040741 0.083333
