2 0.676852 0.800694 0.088889 0.176389
2 0.498148 0.678472 0.057407 0.140278
2 0.599074 0.660417 0.072222 0.120833
2 0.271296 0.513194 0.025926 0.106944
2 0.502315 0.536111 0.047222 0.108333
2 0.172685 0.529861 0.028704 0.095833
2 0.640741 0.500694 0.038889 0.081944
2 0.211111 0.533333 0.027778 0.102778
2 0.519444 0.436111 0.031481 0.066667
2 0.239815 0.504861 0.025926 0.098611
6 0.416204 0.445139 0.075 0.079167
6 0.291667 0.452083 0.059259 0.090278
11 0.321296 0.357639 0.061111 0.090278
6 0.247222 0.4125 0.038889 0.066667
6 0.231944 0.377083 0.041667 0.059722
6 0.244444 0.288194 0.033333 0.045833
2 0.070833 0.460417 0.021296 0.079167
2 0.156019 0.48125 0.017593 0.059722
2 0.206481 0.440278 0.018519 0.05
2 0.131481 0.396528 0.018519 0.056944
2 0.131019 0.434722 0.019444 0.05
2 0.277315 0.397222 0.017593 0.041667
2 0.296759 0.294444 0.013889 0.038889
2 0.278241 0.280556 0.017593 0.047222
2 0.160185 0.275 0.011111 0.033333
2 0.20463 0.308333 0.014815 0.038889
2 0.185648 0.3125 0.013889 0.038889
2 0.161111 0.313194 0.011111 0.0375
2 0.148148 0.309028 0.012963 0.031944
2 0.151852 0.336111 0.012963 0.036111
2 0.156944 0.384722 0.015741 0.041667
2 0.144444 0.275694 0.012963 0.0375
2 0.130556 0.290972 0.014815 0.0375
2 0.188426 0.377778 0.017593 0.041667
2 0.252778 0.256944 0.011111 0.036111
2 0.175463 0.330556 0.012037 0.041667
2 0.180556 0.3625 0.012963 0.047222
2 0.212037 0.238889 0.009259 0.025
