2 0.231019 0.579861 0.030556 0.115278
2 0.366667 0.74375 0.042593 0.154167
2 0.32963 0.890972 0.044444 0.179167
2 0.418056 0.373611 0.023148 0.066667
2 0.266204 0.554167 0.026852 0.102778
2 0.312037 0.444444 0.024074 0.088889
2 0.198148 0.438194 0.022222 0.081944
2 0.287963 0.686806 0.038889 0.134722
2 0.24213 0.406944 0.023148 0.075
2 0.398611 0.897917 0.050926 0.1625
2 0.4375 0.816667 0.043519 0.138889
2 0.280093 0.914583 0.050926 0.154167
2 0.174537 0.380556 0.019444 0.075
2 0.587963 0.429861 0.044444 0.070833
2 0.459722 0.920139 0.060185 0.131944
6 0.66713 0.697917 0.162037 0.159722
7 0.582407 0.850694 0.22037 0.268056
5 0.565278 0.515278 0.10463 0.1
6 0.924074 0.817361 0.138889 0.223611
6 0.290741 0.336806 0.038889 0.051389
2 0.196296 0.303472 0.009259 0.040278
5 0.179167 0.273611 0.023148 0.033333
2 0.178704 0.311806 0.011111 0.048611
2 0.161111 0.340972 0.011111 0.043056
2 0.114815 0.309028 0.009259 0.0375
6 0.232407 0.273611 0.022222 0.036111
2 0.308333 0.297222 0.011111 0.036111
2 0.155093 0.303472 0.010185 0.043056
