1 0.422685 0.463889 0.025 0.094444
2 0.328241 0.665278 0.052778 0.155556
2 0.183333 0.514583 0.022222 0.090278
2 0.573611 0.467361 0.032407 0.073611
2 0.155093 0.484722 0.021296 0.086111
2 0.160648 0.690278 0.05463 0.113889
6 0.781019 0.554861 0.149074 0.118056
6 0.284259 0.439583 0.061111 0.115278
5 0.207407 0.34375 0.040741 0.065278
2 0.59213 0.4375 0.034259 0.058333
2 0.5125 0.375694 0.021296 0.0625
2 0.124074 0.358333 0.014815 0.055556
2 0.153241 0.365972 0.013889 0.056944
2 0.171296 0.3375 0.014815 0.052778
2 0.151852 0.318056 0.011111 0.044444
2 0.197685 0.473611 0.021296 0.077778
2 0.222685 0.505556 0.021296 0.094444
2 0.228241 0.461806 0.019444 0.065278
2 0.253704 0.396528 0.037037 0.073611
2 0.158333 0.294444 0.009259 0.033333
6 0.248148 0.292361 0.031481 0.040278
2 0.312037 0.303472 0.011111 0.034722
2 0.300926 0.306944 0.011111 0.036111
0 0.884722 0.491667 0.015741 0.072222
