2 0.721296 0.588194 0.05 0.109722
2 0.634259 0.6375 0.064815 0.122222
2 0.235648 0.727778 0.082407 0.122222
2 0.507407 0.548611 0.027778 0.102778
2 0.599537 0.522917 0.028704 0.079167
2 0.197685 0.671528 0.069444 0.118056
2 0.375463 0.394444 0.021296 0.066667
2 0.452778 0.552083 0.031481 0.109722
2 0.550926 0.533333 0.037037 0.086111
2 0.643056 0.535417 0.034259 0.076389
2 0.631019 0.460417 0.043519 0.079167
2 0.17037 0.429167 0.02037 0.077778
2 0.187037 0.495833 0.024074 0.094444
2 0.756481 0.468056 0.046296 0.094444
5 0.906019 0.642361 0.158333 0.126389
6 0.290741 0.466667 0.062963 0.1
6 0.227315 0.464583 0.058333 0.120833
6 0.319444 0.359722 0.046296 0.055556
6 0.231944 0.381944 0.049074 0.063889
2 0.184722 0.413889 0.015741 0.069444
2 0.188426 0.366667 0.013889 0.052778
2 0.187037 0.329861 0.018519 0.031944
2 0.167593 0.369444 0.012963 0.05
2 0.158333 0.355556 0.011111 0.041667
2 0.136574 0.374306 0.012037 0.051389
2 0.436111 0.408333 0.02037 0.061111
2 0.49213 0.456944 0.025 0.061111
2 0.539352 0.481944 0.025 0.072222
2 0.452315 0.39375 0.017593 0.056944
2 0.419444 0.377778 0.016667 0.05
2 0.406944 0.417361 0.023148 0.070833
2 0.131481 0.321528 0.012963 0.040278
2 0.299537 0.315278 0.012037 0.044444
6 0.226389 0.347222 0.039815 0.038889
6 0.261574 0.310417 0.037963 0.048611
6 0.239815 0.283333 0.024074 0.044444
6 0.158333 0.3125 0.02963 0.052778
6 0.188426 0.2875 0.034259 0.047222
0 0.118981 0.404861 0.013889 0.0625
2 0.150463 0.275694 0.010185 0.031944
