2 0.526389 0.386111 0.063889 0.105556
2 0.577315 0.572917 0.047222 0.168056
2 0.389815 0.301389 0.022222 0.086111
2 0.361111 0.320139 0.024074 0.090278
2 0.622222 0.3375 0.025926 0.080556
2 0.551389 0.304861 0.023148 0.081944
2 0.429167 0.291667 0.023148 0.075
2 0.796759 0.58125 0.052778 0.151389
2 0.85787 0.525694 0.04537 0.1375
2 0.94213 0.573611 0.050926 0.147222
2 0.975463 0.345139 0.030556 0.070833
2 0.969444 0.438194 0.048148 0.076389
2 0.859722 0.427083 0.032407 0.098611
2 0.473611 0.224306 0.017593 0.051389
2 0.898611 0.361111 0.034259 0.075
6 0.740741 0.478472 0.109259 0.1375
6 0.89213 0.822917 0.199074 0.323611
6 0.769444 0.352778 0.085185 0.088889
6 0.491204 0.304861 0.058333 0.081944
6 0.328241 0.286111 0.047222 0.075
2 0.580556 0.265972 0.014815 0.056944
2 0.500463 0.249306 0.017593 0.043056
2 0.519907 0.221528 0.013889 0.051389
2 0.49537 0.2125 0.014815 0.044444
2 0.443981 0.180556 0.010185 0.033333
2 0.463889 0.173611 0.009259 0.030556
2 0.610185 0.375694 0.0 0.001389
6 0.371759 0.1375 0.017593 0.036111
