0 0.938889 0.472222 0.025926 0.122222
2 0.933333 0.750694 0.090741 0.184722
2 0.158796 0.545139 0.039815 0.143056
2 0.21713 0.598611 0.047222 0.180556
2 0.425926 0.411111 0.053704 0.111111
2 0.256481 0.400694 0.031481 0.115278
2 0.863426 0.439583 0.036111 0.120833
2 0.297685 0.326389 0.023148 0.091667
2 0.542593 0.274306 0.02037 0.0625
2 0.483333 0.3 0.040741 0.077778
2 0.452778 0.278472 0.031481 0.0625
2 0.57037 0.286806 0.02037 0.059722
2 0.447222 0.396528 0.042593 0.098611
2 0.292593 0.266667 0.018519 0.055556
6 0.484722 0.256944 0.043519 0.058333
6 0.282407 0.2125 0.033333 0.047222
11 0.596296 0.445139 0.155556 0.279167
0 0.967593 0.484722 0.025926 0.122222
2 0.391667 0.236111 0.016667 0.052778
2 0.378704 0.209028 0.012963 0.051389
2 0.364352 0.190278 0.013889 0.044444
2 0.334722 0.205556 0.010185 0.044444
2 0.341204 0.186806 0.013889 0.043056
2 0.469907 0.191667 0.010185 0.038889
2 0.495833 0.196528 0.013889 0.043056
2 0.462963 0.168056 0.009259 0.036111
6 0.548148 0.210417 0.035185 0.045833
6 0.487963 0.170139 0.02963 0.043056
11 0.432407 0.184028 0.033333 0.070833
4 0.340278 0.4 0.049074 0.136111
