2 0.798611 0.486806 0.028704 0.098611
2 0.641204 0.561111 0.043519 0.088889
2 0.332407 0.841667 0.046296 0.197222
2 0.408796 0.885417 0.049074 0.179167
2 0.846296 0.502083 0.025926 0.093056
2 0.550926 0.479861 0.031481 0.068056
2 0.5125 0.440278 0.032407 0.069444
2 0.435648 0.410417 0.025 0.070833
2 0.587963 0.436806 0.040741 0.068056
6 0.885185 0.78125 0.216667 0.1875
6 0.401389 0.688194 0.119444 0.179167
6 0.298148 0.475 0.075926 0.141667
6 0.239352 0.379167 0.049074 0.075
2 0.20463 0.459722 0.018519 0.069444
2 0.206019 0.413194 0.015741 0.054167
2 0.415278 0.358333 0.012037 0.05
2 0.381019 0.358333 0.013889 0.05
2 0.364352 0.347917 0.015741 0.045833
2 0.327315 0.313889 0.010185 0.036111
2 0.29537 0.300694 0.011111 0.034722
5 0.214815 0.255556 0.02037 0.033333
11 0.237963 0.265972 0.027778 0.051389
2 0.160648 0.293056 0.010185 0.036111
2 0.14537 0.271528 0.009259 0.031944
2 0.880093 0.461806 0.034259 0.065278
