2 0.261111 0.515972 0.022222 0.084722
2 0.734722 0.481944 0.049074 0.080556
2 0.326389 0.334028 0.021296 0.073611
2 0.194907 0.551389 0.026852 0.097222
2 0.364815 0.338194 0.022222 0.070833
10 0.243519 0.353472 0.088889 0.168056
2 0.130556 0.510417 0.024074 0.081944
2 0.122685 0.444444 0.021296 0.072222
2 0.134259 0.378472 0.016667 0.056944
2 0.160648 0.422222 0.017593 0.05
2 0.227778 0.507639 0.02037 0.073611
2 0.24213 0.485417 0.021296 0.081944
2 0.204167 0.405556 0.017593 0.052778
6 0.293056 0.475 0.063889 0.097222
6 0.151852 0.288194 0.02963 0.045833
6 0.186111 0.3 0.031481 0.05
2 0.153704 0.522917 0.025926 0.095833
2 0.180093 0.525 0.021296 0.069444
2 0.202778 0.511111 0.02037 0.069444
