0 0.490741 0.609722 0.040741 0.166667
2 0.259259 0.415278 0.02963 0.113889
2 0.272222 0.327083 0.024074 0.081944
2 0.87037 0.718056 0.081481 0.194444
2 0.608333 0.374306 0.025926 0.098611
2 0.789815 0.695139 0.061111 0.1875
2 0.698611 0.577083 0.047222 0.145833
2 0.755093 0.536111 0.04537 0.15
2 0.761574 0.398611 0.036111 0.102778
6 0.568981 0.497917 0.115741 0.145833
6 0.291204 0.202778 0.032407 0.047222
11 0.891667 0.561111 0.209259 0.325
2 0.668981 0.281944 0.037963 0.061111
2 0.739815 0.48125 0.031481 0.106944
2 0.459259 0.186111 0.011111 0.038889
2 0.4625 0.167361 0.008333 0.031944
6 0.419444 0.136806 0.018519 0.029167
6 0.399074 0.129167 0.014815 0.027778
12 0.372222 0.138889 0.027778 0.069444
0 0.621296 0.236806 0.012963 0.045833
0 0.047685 0.505556 0.023148 0.052778
