2 0.636574 0.502778 0.043519 0.094444
2 0.895833 0.519444 0.039815 0.080556
2 0.467593 0.531944 0.025926 0.1
2 0.514815 0.547917 0.025926 0.106944
6 0.218056 0.480556 0.04537 0.111111
2 0.488426 0.404167 0.023148 0.069444
2 0.772685 0.474306 0.030556 0.076389
5 0.868981 0.841667 0.241667 0.247222
6 0.42963 0.452778 0.088889 0.097222
6 0.552778 0.511806 0.116667 0.109722
6 0.300926 0.461111 0.077778 0.127778
6 0.256019 0.411806 0.047222 0.0875
11 0.221759 0.3375 0.043519 0.1
2 0.172685 0.511806 0.021296 0.081944
2 0.408333 0.402778 0.018519 0.044444
2 0.399537 0.365972 0.015741 0.048611
2 0.325463 0.325694 0.013889 0.043056
2 0.586111 0.441667 0.037037 0.063889
2 0.722685 0.46875 0.034259 0.076389
2 0.139815 0.517361 0.024074 0.084722
2 0.119444 0.475694 0.02037 0.073611
2 0.127778 0.439583 0.014815 0.059722
2 0.153241 0.470833 0.013889 0.069444
2 0.159259 0.415972 0.014815 0.059722
2 0.178704 0.390972 0.012963 0.048611
2 0.187963 0.359028 0.012963 0.054167
2 0.17037 0.363889 0.011111 0.041667
2 0.175926 0.333333 0.011111 0.047222
2 0.159722 0.340972 0.010185 0.040278
2 0.151852 0.358333 0.011111 0.044444
2 0.143981 0.402083 0.010185 0.040278
2 0.117593 0.357639 0.012963 0.048611
2 0.184722 0.28125 0.010185 0.0375
2 0.159259 0.309028 0.009259 0.029167
6 0.200926 0.425694 0.048148 0.073611
6 0.257407 0.305556 0.027778 0.036111
6 0.238426 0.28125 0.026852 0.040278
11 0.202778 0.291667 0.02963 0.080556
2 0.172685 0.303472 0.008333 0.023611
2 0.143519 0.440972 0.012963 0.048611
2 0.118056 0.416667 0.013889 0.055556
2 0.125926 0.299306 0.009259 0.0375
2 0.125463 0.378472 0.010185 0.048611
11 0.289352 0.31875 0.037963 0.073611
2 0.837037 0.652083 0.061111 0.106944
2 0.113889 0.629167 0.042593 0.108333
