2 0.957407 0.693056 0.062963 0.105556
2 0.321759 0.527083 0.026852 0.095833
2 0.160648 0.520139 0.025 0.090278
2 0.287963 0.515278 0.024074 0.091667
2 0.247685 0.514583 0.026852 0.095833
6 0.826389 0.684722 0.180556 0.152778
6 0.507407 0.481944 0.087037 0.088889
6 0.290741 0.434722 0.064815 0.091667
2 0.193981 0.511806 0.017593 0.0875
2 0.21713 0.498611 0.019444 0.083333
2 0.244907 0.452083 0.017593 0.056944
2 0.234722 0.427083 0.015741 0.054167
2 0.224074 0.466667 0.016667 0.069444
2 0.201389 0.420139 0.013889 0.054167
2 0.17963 0.488889 0.016667 0.075
2 0.12963 0.5375 0.027778 0.1
2 0.111111 0.5 0.016667 0.077778
2 0.125 0.478472 0.018519 0.059722
2 0.172222 0.414583 0.014815 0.059722
2 0.099537 0.45625 0.021296 0.065278
2 0.166667 0.338194 0.012963 0.045833
2 0.113889 0.416667 0.012963 0.066667
2 0.150926 0.413889 0.011111 0.047222
2 0.202315 0.384028 0.013889 0.043056
5 0.204167 0.343056 0.034259 0.055556
11 0.253704 0.366667 0.062963 0.102778
2 0.168519 0.286111 0.009259 0.030556
2 0.26713 0.3 0.010185 0.033333
2 0.125926 0.296528 0.007407 0.031944
2 0.136574 0.315972 0.010185 0.0375
2 0.140741 0.352778 0.009259 0.033333
2 0.145833 0.265278 0.008333 0.025
0 0.863426 0.463889 0.013889 0.075
0 0.902778 0.411111 0.012963 0.075
2 0.248611 0.261111 0.010185 0.027778
6 0.187037 0.290972 0.018519 0.0375
2 0.271759 0.4875 0.017593 0.077778
