2 0.293519 0.829861 0.046296 0.176389
2 0.365741 0.90625 0.051852 0.156944
2 0.249074 0.658333 0.033333 0.130556
2 0.176389 0.616667 0.026852 0.113889
2 0.203241 0.68125 0.032407 0.134722
2 0.453241 0.478472 0.026852 0.079167
2 0.206481 0.595139 0.024074 0.084722
2 0.586111 0.436111 0.040741 0.066667
2 0.314352 0.577778 0.032407 0.069444
2 0.143519 0.481944 0.024074 0.088889
2 0.727315 0.579861 0.039815 0.090278
2 0.274074 0.565278 0.027778 0.097222
2 0.221759 0.513889 0.026852 0.094444
2 0.178704 0.526389 0.024074 0.083333
5 0.556481 0.695139 0.166667 0.181944
6 0.349537 0.695833 0.123148 0.183333
6 0.393519 0.445833 0.07037 0.075
6 0.389352 0.577778 0.102778 0.166667
6 0.574074 0.606944 0.122222 0.125
5 0.526852 0.872222 0.222222 0.236111
6 0.303241 0.493056 0.060185 0.102778
6 0.261574 0.409028 0.050926 0.076389
6 0.218056 0.359722 0.041667 0.055556
9 0.872222 0.80625 0.248148 0.284722
2 0.259722 0.525 0.021296 0.086111
2 0.235648 0.482639 0.019444 0.090278
2 0.239815 0.577778 0.02037 0.086111
2 0.188889 0.483333 0.02037 0.088889
2 0.215278 0.46875 0.019444 0.068056
2 0.176852 0.413194 0.018519 0.065278
2 0.156944 0.4625 0.017593 0.083333
2 0.123148 0.441667 0.022222 0.083333
2 0.147685 0.390278 0.015741 0.058333
2 0.153704 0.34375 0.012963 0.051389
2 0.131481 0.370833 0.012963 0.063889
11 0.206481 0.310417 0.042593 0.095833
2 0.298148 0.429167 0.018519 0.044444
2 0.324537 0.452778 0.019444 0.063889
6 0.188889 0.3875 0.037037 0.066667
2 0.218056 0.425 0.015741 0.036111
2 0.131019 0.317361 0.012037 0.045833
11 0.265278 0.302778 0.043519 0.066667
2 0.314352 0.325694 0.013889 0.0375
2 0.160185 0.325694 0.009259 0.045833
2 0.701389 0.581944 0.032407 0.097222
2 0.661111 0.593056 0.042593 0.094444
2 0.668981 0.547222 0.030556 0.077778
2 0.722222 0.522222 0.037037 0.066667
2 0.624537 0.54375 0.036111 0.079167
2 0.609722 0.515278 0.026852 0.077778
2 0.575926 0.518056 0.033333 0.069444
2 0.543519 0.447222 0.022222 0.063889
2 0.495833 0.491667 0.034259 0.086111
2 0.524537 0.490972 0.028704 0.090278
2 0.454167 0.415972 0.021296 0.056944
6 0.4625 0.397222 0.056481 0.066667
2 0.35 0.340972 0.016667 0.059722
