2 0.463426 0.689583 0.062037 0.201389
2 0.894444 0.579861 0.061111 0.1625
2 0.281019 0.4875 0.037963 0.155556
2 0.186111 0.492361 0.035185 0.129167
2 0.95787 0.597917 0.062037 0.170833
2 0.762037 0.479167 0.037037 0.122222
2 0.185648 0.384028 0.04537 0.093056
2 0.288889 0.379861 0.02963 0.104167
2 0.50787 0.324306 0.023148 0.081944
2 0.297222 0.243056 0.018519 0.058333
2 0.549074 0.277778 0.018519 0.069444
2 0.175463 0.922222 0.065741 0.122222
2 0.774074 0.604861 0.046296 0.134722
2 0.513889 0.253472 0.018519 0.065278
6 0.392593 0.272222 0.053704 0.086111
6 0.689352 0.656944 0.191667 0.269444
11 0.648148 0.3625 0.125926 0.216667
2 0.091204 0.425694 0.078704 0.104167
2 0.334722 0.238194 0.015741 0.059722
2 0.323148 0.2125 0.012963 0.05
2 0.564352 0.270833 0.015741 0.061111
2 0.501852 0.240278 0.012963 0.052778
2 0.481481 0.217361 0.012963 0.045833
2 0.519907 0.227083 0.015741 0.051389
2 0.340741 0.172917 0.009259 0.031944
6 0.447685 0.223611 0.037963 0.058333
6 0.488426 0.170139 0.026852 0.040278
6 0.549074 0.211111 0.033333 0.047222
6 0.437037 0.159028 0.022222 0.040278
6 0.408796 0.150694 0.021296 0.034722
11 0.369907 0.170833 0.028704 0.069444
0 0.220833 0.253472 0.012037 0.056944
0 0.736574 0.274306 0.017593 0.065278
