2 0.944444 0.870139 0.090741 0.176389
2 0.667593 0.571528 0.040741 0.090278
2 0.538889 0.493056 0.033333 0.094444
2 0.846296 0.502083 0.025926 0.090278
2 0.798148 0.686806 0.059259 0.1125
2 0.613426 0.581944 0.041667 0.091667
2 0.238889 0.759722 0.042593 0.161111
2 0.306944 0.880556 0.04537 0.180556
2 0.212037 0.5125 0.022222 0.091667
2 0.20787 0.66875 0.032407 0.1125
2 0.438889 0.445139 0.027778 0.081944
2 0.185185 0.566667 0.027778 0.108333
2 0.273148 0.575694 0.025926 0.101389
2 0.310185 0.561111 0.02963 0.102778
2 0.340741 0.828472 0.046296 0.1375
2 0.587963 0.438194 0.044444 0.068056
2 0.080093 0.615972 0.028704 0.090278
2 0.638426 0.523611 0.039815 0.080556
2 0.492593 0.49375 0.038889 0.0875
2 0.248611 0.683333 0.030556 0.108333
2 0.272222 0.654861 0.031481 0.123611
2 0.39537 0.390278 0.022222 0.075
2 0.37963 0.930556 0.048148 0.125
2 0.454167 0.401389 0.026852 0.069444
2 0.134259 0.399306 0.014815 0.065278
6 0.807407 0.841667 0.222222 0.227778
6 0.372222 0.572917 0.101852 0.126389
5 0.368056 0.720833 0.137963 0.233333
6 0.262037 0.417361 0.062963 0.109722
6 0.218519 0.382639 0.033333 0.0625
2 0.137963 0.345833 0.011111 0.05
2 0.162963 0.384722 0.014815 0.069444
2 0.168056 0.361806 0.015741 0.056944
6 0.218056 0.338194 0.034259 0.054167
6 0.191667 0.3125 0.027778 0.047222
6 0.155093 0.297222 0.026852 0.052778
6 0.184722 0.280556 0.026852 0.036111
2 0.302315 0.313889 0.012037 0.038889
2 0.366204 0.360417 0.013889 0.051389
2 0.378241 0.377778 0.015741 0.044444
2 0.40787 0.366667 0.013889 0.055556
2 0.491667 0.443056 0.025926 0.061111
2 0.928704 0.46875 0.027778 0.084722
