2 0.217593 0.518056 0.038889 0.152778
2 0.293056 0.400694 0.032407 0.123611
2 0.525926 0.896528 0.094444 0.193056
2 0.9375 0.814583 0.102778 0.204167
2 0.332407 0.499306 0.051852 0.168056
2 0.700926 0.6625 0.061111 0.175
2 0.605556 0.320139 0.022222 0.081944
2 0.640278 0.390972 0.030556 0.104167
2 0.095833 0.556944 0.043519 0.15
2 0.131481 0.881944 0.068519 0.205556
2 0.748148 0.398611 0.02963 0.105556
2 0.468056 0.263194 0.019444 0.0625
2 0.925463 0.59375 0.052778 0.154167
2 0.528704 0.281944 0.02037 0.072222
2 0.812037 0.429861 0.02963 0.106944
2 0.784259 0.372917 0.02963 0.095833
2 0.861111 0.532639 0.038889 0.101389
2 0.569444 0.294444 0.02037 0.072222
6 0.791204 0.6125 0.162037 0.205556
6 0.399074 0.252083 0.048148 0.076389
11 0.901852 0.291667 0.142593 0.147222
6 0.316204 0.282639 0.050926 0.090278
6 0.337037 0.213194 0.031481 0.051389
6 0.427778 0.190278 0.035185 0.052778
6 0.549074 0.211806 0.035185 0.051389
6 0.36713 0.192361 0.026852 0.048611
6 0.372685 0.161111 0.023148 0.036111
1 0.112963 0.425 0.042593 0.108333
2 0.862963 0.461806 0.031481 0.0875
2 0.879167 0.38125 0.036111 0.090278
2 0.828241 0.401389 0.023148 0.097222
2 0.968519 0.689583 0.05 0.145833
2 0.100926 0.465972 0.038889 0.106944
2 0.515278 0.236806 0.015741 0.045833
2 0.570833 0.234722 0.013889 0.041667
2 0.584259 0.285417 0.016667 0.0625
2 0.393056 0.201389 0.012037 0.033333
2 0.314815 0.202083 0.011111 0.043056
2 0.478704 0.229167 0.012963 0.055556
2 0.501852 0.209028 0.011111 0.0375
