2 0.562963 0.654167 0.059259 0.138889
2 0.496296 0.891667 0.061111 0.183333
2 0.337963 0.6875 0.038889 0.141667
2 0.168519 0.516667 0.025926 0.1
2 0.4875 0.415972 0.034259 0.068056
2 0.258333 0.613194 0.037037 0.1375
2 0.209259 0.589583 0.031481 0.118056
2 0.306944 0.459722 0.026852 0.088889
2 0.275463 0.481944 0.025 0.083333
2 0.168981 0.438889 0.023148 0.077778
2 0.243981 0.390278 0.021296 0.069444
2 0.268981 0.565278 0.028704 0.097222
2w 0.198148 0.452778 0.014815 0.080556
2w 0.204167 0.417361 0.017593 0.0625
2w 0.224537 0.363889 0.013889 0.072222
6 0.214815 0.331944 0.037037 0.055556
6 0.169444 0.313889 0.02963 0.044444
2w 0.137037 0.332639 0.014815 0.043056
2w 0.152778 0.298611 0.011111 0.041667
2w 0.152315 0.265278 0.012037 0.036111
