2 0.468981 0.622917 0.052778 0.126389
2 0.216667 0.736806 0.044444 0.156944
2 0.342593 0.905556 0.055556 0.147222
2 0.51713 0.535417 0.026852 0.104167
2 0.532407 0.443056 0.027778 0.072222
2 0.231944 0.576389 0.034259 0.125
2 0.331944 0.716667 0.039815 0.111111
2 0.335648 0.804167 0.04537 0.133333
2 0.186111 0.606944 0.031481 0.108333
2 0.386111 0.363889 0.018519 0.061111
6 0.355093 0.549306 0.099074 0.176389
6 0.224074 0.499306 0.068519 0.090278
9 0.230556 0.338889 0.07963 0.152778
2 0.142593 0.536806 0.02037 0.076389
2 0.149537 0.501389 0.017593 0.052778
2 0.177778 0.413194 0.016667 0.073611
2 0.177315 0.505556 0.021296 0.052778
2 0.175 0.465278 0.018519 0.041667
2 0.156019 0.44375 0.015741 0.0625
2 0.155556 0.411806 0.018519 0.045833
2 0.128241 0.475694 0.019444 0.070833
2 0.149074 0.324306 0.009259 0.040278
2 0.158796 0.309028 0.012037 0.048611
2 0.12963 0.321528 0.011111 0.045833
2 0.164815 0.361806 0.014815 0.059722
2 0.264352 0.266667 0.012037 0.025
2 0.153241 0.260417 0.010185 0.031944
2 0.168519 0.255556 0.009259 0.030556
2 0.181944 0.359028 0.012037 0.040278
2 0.138889 0.355556 0.012963 0.041667
2 0.14213 0.440278 0.013889 0.047222
0 0.552315 0.366667 0.015741 0.066667
6 0.215741 0.420833 0.048148 0.063889
