2 0.940741 0.697222 0.072222 0.188889
2 0.511574 0.372222 0.062037 0.091667
2 0.068056 0.803472 0.075 0.256944
2 0.303241 0.582639 0.036111 0.145833
2 0.177778 0.559028 0.044444 0.154167
2 0.228241 0.614583 0.04537 0.156944
2 0.73287 0.463889 0.043519 0.152778
2 0.823611 0.688889 0.071296 0.180556
2 0.221759 0.417361 0.028704 0.118056
2 0.251389 0.7875 0.056481 0.233333
2 0.15463 0.402083 0.064815 0.0875
2 0.255093 0.495833 0.034259 0.136111
2 0.369444 0.401389 0.02963 0.111111
2 0.328704 0.479861 0.033333 0.134722
2 0.120833 0.538194 0.036111 0.1125
2 0.566667 0.274306 0.02037 0.065278
2 0.29213 0.340972 0.025 0.093056
2 0.625 0.376389 0.02963 0.094444
2 0.330556 0.334028 0.022222 0.090278
2 0.901389 0.538194 0.036111 0.1375
2 0.443056 0.291667 0.025 0.080556
2 0.850926 0.478472 0.031481 0.1125
2 0.277315 0.436111 0.028704 0.113889
2 0.828704 0.536806 0.038889 0.118056
2 0.540278 0.2625 0.017593 0.061111
2 0.649074 0.330556 0.048148 0.075
11 0.377315 0.210417 0.062037 0.118056
6 0.437963 0.204861 0.038889 0.054167
6 0.552315 0.213194 0.032407 0.051389
2 0.851852 0.295833 0.046296 0.066667
2 0.409722 0.252083 0.030556 0.059722
2 0.451389 0.265972 0.023148 0.081944
2 0.478704 0.2 0.012963 0.047222
2 0.489815 0.188889 0.011111 0.044444
2 0.309722 0.272917 0.015741 0.070833
2 0.273148 0.297917 0.018519 0.073611
2 0.290278 0.260417 0.012037 0.059722
2 0.256944 0.279861 0.013889 0.065278
2 0.292593 0.218056 0.012963 0.047222
2 0.311111 0.23125 0.016667 0.048611
2 0.344444 0.227778 0.009259 0.047222
2 0.067593 0.421528 0.064815 0.098611
11 0.89213 0.345139 0.106481 0.1375
