2 0.11713 0.701389 0.056481 0.202778
2 0.135185 0.419444 0.07037 0.111111
2 0.563889 0.580556 0.048148 0.172222
2 0.499074 0.630556 0.059259 0.163889
2 0.912037 0.3625 0.033333 0.088889
2 0.765278 0.533333 0.049074 0.15
2 0.725926 0.425 0.042593 0.113889
2 0.283796 0.455556 0.034259 0.130556
2 0.266204 0.328472 0.025 0.0875
2 0.588426 0.425694 0.030556 0.109722
2 0.610648 0.348611 0.025 0.086111
2 0.839352 0.673611 0.069444 0.166667
2 0.902315 0.649306 0.058333 0.159722
2 0.323611 0.284722 0.019444 0.066667
2 0.489815 0.536111 0.046296 0.133333
2 0.268519 0.404861 0.025926 0.090278
2 0.286111 0.288194 0.018519 0.068056
2 0.547222 0.283333 0.02037 0.072222
6 0.466204 0.2625 0.041667 0.058333
6 0.498611 0.325694 0.065741 0.104167
6 0.381019 0.359722 0.062037 0.119444
9 0.363889 0.484722 0.105556 0.238889
11 0.373611 0.226389 0.04537 0.113889
2 0.893981 0.907639 0.10463 0.165278
2 0.618981 0.309722 0.019444 0.069444
2 0.565741 0.256944 0.016667 0.052778
2 0.505556 0.236806 0.014815 0.054167
2 0.523611 0.225694 0.015741 0.059722
2 0.489352 0.240278 0.013889 0.055556
2 0.489352 0.207639 0.012037 0.040278
2 0.310185 0.232639 0.011111 0.051389
2 0.291667 0.259722 0.012963 0.061111
6 0.545833 0.211806 0.034259 0.054167
6 0.445833 0.223611 0.030556 0.05
6 0.408796 0.150694 0.023148 0.0375
2 0.971296 0.650694 0.040741 0.168056
2 0.348148 0.181944 0.007407 0.036111
