0 0.743056 0.498611 0.015741 0.058333
2 0.285648 0.495139 0.026852 0.098611
2 0.313889 0.440972 0.02037 0.076389
2 0.173148 0.522917 0.027778 0.098611
2 0.127315 0.615972 0.032407 0.118056
2 0.228704 0.508333 0.024074 0.086111
2 0.415741 0.394444 0.022222 0.063889
2 0.193056 0.499306 0.021296 0.081944
2 0.150463 0.501389 0.019444 0.086111
2 0.135185 0.455556 0.018519 0.083333
6 0.175463 0.370833 0.047222 0.075
2 0.258333 0.498611 0.025926 0.077778
6 0.256481 0.446528 0.046296 0.073611
6 0.247685 0.399306 0.047222 0.0625
2 0.212963 0.474306 0.016667 0.0875
2 0.190741 0.440278 0.018519 0.058333
2 0.221759 0.434722 0.015741 0.066667
2 0.203704 0.425694 0.014815 0.059722
2 0.369907 0.349306 0.015741 0.0625
6 0.286574 0.277083 0.032407 0.0375
6 0.216667 0.344444 0.037037 0.05
2 0.294907 0.305556 0.010185 0.033333
2 0.243056 0.259722 0.008333 0.025
6 0.208333 0.309722 0.027778 0.038889
6 0.194444 0.288889 0.022222 0.036111
2 0.140741 0.378472 0.014815 0.056944
2 0.156944 0.4625 0.012037 0.041667
2 0.13287 0.411806 0.013889 0.045833
2 0.12963 0.346528 0.011111 0.043056
6 0.172222 0.313194 0.024074 0.043056
2 0.140278 0.311111 0.010185 0.036111
2 0.6875 0.550694 0.037963 0.0875
2 0.671759 0.513889 0.04537 0.069444
2 0.587963 0.442361 0.044444 0.068056
