2 0.268981 0.5125 0.030556 0.097222
2 0.216667 0.525 0.024074 0.1
2 0.177315 0.451389 0.017593 0.063889
2 0.168981 0.511806 0.026852 0.106944
2 0.168056 0.366667 0.013889 0.061111
2 0.149074 0.35625 0.012963 0.056944
2 0.503241 0.4375 0.023148 0.069444
2 0.479167 0.466667 0.028704 0.072222
2 0.422685 0.442361 0.021296 0.076389
2 0.434259 0.415972 0.02037 0.065278
2 0.425926 0.375 0.016667 0.055556
2 0.454167 0.396528 0.021296 0.070833
2 0.469907 0.429167 0.017593 0.069444
2 0.383796 0.634722 0.032407 0.119444
2 0.590278 0.59375 0.058333 0.106944
2 0.544444 0.607639 0.064815 0.129167
2 0.659259 0.579861 0.048148 0.101389
2 0.685185 0.554167 0.035185 0.091667
2 0.757407 0.560417 0.057407 0.081944
2 0.743981 0.619444 0.050926 0.088889
2 0.419444 0.693056 0.042593 0.127778
2 0.180093 0.325694 0.013889 0.054167
2 0.392593 0.384028 0.014815 0.054167
2 0.401389 0.3625 0.013889 0.041667
2 0.138426 0.320139 0.012037 0.045833
2 0.14537 0.296528 0.011111 0.0375
2 0.238426 0.786111 0.052778 0.169444
2 0.356019 0.929861 0.056481 0.131944
2 0.179167 0.629861 0.028704 0.1375
2 0.210648 0.601389 0.030556 0.102778
2 0.213889 0.681944 0.042593 0.105556
2 0.251852 0.257639 0.016667 0.040278
2 0.373148 0.363889 0.018519 0.047222
6 0.450463 0.870139 0.163889 0.240278
6 0.57963 0.79375 0.22963 0.240278
6 0.888889 0.894444 0.209259 0.191667
6 0.289352 0.636111 0.099074 0.155556
6 0.275 0.423611 0.057407 0.075
6 0.320833 0.3625 0.047222 0.058333
11 0.308333 0.311806 0.055556 0.065278
11 0.228704 0.344444 0.044444 0.097222
6 0.200463 0.305556 0.026852 0.061111
6 0.19537 0.222222 0.02037 0.038889
2 0.798611 0.618056 0.047222 0.102778
2 0.855556 0.713194 0.07037 0.140278
2 0.963426 0.759028 0.073148 0.165278
0 0.747222 0.418056 0.012963 0.055556
0 0.527315 0.375694 0.013889 0.056944
0 0.639815 0.411111 0.012963 0.055556
