2 0.208333 0.618056 0.046296 0.183333
2 0.266667 0.296528 0.018519 0.073611
2 0.305556 0.278472 0.016667 0.068056
6 0.382407 0.277778 0.051852 0.069444
12 0.768056 0.646528 0.449074 0.690278
2 0.532407 0.225694 0.012963 0.045833
2 0.478704 0.193056 0.009259 0.036111
2 0.452315 0.196528 0.010185 0.034722
2 0.465278 0.179861 0.010185 0.029167
2 0.330556 0.228472 0.012963 0.043056
2 0.311574 0.206944 0.015741 0.041667
2 0.068056 0.393056 0.069444 0.083333
2 0.978241 0.314583 0.030556 0.056944
2 0.430093 0.145139 0.010185 0.026389
