2 0.69537 0.588194 0.051852 0.098611
2 0.452778 0.457639 0.027778 0.0875
2 0.22963 0.586111 0.031481 0.119444
2 0.512963 0.445833 0.035185 0.069444
2 0.387963 0.404861 0.022222 0.076389
2 0.419907 0.384028 0.023148 0.065278
2 0.360185 0.368056 0.02037 0.063889
2 0.157407 0.542361 0.024074 0.084722
2 0.250926 0.496528 0.022222 0.093056
6 0.851389 0.582639 0.156481 0.104167
6 0.278241 0.454861 0.063889 0.104167
2 0.180093 0.522917 0.021296 0.090278
2 0.225926 0.499306 0.02037 0.079167
2 0.197685 0.503472 0.021296 0.093056
6 0.25787 0.402083 0.039815 0.076389
2 0.156481 0.49375 0.018519 0.056944
2 0.133333 0.476389 0.016667 0.072222
2 0.147685 0.436806 0.013889 0.0625
2 0.117593 0.440972 0.014815 0.073611
9 0.200463 0.391667 0.076852 0.197222
2 0.138426 0.434722 0.012037 0.055556
2 0.126852 0.420833 0.012963 0.052778
2 0.125 0.372917 0.011111 0.048611
11 0.21713 0.298611 0.037963 0.069444
6 0.239352 0.277083 0.026852 0.0375
2 0.393056 0.36875 0.015741 0.056944
2 0.298148 0.303472 0.012963 0.0375
2 0.270833 0.288194 0.010185 0.034722
2 0.143519 0.314583 0.009259 0.0375
2 0.137963 0.358333 0.011111 0.036111
6 0.175 0.273611 0.024074 0.033333
0 0.5125 0.354167 0.012037 0.058333
2 0.585185 0.441667 0.038889 0.069444
