2 0.21713 0.410417 0.067593 0.101389
2 0.788889 0.719444 0.072222 0.208333
2 0.133796 0.501389 0.037963 0.133333
2 0.949074 0.514583 0.083333 0.123611
2 0.8875 0.652083 0.063889 0.184722
2 0.619907 0.321528 0.025 0.079167
2 0.411574 0.275 0.019444 0.069444
2 0.816204 0.391667 0.030556 0.102778
2 0.768056 0.421528 0.030556 0.109722
2 0.544907 0.295139 0.023148 0.076389
2 0.877315 0.39375 0.030556 0.095833
2 0.398611 0.2375 0.017593 0.058333
2 0.918056 0.349306 0.030556 0.0875
2 0.980556 0.334028 0.022222 0.073611
2 0.272685 0.241667 0.021296 0.052778
2 0.846296 0.479861 0.044444 0.115278
2 0.505093 0.235417 0.017593 0.0625
2 0.855093 0.539583 0.049074 0.131944
2 0.478704 0.232639 0.016667 0.0625
2 0.465278 0.218056 0.013889 0.052778
2 0.325926 0.19375 0.012963 0.045833
2 0.552315 0.240278 0.015741 0.055556
2 0.531481 0.24375 0.018519 0.048611
6 0.550926 0.209028 0.033333 0.045833
