2 0.871759 0.392361 0.030556 0.093056
2 0.166204 0.621528 0.047222 0.173611
2 0.131481 0.869444 0.075926 0.222222
2 0.825 0.429167 0.037037 0.116667
2 0.74537 0.454167 0.042593 0.125
2 0.628241 0.383333 0.032407 0.1
2 0.563889 0.295833 0.031481 0.075
2 0.261574 0.311806 0.019444 0.073611
2 0.260648 0.338889 0.019444 0.088889
2 0.335185 0.225694 0.016667 0.048611
6 0.637963 0.563194 0.151852 0.195833
6 0.505556 0.331944 0.075926 0.108333
6 0.380093 0.208333 0.034259 0.052778
6 0.379167 0.340972 0.063889 0.118056
2 0.099537 0.418056 0.071296 0.102778
2 0.580556 0.275694 0.018519 0.068056
2 0.523148 0.26875 0.022222 0.056944
2 0.530556 0.2375 0.014815 0.052778
2 0.496296 0.238194 0.016667 0.054167
2 0.465741 0.213889 0.016667 0.05
2 0.470833 0.192361 0.010185 0.045833
2 0.335648 0.167361 0.010185 0.031944
2 0.325 0.174306 0.009259 0.029167
2 0.430556 0.165278 0.009259 0.030556
6 0.548148 0.210417 0.035185 0.051389
6 0.4875 0.172222 0.030556 0.038889
2 0.407407 0.238889 0.038889 0.063889
