2 0.205093 0.566667 0.034259 0.119444
2 0.334722 0.925 0.060185 0.122222
2 0.125463 0.464583 0.025 0.090278
6 0.268519 0.409722 0.055556 0.083333
2 0.156944 0.592361 0.021296 0.090278
2 0.175463 0.546528 0.023148 0.095833
2 0.14537 0.525694 0.02037 0.079167
2 0.27037 0.488889 0.022222 0.094444
2 0.296759 0.4875 0.021296 0.086111
2 0.317593 0.48125 0.02037 0.093056
2 0.338426 0.48125 0.019444 0.079167
2 0.239352 0.5 0.021296 0.086111
2 0.244907 0.475 0.013889 0.063889
2 0.173611 0.484028 0.019444 0.056944
2 0.156019 0.472222 0.019444 0.058333
2 0.214352 0.505556 0.015741 0.080556
2 0.224074 0.477778 0.016667 0.072222
2 0.513889 0.449306 0.024074 0.068056
2 0.538889 0.448611 0.025926 0.063889
2 0.315278 0.424306 0.021296 0.059722
2 0.133333 0.420833 0.012963 0.058333
6 0.231019 0.354861 0.036111 0.051389
2 0.190741 0.450694 0.011111 0.048611
2 0.11713 0.396528 0.013889 0.056944
6 0.212037 0.329861 0.02963 0.051389
11 0.203241 0.288889 0.043519 0.066667
6 0.186574 0.352083 0.036111 0.054167
6 0.166204 0.334722 0.032407 0.052778
2 0.144907 0.388889 0.012037 0.044444
6 0.157407 0.274306 0.027778 0.056944
2 0.12963 0.338194 0.011111 0.040278
2 0.324074 0.309722 0.012963 0.038889
2 0.536574 0.336806 0.028704 0.048611
0 0.914352 0.402778 0.012037 0.063889
0 0.901389 0.400694 0.012037 0.056944
2 0.1375 0.322917 0.010185 0.040278
