2 0.401852 0.272222 0.018519 0.069444
2 0.291667 0.313889 0.02037 0.077778
2 0.29213 0.249306 0.017593 0.056944
12 0.683333 0.550694 0.414815 0.720833
2 0.336574 0.221528 0.013889 0.051389
2 0.316204 0.211111 0.010185 0.041667
2 0.3375 0.177778 0.008333 0.027778
2 0.453704 0.199306 0.011111 0.040278
2 0.465741 0.163889 0.009259 0.041667
2 0.45 0.165972 0.009259 0.026389
2 0.430093 0.165972 0.008333 0.026389
2 0.434722 0.156944 0.008333 0.025
11 0.367593 0.150694 0.02037 0.045833
11 0.122222 0.397917 0.02037 0.081944
