2 0.744444 0.609028 0.053704 0.184722
2 0.280093 0.532639 0.039815 0.154167
2 0.282407 0.321528 0.024074 0.093056
2 0.926389 0.597222 0.05463 0.175
2 0.832407 0.296528 0.037037 0.068056
6 0.944907 0.338889 0.089815 0.077778
6 0.376852 0.229167 0.042593 0.069444
2 0.150463 0.398611 0.036111 0.091667
2 0.322685 0.245833 0.013889 0.055556
2 0.33287 0.221528 0.012037 0.040278
2 0.370833 0.184028 0.012037 0.029167
2 0.460185 0.172222 0.007407 0.030556
2 0.468056 0.164583 0.006481 0.023611
2 0.309722 0.221528 0.013889 0.043056
6 0.289352 0.208333 0.032407 0.05
0 0.975 0.508333 0.037037 0.072222
0 0.050463 0.513194 0.025 0.070833
0 0.059259 0.427778 0.02963 0.055556
9 0.413889 0.147222 0.037037 0.066667
