2 0.400926 0.611806 0.040741 0.118056
2 0.924074 0.623611 0.044444 0.116667
2 0.866204 0.684028 0.073148 0.143056
2 0.775463 0.643056 0.049074 0.102778
2 0.701852 0.6375 0.05 0.111111
2 0.330093 0.636111 0.060185 0.1
2 0.675926 0.545139 0.040741 0.0875
2 0.25787 0.60625 0.036111 0.123611
2 0.206019 0.560417 0.030556 0.109722
2 0.284259 0.697917 0.07037 0.129167
2 0.619444 0.532639 0.037037 0.095833
2 0.506019 0.495833 0.030556 0.088889
2 0.219907 0.675 0.05463 0.094444
2 0.481944 0.511111 0.036111 0.086111
2 0.164352 0.665278 0.052778 0.1
2 0.271759 0.488194 0.023148 0.093056
2 0.440741 0.4625 0.025926 0.077778
2 0.469907 0.33125 0.034259 0.056944
6 0.241204 0.370139 0.043519 0.070833
6 0.3625 0.398611 0.056481 0.069444
2 0.170833 0.515972 0.017593 0.0875
2 0.178704 0.477778 0.02037 0.069444
2 0.155556 0.479167 0.022222 0.086111
2 0.147222 0.454861 0.012963 0.073611
2 0.14213 0.406944 0.013889 0.05
2 0.128704 0.3875 0.014815 0.063889
2 0.157407 0.358333 0.012963 0.052778
2 0.174537 0.383333 0.017593 0.069444
2 0.181481 0.360417 0.012963 0.054167
2 0.237963 0.497917 0.018519 0.095833
2 0.245833 0.470833 0.015741 0.066667
2 0.295833 0.483333 0.021296 0.091667
2 0.313889 0.470833 0.022222 0.094444
2 0.338426 0.483333 0.021296 0.080556
2 0.263426 0.435417 0.015741 0.0625
2 0.286574 0.415278 0.017593 0.066667
2 0.215741 0.506944 0.016667 0.069444
2 0.222222 0.472222 0.016667 0.069444
2 0.23287 0.459028 0.013889 0.059722
2 0.205556 0.419444 0.014815 0.044444
2 0.200463 0.447917 0.017593 0.051389
2 0.201389 0.377778 0.013889 0.055556
2 0.209259 0.340278 0.011111 0.047222
2 0.163426 0.317361 0.010185 0.043056
2 0.17963 0.310417 0.011111 0.043056
6 0.206019 0.316667 0.036111 0.05
2 0.289815 0.338889 0.011111 0.044444
2 0.32037 0.391667 0.016667 0.05
2 0.379167 0.346528 0.017593 0.045833
2 0.326389 0.3625 0.013889 0.05
2 0.3125 0.334028 0.013889 0.043056
2 0.2625 0.311111 0.010185 0.038889
2 0.198148 0.281944 0.011111 0.027778
2 0.255093 0.288889 0.010185 0.033333
2 0.119444 0.296528 0.007407 0.031944
2 0.138889 0.303472 0.009259 0.0375
2 0.133333 0.276389 0.007407 0.030556
2 0.14537 0.291667 0.009259 0.030556
0 0.633796 0.474306 0.013889 0.076389
2 0.468519 0.45 0.02037 0.080556
2 0.477315 0.413889 0.015741 0.055556
2 0.450926 0.427083 0.022222 0.068056
2 0.553241 0.504861 0.030556 0.084722
2 0.53287 0.470833 0.023148 0.072222
2 0.558796 0.459722 0.021296 0.069444
2 0.425926 0.397917 0.02037 0.0625
2 0.416204 0.380556 0.021296 0.058333
2 0.181481 0.284028 0.009259 0.029167
