0 0.7125 0.479861 0.023148 0.084722
2 0.828241 0.620139 0.058333 0.104167
2 0.478704 0.428472 0.025926 0.076389
2 0.116667 0.577778 0.02963 0.102778
2 0.869907 0.473611 0.039815 0.077778
2 0.630093 0.458333 0.043519 0.075
2 0.176389 0.511111 0.019444 0.083333
2 0.502778 0.368056 0.02037 0.063889
2 0.198611 0.498611 0.025 0.094444
2 0.343519 0.347222 0.016667 0.061111
5 0.306019 0.470139 0.065741 0.1125
0 0.881481 0.390278 0.012963 0.077778
2 0.931019 0.479167 0.032407 0.077778
2 0.396296 0.350694 0.014815 0.045833
2 0.379167 0.3625 0.019444 0.05
2 0.363889 0.321528 0.02037 0.051389
2 0.315278 0.315972 0.015741 0.048611
2 0.233796 0.506944 0.017593 0.075
2 0.250926 0.503472 0.02037 0.079167
2 0.142593 0.5625 0.02037 0.097222
2 0.15 0.515972 0.018519 0.081944
2 0.15 0.454167 0.014815 0.061111
2 0.167593 0.409028 0.012963 0.0375
2 0.183796 0.4125 0.012037 0.055556
6 0.236111 0.391667 0.044444 0.066667
6 0.269444 0.427083 0.042593 0.0625
6 0.175463 0.359722 0.034259 0.055556
2 0.4375 0.340278 0.013889 0.047222
2 0.297222 0.295139 0.012963 0.043056
6 0.251852 0.269444 0.022222 0.030556
2 0.106481 0.51875 0.02037 0.051389
2 0.270833 0.5 0.013889 0.066667
2 0.1375 0.402778 0.015741 0.055556
6 0.208333 0.334722 0.025926 0.061111
6 0.232407 0.346528 0.035185 0.043056
