2 0.135648 0.716667 0.058333 0.227778
2 0.211111 0.397222 0.059259 0.102778
2 0.281944 0.616667 0.04537 0.172222
2 0.910185 0.642361 0.064815 0.181944
2 0.112963 0.446528 0.042593 0.115278
2 0.598611 0.328472 0.023148 0.0875
2 0.651852 0.457639 0.035185 0.126389
2 0.825 0.557639 0.046296 0.148611
2 0.87037 0.51875 0.033333 0.131944
2 0.581481 0.307639 0.02037 0.076389
2 0.629167 0.336111 0.021296 0.088889
2 0.538889 0.304861 0.048148 0.079167
2 0.707407 0.45 0.037037 0.105556
2 0.823148 0.404167 0.02963 0.1
2 0.320833 0.289583 0.019444 0.073611
2 0.305093 0.313889 0.021296 0.066667
0 0.0625 0.484028 0.028704 0.1125
2 0.845833 0.372917 0.026852 0.093056
2 0.487963 0.239583 0.02037 0.056944
2 0.875 0.422222 0.031481 0.086111
2 0.923148 0.367361 0.031481 0.081944
2 0.177778 0.374306 0.022222 0.090278
6 0.378241 0.444444 0.071296 0.158333
6 0.288889 0.406944 0.072222 0.133333
6 0.048148 0.791667 0.087037 0.311111
6 0.737963 0.381944 0.075926 0.122222
0 0.027315 0.482639 0.028704 0.1125
2 0.9875 0.35 0.013889 0.063889
2 0.893519 0.386111 0.018519 0.075
2 0.549537 0.2375 0.012037 0.05
2 0.530093 0.209028 0.013889 0.048611
2 0.513426 0.2 0.012037 0.044444
2 0.47037 0.202778 0.012963 0.044444
2 0.372222 0.209028 0.014815 0.051389
2 0.340741 0.250694 0.014815 0.056944
2 0.285185 0.253472 0.012963 0.045833
2 0.307407 0.228472 0.012963 0.043056
2 0.494444 0.195833 0.012963 0.047222
6 0.42037 0.176389 0.025926 0.047222
6 0.45463 0.188194 0.025926 0.040278
6 0.400926 0.138889 0.016667 0.033333
2 0.343981 0.180556 0.010185 0.038889
