2 0.239352 0.592361 0.032407 0.131944
2 0.435185 0.911806 0.061111 0.154167
2 0.311574 0.655556 0.034259 0.111111
2 0.143981 0.4625 0.021296 0.080556
2 0.500926 0.415972 0.024074 0.073611
2 0.175 0.470139 0.024074 0.084722
2 0.924074 0.838889 0.066667 0.141667
2 0.213889 0.452083 0.022222 0.081944
2 0.323611 0.443056 0.028704 0.075
2 0.245833 0.370833 0.019444 0.063889
6 0.844907 0.886111 0.239815 0.205556
6 0.270833 0.459722 0.058333 0.094444
9 0.795833 0.630556 0.408333 0.327778
9 0.387037 0.6125 0.116667 0.211111
2 0.601852 0.453472 0.012963 0.073611
0 0.587963 0.449306 0.014815 0.073611
0 0.481019 0.354167 0.012037 0.063889
2 0.337963 0.4875 0.024074 0.072222
2 0.34213 0.332639 0.012037 0.048611
2 0.308333 0.311806 0.012963 0.040278
2 0.342593 0.876389 0.051852 0.191667
2 0.318519 0.742361 0.053704 0.129167
2 0.186111 0.4375 0.016667 0.063889
2 0.193981 0.420139 0.017593 0.073611
2 0.151389 0.408333 0.015741 0.072222
2 0.142593 0.38125 0.016667 0.068056
2 0.169907 0.384028 0.010185 0.056944
2 0.205556 0.39375 0.012963 0.051389
2 0.16713 0.344444 0.012037 0.041667
2 0.125463 0.330556 0.012037 0.047222
2 0.164815 0.308333 0.009259 0.038889
2 0.208796 0.355556 0.015741 0.052778
6 0.199537 0.306944 0.030556 0.044444
2 0.171759 0.292361 0.010185 0.040278
2 0.261111 0.254861 0.009259 0.029167
2 0.249074 0.263194 0.007407 0.029167
2 0.137963 0.329861 0.007407 0.034722
2 0.232407 0.261806 0.007407 0.029167
2 0.15 0.284028 0.007407 0.029167
