2 0.581019 0.527778 0.039815 0.15
2 0.237037 0.621528 0.046296 0.179167
2 0.686111 0.557639 0.042593 0.151389
2 0.271296 0.379861 0.055556 0.0875
2 0.631019 0.356944 0.028704 0.097222
2 0.566204 0.317361 0.021296 0.076389
2 0.305556 0.359722 0.044444 0.094444
2 0.613889 0.448611 0.040741 0.125
2 0.955093 0.922222 0.078704 0.136111
2 0.489352 0.273611 0.021296 0.066667
2 0.91713 0.705556 0.093519 0.188889
2 0.693981 0.434722 0.034259 0.108333
2 0.463889 0.272917 0.018519 0.068056
2 0.657407 0.335417 0.024074 0.081944
2 0.180093 0.382639 0.036111 0.104167
2 0.875 0.563194 0.061111 0.165278
2 0.950926 0.351389 0.037037 0.077778
2 0.537963 0.301389 0.025926 0.072222
2 0.435185 0.269444 0.024074 0.072222
2 0.671296 0.273611 0.033333 0.066667
2 0.523611 0.255556 0.017593 0.052778
2 0.552315 0.275694 0.015741 0.048611
2 0.485648 0.241667 0.013889 0.044444
2 0.5 0.227778 0.012963 0.052778
2 0.450463 0.236111 0.012037 0.052778
2 0.45787 0.219444 0.012037 0.052778
2 0.325 0.225694 0.012963 0.051389
2 0.345833 0.208333 0.012037 0.05
2 0.367593 0.184028 0.011111 0.045833
2 0.488426 0.203472 0.012037 0.0375
2 0.474537 0.202083 0.012037 0.048611
2 0.323148 0.182639 0.012963 0.048611
2 0.336111 0.173611 0.012963 0.047222
6 0.549537 0.211111 0.036111 0.05
6 0.365278 0.154861 0.025 0.0375
6 0.474537 0.159028 0.023148 0.034722
2 0.446759 0.174306 0.010185 0.034722
1 0.124537 0.392361 0.058333 0.109722
