0 0.735648 0.493056 0.017593 0.086111
2 0.941667 0.853472 0.092593 0.156944
2 0.718056 0.601389 0.04537 0.105556
2 0.172685 0.617361 0.028704 0.1125
2 0.901389 0.705556 0.069444 0.125
2 0.250463 0.838194 0.049074 0.173611
2 0.617593 0.548611 0.037037 0.102778
2 0.783333 0.66875 0.055556 0.115278
2 0.842593 0.552083 0.057407 0.093056
2 0.262037 0.606944 0.031481 0.122222
2 0.302315 0.73125 0.043519 0.154167
2 0.196296 0.552083 0.027778 0.106944
2 0.225463 0.696528 0.036111 0.1375
2 0.406944 0.898611 0.049074 0.152778
2 0.49537 0.422917 0.031481 0.070833
2 0.297685 0.627083 0.032407 0.104167
2 0.228704 0.577778 0.027778 0.108333
2 0.183333 0.405556 0.02037 0.075
2 0.266667 0.744444 0.031481 0.113889
2 0.460185 0.427083 0.027778 0.084722
2 0.152778 0.409028 0.02037 0.079167
2 0.586111 0.435417 0.038889 0.070833
6 0.48287 0.825 0.175 0.280556
11 0.363889 0.502083 0.183333 0.331944
0 0.825926 0.46875 0.022222 0.079167
2 0.114352 0.334028 0.013889 0.043056
6 0.179167 0.333333 0.032407 0.058333
5 0.22963 0.345833 0.035185 0.061111
6 0.252778 0.416667 0.037037 0.094444
6 0.166667 0.292361 0.027778 0.040278
2 0.165278 0.375 0.012037 0.055556
2 0.137037 0.334028 0.011111 0.048611
2 0.143519 0.324306 0.009259 0.0375
2 0.146296 0.30625 0.009259 0.034722
2 0.293056 0.3 0.012037 0.041667
6 0.271296 0.3125 0.033333 0.044444
2 0.417593 0.403472 0.016667 0.0625
2 0.419444 0.373611 0.012963 0.044444
2 0.399537 0.372222 0.015741 0.047222
2 0.386111 0.345833 0.016667 0.047222
2 0.356019 0.33125 0.013889 0.040278
2 0.309259 0.289583 0.014815 0.0375
6 0.235185 0.280556 0.02963 0.038889
2 0.27037 0.274306 0.009259 0.034722
6 0.166667 0.250694 0.024074 0.0375
