0 0.043981 0.461806 0.019444 0.090278
2 0.863426 0.736806 0.065741 0.120833
2 0.742593 0.629167 0.05 0.108333
2 0.674074 0.55625 0.042593 0.095833
2 0.288889 0.742361 0.044444 0.165278
2 0.62037 0.574306 0.037037 0.101389
2 0.247685 0.832639 0.043519 0.173611
2 0.447222 0.898611 0.053704 0.166667
2 0.340278 0.825694 0.049074 0.165278
2 0.216204 0.657639 0.034259 0.120833
2 0.527778 0.873611 0.053704 0.155556
2 0.329167 0.51875 0.028704 0.104167
2 0.47037 0.477778 0.027778 0.083333
2 0.559259 0.526389 0.031481 0.083333
2 0.233796 0.58125 0.030556 0.1125
2 0.50787 0.744444 0.050926 0.141667
2 0.506019 0.4375 0.028704 0.077778
2 0.186574 0.578472 0.026852 0.104167
2 0.494907 0.586806 0.037963 0.095833
2 0.186574 0.524306 0.025 0.079167
2 0.334259 0.919444 0.051852 0.136111
2 0.584722 0.5 0.030556 0.072222
2 0.444444 0.402778 0.024074 0.063889
2 0.252778 0.55 0.024074 0.097222
2 0.413889 0.388194 0.024074 0.081944
5 0.568519 0.672917 0.155556 0.156944
6 0.404167 0.625694 0.10463 0.151389
6 0.275 0.453472 0.064815 0.098611
6 0.927778 0.917361 0.137037 0.145833
6 0.215741 0.314583 0.040741 0.065278
6 0.246759 0.372917 0.041667 0.056944
6 0.200926 0.391667 0.059259 0.094444
2 0.168056 0.514583 0.019444 0.090278
2 0.20463 0.471528 0.016667 0.073611
2 0.186111 0.454861 0.014815 0.0625
2 0.170833 0.466667 0.019444 0.063889
2 0.137037 0.503472 0.02037 0.0875
2 0.138426 0.444444 0.017593 0.066667
2 0.152778 0.434028 0.016667 0.068056
2 0.125 0.403472 0.014815 0.059722
2 0.135185 0.3875 0.012963 0.047222
2 0.148611 0.389583 0.013889 0.048611
6 0.162037 0.347222 0.033333 0.05
6 0.1625 0.318056 0.032407 0.044444
6 0.2625 0.302083 0.039815 0.054167
2 0.241667 0.263889 0.011111 0.033333
6 0.188889 0.293056 0.027778 0.044444
2 0.285648 0.302083 0.010185 0.034722
2 0.298611 0.300694 0.010185 0.029167
2 0.321296 0.304167 0.011111 0.038889
2 0.212963 0.239583 0.007407 0.023611
2 0.12037 0.344444 0.011111 0.044444
2 0.384722 0.371528 0.015741 0.051389
2 0.393981 0.348611 0.015741 0.047222
2 0.359722 0.352778 0.015741 0.047222
2 0.485648 0.330556 0.026852 0.047222
2 0.51713 0.957639 0.052778 0.070833
