2 0.548148 0.375694 0.057407 0.095833
2 0.059259 0.743056 0.066667 0.222222
2 0.218056 0.352083 0.028704 0.098611
2 0.269907 0.647917 0.047222 0.198611
2 0.276389 0.322917 0.023148 0.0875
2 0.443056 0.282639 0.028704 0.076389
2 0.685648 0.365278 0.030556 0.094444
2 0.350463 0.461806 0.041667 0.140278
2 0.824537 0.599306 0.062037 0.159722
2 0.891667 0.590972 0.059259 0.148611
2 0.890741 0.3875 0.031481 0.097222
2 0.306019 0.250694 0.017593 0.059722
2 0.849074 0.484028 0.038889 0.109722
2 0.925926 0.560417 0.035185 0.129167
6 0.730093 0.44375 0.084259 0.151389
6 0.787963 0.341667 0.090741 0.094444
2 0.85463 0.418056 0.024074 0.072222
2 0.970833 0.355556 0.041667 0.080556
2 0.956944 0.321528 0.030556 0.054167
2 0.506019 0.214583 0.013889 0.043056
2 0.489815 0.205556 0.011111 0.033333
2 0.440741 0.191667 0.009259 0.033333
2 0.443056 0.171528 0.008333 0.029167
2 0.430556 0.180556 0.011111 0.038889
6 0.48287 0.25 0.087963 0.058333
6 0.547222 0.209028 0.035185 0.045833
6 0.468519 0.183333 0.027778 0.038889
6 0.489815 0.170139 0.02963 0.040278
0 0.21713 0.251389 0.013889 0.061111
