2 0.358796 0.729167 0.050926 0.225
2 0.156019 0.624306 0.050926 0.1875
2 0.219907 0.446528 0.030556 0.1125
2 0.4 0.411806 0.031481 0.123611
2 0.274074 0.4375 0.051852 0.113889
2 0.356019 0.436111 0.032407 0.119444
2 0.173611 0.413889 0.052778 0.1
2 0.101852 0.9 0.092593 0.188889
2 0.656019 0.396528 0.028704 0.104167
2 0.306944 0.391667 0.030556 0.1
2 0.677315 0.308333 0.041667 0.069444
2 0.885648 0.463194 0.034259 0.115278
2 0.782407 0.60625 0.048148 0.156944
2 0.905556 0.554861 0.048148 0.140278
2 0.364815 0.327778 0.024074 0.083333
2 0.335648 0.345833 0.023148 0.088889
2 0.7125 0.439583 0.030556 0.109722
2 0.2625 0.361806 0.026852 0.084722
2 0.839815 0.604861 0.07037 0.193056
2 0.736574 0.354861 0.041667 0.076389
2 0.113426 0.420139 0.058333 0.076389
2 0.761574 0.524306 0.041667 0.126389
2 0.978704 0.685417 0.025926 0.1125
2 0.310648 0.288194 0.021296 0.070833
2 0.635185 0.363194 0.022222 0.0875
2 0.836574 0.458333 0.026852 0.1
2 0.283796 0.279167 0.019444 0.069444
6 0.640278 0.5875 0.165741 0.2
6 0.584259 0.374306 0.075926 0.104167
6 0.908333 0.322917 0.101852 0.073611
5 0.830556 0.36875 0.07037 0.1125
11 0.4875 0.319444 0.091667 0.188889
6 0.375463 0.220139 0.030556 0.056944
6 0.819444 0.946528 0.224074 0.090278
2 0.755093 0.440972 0.030556 0.098611
2 0.775463 0.420139 0.036111 0.106944
2 0.80463 0.497917 0.040741 0.126389
2 0.40463 0.250694 0.012963 0.059722
2 0.358333 0.277778 0.024074 0.061111
2 0.330093 0.25 0.012037 0.055556
2 0.310185 0.229861 0.011111 0.045833
2 0.291667 0.220833 0.012963 0.044444
2 0.494444 0.219444 0.012963 0.047222
2 0.558796 0.240972 0.021296 0.056944
2 0.639815 0.309028 0.025926 0.068056
2 0.765278 0.301389 0.039815 0.063889
2 0.483796 0.199306 0.013889 0.040278
2 0.468519 0.18125 0.011111 0.034722
2 0.457407 0.170833 0.011111 0.036111
2 0.346296 0.208333 0.011111 0.047222
6 0.37037 0.184722 0.027778 0.036111
