2 0.174537 0.545833 0.041667 0.15
2 0.481481 0.388889 0.062963 0.102778
2 0.266204 0.516667 0.039815 0.15
2 0.131481 0.472917 0.033333 0.129167
2 0.323148 0.40625 0.02963 0.126389
2 0.83287 0.538889 0.047222 0.141667
2 0.269907 0.33125 0.025 0.084722
2 0.751389 0.495833 0.041667 0.136111
2 0.656019 0.429861 0.032407 0.1125
2 0.850926 0.385417 0.031481 0.098611
2 0.569907 0.396528 0.025 0.090278
2 0.70787 0.45 0.030556 0.111111
2 0.033333 0.896528 0.055556 0.181944
2 0.25 0.452083 0.025926 0.0875
2 0.627778 0.343056 0.022222 0.086111
2 0.245833 0.386806 0.028704 0.090278
2 0.440278 0.319444 0.025 0.080556
2 0.793981 0.4875 0.034259 0.108333
2 0.690741 0.391667 0.031481 0.097222
2 0.802315 0.463889 0.032407 0.113889
2 0.973611 0.704861 0.037963 0.1375
6 0.514815 0.347917 0.064815 0.084722
6 0.363889 0.234722 0.038889 0.055556
2 0.97037 0.43125 0.048148 0.093056
2 0.632407 0.296528 0.031481 0.068056
2 0.593056 0.366667 0.034259 0.080556
2 0.610185 0.347222 0.018519 0.080556
2 0.576389 0.315972 0.019444 0.065278
2 0.545833 0.328472 0.023148 0.073611
2 0.036111 0.441667 0.062963 0.080556
2 0.399537 0.278472 0.017593 0.073611
2 0.572222 0.270833 0.02037 0.066667
2 0.524537 0.275694 0.019444 0.0625
2 0.491204 0.240278 0.017593 0.055556
2 0.414352 0.263194 0.013889 0.065278
2 0.427315 0.290972 0.017593 0.070833
2 0.328704 0.213194 0.009259 0.045833
2 0.318519 0.209028 0.011111 0.043056
2 0.512037 0.251389 0.012963 0.052778
2 0.538426 0.260417 0.013889 0.056944
2 0.556019 0.263194 0.015741 0.054167
6 0.4625 0.252083 0.039815 0.065278
6 0.443056 0.209722 0.032407 0.047222
6 0.424537 0.182639 0.026852 0.043056
0 0.75787 0.290278 0.012037 0.052778
0 0.771759 0.288194 0.012037 0.0625
