0 0.196759 0.642361 0.037963 0.118056
2 0.81713 0.456944 0.050926 0.083333
2 0.629167 0.461111 0.047222 0.075
2 0.266204 0.491667 0.025 0.088889
2 0.390278 0.346528 0.019444 0.056944
2 0.116667 0.63125 0.033333 0.095833
6 0.621296 0.693056 0.125926 0.161111
6 0.298611 0.452083 0.069444 0.115278
6 0.367593 0.394444 0.055556 0.061111
6 0.264815 0.402778 0.046296 0.075
2 0.24213 0.497222 0.019444 0.075
2 0.218056 0.515972 0.021296 0.070833
2 0.189815 0.523611 0.02037 0.072222
2 0.228241 0.440278 0.015741 0.041667
2 0.160648 0.519444 0.017593 0.077778
2 0.156944 0.395833 0.012037 0.036111
2 0.164352 0.463194 0.013889 0.040278
2 0.128241 0.451389 0.013889 0.038889
2 0.169444 0.434028 0.012963 0.040278
2 0.140741 0.402778 0.016667 0.05
2 0.074074 0.534722 0.02037 0.088889
2 0.05 0.520139 0.024074 0.095833
2 0.114815 0.532639 0.031481 0.104167
2 0.14537 0.488194 0.02037 0.093056
2 0.122222 0.413889 0.018519 0.069444
1 0.318981 0.311806 0.012037 0.043056
1 0.311111 0.295833 0.009259 0.038889
1 0.330093 0.311111 0.008333 0.041667
6 0.243056 0.367361 0.036111 0.0625
6 0.213426 0.307639 0.032407 0.051389
6 0.175463 0.3125 0.028704 0.038889
6 0.191667 0.291667 0.025926 0.033333
5 0.136111 0.228472 0.022222 0.034722
6 0.157407 0.225 0.018519 0.027778
6 0.20463 0.243056 0.022222 0.030556
2 0.19537 0.454861 0.012963 0.059722
2 0.208333 0.3875 0.011111 0.041667
2 0.191667 0.378472 0.011111 0.043056
2 0.176389 0.411806 0.010185 0.048611
2 0.165741 0.355556 0.012963 0.041667
2 0.177778 0.370833 0.012963 0.05
2 0.149074 0.424306 0.012963 0.054167
0 0.946296 0.492361 0.027778 0.079167
6 0.187963 0.271528 0.024074 0.034722
