2 0.40787 0.686806 0.076852 0.126389
2 0.473148 0.865972 0.075926 0.204167
2 0.680556 0.545833 0.046296 0.091667
2 0.24213 0.63125 0.049074 0.126389
2 0.28287 0.573611 0.050926 0.1
2 0.161111 0.690972 0.07037 0.120833
2 0.629167 0.459722 0.047222 0.075
2 0.231481 0.508333 0.027778 0.097222
2 0.174074 0.507639 0.024074 0.093056
2 0.19213 0.534028 0.026852 0.090278
6 0.900926 0.767361 0.185185 0.2125
6 0.421759 0.443056 0.073148 0.083333
9 0.298611 0.4375 0.065741 0.122222
6 0.225463 0.340972 0.036111 0.051389
0 0.045833 0.561806 0.021296 0.073611
2 0.28287 0.498611 0.017593 0.083333
2 0.354167 0.343056 0.021296 0.052778
2 0.341667 0.315972 0.011111 0.040278
2 0.301852 0.303472 0.011111 0.034722
2 0.287963 0.29375 0.011111 0.029167
6 0.205556 0.301389 0.037037 0.044444
2 0.193519 0.326389 0.012963 0.036111
2 0.157407 0.333333 0.011111 0.044444
2 0.168519 0.316667 0.007407 0.027778
2 0.110185 0.448611 0.016667 0.075
2 0.124537 0.504167 0.019444 0.075
2 0.145833 0.5125 0.019444 0.094444
2 0.218981 0.455556 0.015741 0.066667
2 0.26713 0.496528 0.017593 0.070833
2 0.243056 0.489583 0.015741 0.070833
2 0.153241 0.404861 0.019444 0.048611
2 0.175926 0.40625 0.018519 0.068056
2 0.194444 0.402778 0.012963 0.061111
2 0.218981 0.402778 0.015741 0.052778
2 0.256019 0.444444 0.015741 0.052778
2 0.204167 0.502778 0.017593 0.069444
2 0.316204 0.304167 0.012037 0.027778
2 0.274537 0.301389 0.010185 0.036111
2 0.256019 0.249306 0.012037 0.029167
2 0.140278 0.334028 0.010185 0.040278
2 0.953241 0.480556 0.021296 0.058333
2 0.183796 0.347917 0.012037 0.045833
