0 0.461574 0.815278 0.039815 0.166667
2 0.661111 0.502778 0.048148 0.086111
2 0.54537 0.476389 0.035185 0.075
2 0.172222 0.552083 0.027778 0.095833
2 0.587037 0.436111 0.038889 0.072222
2 0.372222 0.345139 0.018519 0.054167
2 0.843056 0.460417 0.032407 0.068056
6 0.288889 0.465278 0.072222 0.116667
6 0.325 0.361111 0.055556 0.058333
6 0.225926 0.486111 0.061111 0.105556
0 0.186111 0.654861 0.02963 0.118056
0 0.503704 0.382639 0.014815 0.065278
2 0.189815 0.520833 0.02037 0.083333
2 0.153704 0.513194 0.014815 0.070833
2 0.131019 0.447917 0.015741 0.070833
0 0.071759 0.443056 0.013889 0.072222
2 0.12037 0.424306 0.011111 0.065278
2 0.290278 0.315278 0.012037 0.041667
2 0.306481 0.311111 0.011111 0.05
2 0.321296 0.310417 0.012963 0.0375
2 0.35463 0.311806 0.011111 0.040278
6 0.263426 0.28125 0.025 0.040278
2 0.278704 0.269444 0.009259 0.027778
2 0.219907 0.259722 0.019444 0.033333
5 0.201389 0.244444 0.019444 0.036111
6 0.262963 0.415278 0.038889 0.063889
2 0.113426 0.331944 0.010185 0.041667
2 0.156019 0.347222 0.010185 0.036111
2 0.174537 0.304861 0.010185 0.0375
2 0.14213 0.295139 0.006481 0.029167
2 0.135648 0.305556 0.008333 0.030556
6 0.214815 0.415972 0.048148 0.065278
2 0.131481 0.351389 0.011111 0.041667
6 0.244444 0.383333 0.038889 0.052778
6 0.225 0.350694 0.037037 0.056944
2 0.142593 0.35625 0.011111 0.051389
2 0.199537 0.361806 0.013889 0.045833
