2 0.250463 0.711111 0.087963 0.127778
2 0.477778 0.575694 0.061111 0.126389
2 0.246296 0.559722 0.031481 0.111111
2 0.481481 0.426389 0.031481 0.083333
2 0.159722 0.565972 0.034259 0.1125
2 0.3125 0.521528 0.028704 0.098611
2 0.15463 0.681944 0.05 0.113889
2 0.585185 0.436111 0.044444 0.063889
2 0.275463 0.545139 0.028704 0.101389
6 0.604167 0.523611 0.134259 0.113889
6 0.294907 0.460417 0.065741 0.084722
2 0.122222 0.511806 0.02037 0.081944
2 0.166667 0.507639 0.018519 0.070833
2 0.179167 0.495139 0.015741 0.068056
2 0.210185 0.507639 0.018519 0.084722
2 0.198611 0.481944 0.015741 0.077778
2 0.222222 0.469444 0.018519 0.077778
2 0.145833 0.340278 0.012037 0.044444
2 0.172685 0.372917 0.013889 0.056944
2 0.214352 0.375 0.012037 0.052778
2 0.188889 0.426389 0.014815 0.047222
2 0.201389 0.410417 0.013889 0.054167
2 0.142593 0.447917 0.014815 0.056944
2 0.159259 0.427778 0.014815 0.047222
2 0.151852 0.401389 0.014815 0.047222
2 0.177315 0.336806 0.013889 0.051389
2 0.1375 0.415972 0.012037 0.043056
2 0.20463 0.295139 0.011111 0.0375
6 0.22037 0.339583 0.035185 0.059722
6 0.177315 0.261111 0.021296 0.033333
6 0.217593 0.259028 0.024074 0.031944
0 0.917593 0.439583 0.012963 0.068056
