2 0.512037 0.895139 0.075926 0.176389
2 0.581019 0.577778 0.034259 0.1
2 0.466204 0.534722 0.034259 0.086111
2 0.694444 0.580556 0.046296 0.091667
2 0.390741 0.907639 0.051852 0.156944
2 0.269907 0.902778 0.049074 0.155556
2 0.414815 0.398611 0.024074 0.069444
2 0.24213 0.752778 0.043519 0.138889
2 0.619907 0.538889 0.047222 0.097222
2 0.3 0.740278 0.044444 0.141667
2 0.539352 0.520139 0.028704 0.079167
2 0.265741 0.622917 0.031481 0.109722
2 0.235185 0.661806 0.031481 0.098611
2 0.305093 0.869444 0.05463 0.183333
2 0.189352 0.647917 0.030556 0.120833
2 0.155556 0.577778 0.025926 0.102778
2 0.25 0.5625 0.02963 0.094444
2 0.175463 0.543056 0.023148 0.083333
2 0.435648 0.389583 0.023148 0.068056
6 0.611111 0.775 0.211111 0.280556
6 0.378704 0.702778 0.140741 0.241667
6 0.284259 0.436111 0.053704 0.086111
6 0.35463 0.568056 0.122222 0.125
6 0.737037 0.763889 0.227778 0.225
6 0.227315 0.453472 0.067593 0.120833
2 0.815278 0.663194 0.063889 0.101389
2 0.745833 0.599306 0.047222 0.101389
2 0.764815 0.565972 0.02963 0.076389
2 0.8375 0.726389 0.062037 0.111111
2 0.514352 0.455556 0.026852 0.066667
2 0.560185 0.475 0.033333 0.072222
2 0.480556 0.465278 0.02963 0.061111
2 0.462037 0.438194 0.025926 0.068056
2 0.477778 0.41875 0.02037 0.059722
2 0.212963 0.60625 0.02963 0.106944
2 0.209259 0.541667 0.024074 0.069444
6 0.246759 0.380556 0.039815 0.061111
2 0.158796 0.475694 0.019444 0.076389
2 0.136574 0.540278 0.021296 0.086111
2 0.131481 0.484722 0.016667 0.055556
2 0.180556 0.461806 0.016667 0.070833
6 0.228704 0.34375 0.040741 0.068056
2 0.157407 0.406944 0.012963 0.047222
2 0.171759 0.393056 0.010185 0.038889
6 0.180556 0.349306 0.035185 0.054167
2 0.285648 0.33125 0.010185 0.040278
2 0.119907 0.376389 0.013889 0.044444
2 0.154167 0.360417 0.012037 0.048611
2 0.591204 0.438194 0.041667 0.0625
