2 0.624537 0.663889 0.069444 0.111111
2 0.791204 0.54375 0.052778 0.093056
2 0.383333 0.538194 0.033333 0.106944
2 0.42963 0.475 0.025926 0.086111
2 0.201852 0.554861 0.02963 0.101389
2 0.530093 0.463889 0.028704 0.083333
2 0.673148 0.501389 0.044444 0.083333
2 0.487037 0.4375 0.027778 0.083333
2 0.287037 0.546528 0.02963 0.104167
2 0.144444 0.594444 0.027778 0.105556
2 0.169444 0.504861 0.024074 0.090278
6 0.168056 0.383333 0.043519 0.080556
2 0.260185 0.498611 0.025926 0.1
2 0.230556 0.504167 0.024074 0.086111
2 0.195833 0.48125 0.012037 0.048611
2 0.207407 0.519444 0.018519 0.066667
2 0.140278 0.522917 0.021296 0.076389
2 0.118981 0.479167 0.021296 0.094444
2 0.145833 0.475 0.017593 0.066667
2 0.131481 0.434028 0.012963 0.065278
2 0.143519 0.420833 0.016667 0.061111
2 0.175926 0.413889 0.016667 0.061111
2 0.164815 0.446528 0.02037 0.054167
2 0.339815 0.396528 0.016667 0.0625
2 0.364815 0.3875 0.025926 0.055556
2 0.383796 0.361806 0.017593 0.068056
2 0.310648 0.358333 0.019444 0.05
2 0.600463 0.478472 0.043519 0.068056
2 0.635648 0.456944 0.032407 0.061111
0 0.610648 0.5375 0.019444 0.097222
2 0.971759 0.497917 0.021296 0.081944
2 0.291667 0.322917 0.011111 0.040278
2 0.285648 0.286806 0.010185 0.040278
2 0.166204 0.333333 0.013889 0.033333
2 0.165278 0.304167 0.013889 0.030556
2 0.141204 0.368056 0.012037 0.047222
2 0.12963 0.351389 0.011111 0.047222
2 0.139352 0.323611 0.012037 0.036111
6 0.202778 0.302778 0.038889 0.038889
6 0.235648 0.354861 0.04537 0.059722
6 0.26713 0.4 0.049074 0.069444
6 0.293519 0.446528 0.062963 0.084722
6 0.212037 0.329167 0.033333 0.055556
6 0.228241 0.444444 0.047222 0.072222
6 0.218981 0.388889 0.037963 0.052778
2 0.300463 0.488889 0.021296 0.1
2 0.276389 0.301389 0.012037 0.044444
2 0.305556 0.313889 0.012963 0.047222
2 0.425463 0.382639 0.015741 0.0625
2 0.436111 0.379167 0.012963 0.058333
2 0.045833 0.509028 0.052778 0.065278
