0 0.709259 0.475694 0.02037 0.068056
2 0.908796 0.60625 0.056481 0.101389
2 0.225 0.53125 0.025926 0.095833
2 0.681019 0.783333 0.067593 0.15
2 0.674074 0.902778 0.088889 0.169444
2 0.194907 0.475 0.025 0.088889
2 0.618519 0.554861 0.035185 0.098611
2 0.712963 0.590972 0.046296 0.104167
2 0.247685 0.495139 0.023148 0.095833
2 0.41713 0.55625 0.026852 0.073611
2 0.349074 0.93125 0.057407 0.118056
2 0.505556 0.449306 0.02963 0.070833
2 0.583796 0.436111 0.043519 0.066667
6 0.481481 0.513889 0.096296 0.097222
6 0.282407 0.431944 0.062963 0.094444
10 0.33287 0.344444 0.09537 0.133333
11 0.839815 0.784722 0.305556 0.366667
2 0.155556 0.701389 0.07963 0.122222
2 0.124537 0.625694 0.012037 0.081944
2 0.128241 0.605556 0.012037 0.080556
2 0.202315 0.453472 0.017593 0.084722
2 0.221296 0.443056 0.018519 0.072222
2 0.22037 0.397222 0.014815 0.055556
2 0.196296 0.402083 0.016667 0.059722
2 0.166204 0.365972 0.012037 0.054167
2 0.14213 0.372222 0.013889 0.058333
2 0.202315 0.320139 0.010185 0.054167
2 0.180556 0.321528 0.011111 0.045833
2 0.150463 0.332639 0.008333 0.0375
2 0.143981 0.3125 0.008333 0.044444
2 0.159259 0.30625 0.009259 0.0375
9 0.191204 0.277778 0.028704 0.058333
6 0.242593 0.289583 0.025926 0.040278
9 0.221296 0.263194 0.024074 0.040278
2 0.259722 0.273611 0.008333 0.033333
2 0.3875 0.352083 0.013889 0.045833
2 0.406944 0.389583 0.017593 0.059722
0 0.87963 0.430556 0.014815 0.075
2 0.764815 0.441667 0.035185 0.066667
2 0.720833 0.427778 0.025 0.058333
2 0.131019 0.285417 0.010185 0.040278
2 0.426389 0.390972 0.019444 0.054167
