2 0.528704 0.302083 0.022222 0.081944
2 0.711111 0.301389 0.044444 0.066667
2 0.17037 0.436111 0.066667 0.097222
2 0.555556 0.277778 0.018519 0.066667
2 0.276852 0.434722 0.031481 0.133333
2 0.318519 0.334722 0.022222 0.088889
2 0.189352 0.891667 0.069444 0.191667
2 0.530556 0.220833 0.016667 0.052778
12 0.814815 0.730556 0.3 0.511111
6 0.290741 0.208333 0.033333 0.058333
2 0.346296 0.220139 0.012963 0.065278
2 0.323148 0.246528 0.014815 0.054167
2 0.473611 0.184722 0.010185 0.038889
2 0.442593 0.152083 0.009259 0.029167
6 0.372685 0.20625 0.026852 0.048611
0 0.975 0.513889 0.038889 0.075
