2 0.861574 0.55625 0.056481 0.095833
2 0.908333 0.717361 0.066667 0.129167
2 0.744907 0.613194 0.049074 0.101389
2 0.209259 0.729167 0.040741 0.161111
2 0.185185 0.425694 0.022222 0.0875
2 0.455093 0.422222 0.026852 0.075
2 0.52037 0.49375 0.02963 0.079167
2 0.652315 0.495139 0.041667 0.079167
2 0.681944 0.595139 0.043519 0.090278
2 0.498148 0.43125 0.027778 0.073611
2 0.593981 0.536806 0.037963 0.079167
2 0.618056 0.527778 0.030556 0.088889
6 0.576389 0.629861 0.169444 0.120833
6 0.373148 0.597917 0.098148 0.145833
6 0.228241 0.374306 0.043519 0.065278
6 0.262037 0.422917 0.046296 0.079167
6 0.323611 0.498611 0.069444 0.113889
5 0.308796 0.356944 0.047222 0.061111
2 0.284259 0.457639 0.02037 0.079167
2 0.298611 0.418056 0.017593 0.058333
2 0.513889 0.716667 0.066667 0.130556
2 0.182407 0.349306 0.014815 0.054167
2 0.169444 0.345139 0.012963 0.051389
2 0.149074 0.355556 0.012963 0.052778
2 0.380093 0.369444 0.015741 0.052778
2 0.403241 0.374306 0.013889 0.0625
2 0.416667 0.414583 0.018519 0.065278
2 0.430093 0.389583 0.015741 0.0625
2 0.359259 0.379861 0.018519 0.054167
2 0.351389 0.342361 0.013889 0.045833
2 0.305556 0.311111 0.009259 0.033333
9 0.235648 0.265278 0.047222 0.083333
2 0.54213 0.468056 0.025 0.072222
2 0.561574 0.460417 0.019444 0.0625
2 0.587037 0.440278 0.042593 0.058333
