2 0.368056 0.550694 0.041667 0.159722
2 0.600463 0.360417 0.047222 0.081944
2 0.276389 0.70625 0.060185 0.234722
2 0.522222 0.318056 0.024074 0.086111
2 0.311111 0.267361 0.02037 0.068056
2 0.403704 0.510417 0.044444 0.1625
2 0.498148 0.297222 0.02037 0.075
2 0.55787 0.328472 0.026852 0.084722
2 0.867593 0.589583 0.057407 0.123611
2 0.456944 0.286806 0.021296 0.084722
2 0.641204 0.358333 0.028704 0.080556
0 0.058333 0.495139 0.033333 0.1125
2 0.968519 0.431944 0.05 0.088889
2 0.475926 0.275 0.016667 0.066667
6 0.847222 0.734028 0.224074 0.259722
6 0.961574 0.321528 0.062037 0.073611
6 0.647222 0.315278 0.112963 0.080556
2 0.371296 0.224306 0.016667 0.054167
2 0.536574 0.243056 0.017593 0.044444
2 0.573611 0.265278 0.019444 0.055556
2 0.463426 0.203472 0.012037 0.040278
2 0.447685 0.1875 0.010185 0.038889
2 0.421759 0.18125 0.010185 0.040278
2 0.435185 0.182639 0.012963 0.0375
2 0.34537 0.196528 0.009259 0.045833
2 0.3875 0.193056 0.010185 0.038889
2 0.326389 0.211806 0.013889 0.043056
2 0.25787 0.255556 0.019444 0.05
6 0.365741 0.168056 0.024074 0.041667
6 0.46713 0.180556 0.025 0.044444
6 0.444907 0.136111 0.019444 0.030556
