2 0.755556 0.629167 0.051852 0.180556
2 0.972685 0.338194 0.036111 0.076389
2 0.207407 0.456944 0.031481 0.130556
2 0.767593 0.476389 0.046296 0.130556
2 0.224537 0.651389 0.041667 0.172222
2 0.262963 0.447917 0.031481 0.129167
2 0.710648 0.426389 0.047222 0.111111
2 0.269907 0.296528 0.019444 0.079167
2 0.325 0.372222 0.024074 0.083333
2 0.177315 0.409028 0.028704 0.106944
2 0.55463 0.274306 0.018519 0.0625
2 0.25 0.376389 0.024074 0.088889
2 0.122222 0.452778 0.053704 0.091667
2 0.311111 0.273611 0.02037 0.069444
2 0.639352 0.311806 0.023148 0.076389
5 0.899537 0.66875 0.182407 0.229167
6 0.491204 0.299306 0.060185 0.076389
11 0.570833 0.416667 0.126852 0.225
12 0.435185 0.690972 0.5 0.601389
12 0.443981 0.177778 0.069444 0.133333
2 0.775926 0.425 0.031481 0.088889
2 0.086111 0.905556 0.068519 0.172222
2 0.401389 0.24375 0.013889 0.051389
2 0.381944 0.226389 0.013889 0.061111
2 0.333796 0.205556 0.010185 0.036111
2 0.316204 0.202778 0.010185 0.038889
2 0.300463 0.208333 0.006481 0.044444
2 0.50463 0.202778 0.012963 0.038889
2 0.540278 0.227778 0.012037 0.038889
2 0.487963 0.197917 0.011111 0.0375
6 0.487037 0.172917 0.02963 0.043056
6 0.408333 0.145139 0.016667 0.031944
6 0.365278 0.195139 0.034259 0.068056
0 0.06713 0.466667 0.023148 0.097222
