2 0.385185 0.888194 0.053704 0.179167
2 0.229167 0.654861 0.067593 0.106944
2 0.480556 0.6 0.044444 0.116667
2 0.312037 0.701389 0.038889 0.130556
2 0.304167 0.822917 0.037963 0.151389
2 0.485648 0.443056 0.026852 0.077778
2 0.181019 0.504861 0.021296 0.084722
2 0.312037 0.625694 0.035185 0.079167
2 0.324074 0.938889 0.053704 0.091667
2 0.148148 0.4875 0.018519 0.086111
6 0.565741 0.709722 0.185185 0.169444
6 0.537963 0.860417 0.22037 0.2625
6 0.365741 0.397917 0.062963 0.079167
6 0.241204 0.466667 0.062037 0.091667
6 0.288889 0.440972 0.061111 0.084722
11 0.609259 0.555556 0.166667 0.230556
2 0.181019 0.708333 0.086111 0.116667
2 0.201389 0.498611 0.019444 0.088889
2 0.172222 0.463194 0.016667 0.065278
2 0.194444 0.426389 0.014815 0.063889
2 0.172685 0.4125 0.013889 0.044444
2 0.156944 0.405556 0.015741 0.066667
2 0.134722 0.440972 0.021296 0.073611
2 0.187037 0.395139 0.014815 0.048611
2 0.139815 0.327083 0.009259 0.045833
6 0.25 0.384722 0.05 0.063889
11 0.209259 0.310417 0.040741 0.095833
2 0.119444 0.400694 0.012963 0.059722
2 0.133333 0.376389 0.014815 0.052778
2 0.155556 0.302083 0.009259 0.034722
6 0.181481 0.290278 0.024074 0.044444
2 0.149074 0.29375 0.011111 0.031944
2 0.301389 0.307639 0.010185 0.034722
2 0.268519 0.265972 0.009259 0.026389
2 0.280556 0.272222 0.009259 0.030556
6 0.214815 0.249306 0.024074 0.023611
0 0.447685 0.333333 0.012037 0.055556
2 0.345833 0.350694 0.013889 0.040278
2 0.327315 0.330556 0.012037 0.052778
2 0.360185 0.338889 0.012963 0.044444
2 0.183333 0.36875 0.012963 0.043056
