6 0.480556 0.522917 0.105556 0.1125
6 0.641204 0.6875 0.160185 0.155556
6 0.919907 0.909722 0.149074 0.161111
6 0.313889 0.475 0.064815 0.097222
6 0.254167 0.293056 0.028704 0.033333
11 0.258796 0.403472 0.071296 0.106944
2 0.173148 0.324306 0.016667 0.048611
2 0.131944 0.261111 0.010185 0.030556
2 0.281481 0.275694 0.012963 0.031944
2 0.385185 0.370139 0.016667 0.045833
2 0.407407 0.310417 0.022222 0.031944
2 0.324074 0.31875 0.012963 0.0375
2 0.341667 0.334722 0.011111 0.038889
2 0.457407 0.405556 0.024074 0.061111
2 0.516204 0.475694 0.026852 0.065278
2 0.538426 0.464583 0.026852 0.070833
2 0.635185 0.525 0.038889 0.088889
2 0.714352 0.575694 0.039815 0.076389
2 0.680093 0.581944 0.041667 0.069444
2 0.828704 0.554861 0.068519 0.0875
2 0.918981 0.734722 0.084259 0.127778
2 0.569907 0.856944 0.097222 0.172222
2 0.191667 0.409722 0.024074 0.069444
2 0.2125 0.597222 0.036111 0.130556
2 0.274537 0.583333 0.034259 0.116667
2 0.368981 0.741667 0.043519 0.163889
2 0.296296 0.659028 0.035185 0.104167
2 0.301389 0.736111 0.039815 0.138889
2 0.253241 0.78125 0.04537 0.165278
2 0.360648 0.902083 0.056481 0.173611
