2 0.497685 0.320833 0.043519 0.077778
2 0.572685 0.474306 0.036111 0.140278
2 0.25787 0.400694 0.028704 0.101389
2 0.147222 0.422222 0.068519 0.111111
2 0.53287 0.296528 0.036111 0.070833
2 0.206019 0.686111 0.041667 0.175
2 0.935648 0.606944 0.049074 0.163889
2 0.299537 0.422917 0.028704 0.101389
2 0.300926 0.530556 0.038889 0.147222
2 0.719907 0.36875 0.030556 0.101389
2 0.293519 0.333333 0.02037 0.083333
2 0.854167 0.358333 0.034259 0.077778
2 0.839815 0.474306 0.035185 0.120833
2 0.046296 0.873611 0.07963 0.227778
2 0.961111 0.908333 0.066667 0.158333
2 0.814815 0.420139 0.031481 0.101389
2 0.323148 0.314583 0.02037 0.076389
2 0.893056 0.594444 0.043519 0.138889
2 0.866204 0.444444 0.028704 0.113889
2 0.433796 0.263194 0.032407 0.059722
6 0.803241 0.642361 0.187963 0.240278
6 0.402778 0.75 0.151852 0.394444
6 0.45787 0.228472 0.037963 0.054167
6 0.94537 0.321528 0.088889 0.073611
6 0.545833 0.211111 0.036111 0.052778
6 0.372685 0.195833 0.030556 0.052778
6 0.366667 0.159722 0.022222 0.038889
2 0.923148 0.363889 0.033333 0.080556
2 0.333333 0.299306 0.016667 0.076389
2 0.404167 0.266667 0.017593 0.063889
2 0.376852 0.247222 0.014815 0.061111
2 0.3875 0.234028 0.017593 0.0625
2 0.50787 0.214583 0.012037 0.045833
2 0.476852 0.203472 0.011111 0.040278
2 0.485648 0.1875 0.012037 0.036111
2 0.456481 0.16875 0.009259 0.034722
2 0.298611 0.245833 0.015741 0.058333
2 0.349537 0.236111 0.012037 0.069444
2 0.323148 0.250694 0.014815 0.0625
2 0.314352 0.179167 0.010185 0.033333
2 0.333333 0.19375 0.011111 0.0375
2 0.028241 0.499306 0.036111 0.095833
