2 0.463889 0.409722 0.035185 0.072222
2 0.190278 0.500694 0.026852 0.095833
2 0.158333 0.447917 0.024074 0.084722
2 0.27037 0.513194 0.024074 0.098611
2 0.419444 0.556944 0.025926 0.075
2 0.16713 0.357639 0.017593 0.0625
2 0.225 0.490972 0.024074 0.093056
2 0.188889 0.373611 0.02037 0.069444
6 0.310648 0.482639 0.062037 0.101389
6 0.240741 0.404167 0.055556 0.088889
2 0.201389 0.469444 0.019444 0.080556
2 0.145833 0.273611 0.010185 0.036111
2 0.156481 0.256944 0.011111 0.038889
2 0.147685 0.245139 0.008333 0.026389
6 0.251389 0.290972 0.032407 0.040278
2 0.247685 0.246528 0.008333 0.026389
2 0.239815 0.243056 0.007407 0.022222
11 0.189352 0.211111 0.028704 0.058333
2 0.268519 0.385417 0.02037 0.056944
