2 0.271759 0.364583 0.025 0.098611
2 0.316667 0.335417 0.025926 0.101389
2 0.573611 0.2875 0.021296 0.080556
2 0.875 0.61875 0.055556 0.204167
2 0.524074 0.303472 0.022222 0.079167
2 0.329167 0.270833 0.017593 0.066667
2 0.391667 0.227778 0.011111 0.052778
2 0.389352 0.198611 0.010185 0.038889
2 0.368056 0.198611 0.012037 0.052778
2 0.3375 0.213194 0.012037 0.048611
2 0.320833 0.240278 0.012037 0.052778
2 0.295833 0.242361 0.013889 0.045833
2 0.484722 0.190972 0.012037 0.040278
2 0.455093 0.18125 0.012037 0.043056
2 0.925 0.322917 0.038889 0.0625
6 0.488426 0.171528 0.032407 0.043056
6 0.402315 0.121528 0.015741 0.026389
