2 0.209259 0.415278 0.02963 0.113889
2 0.850463 0.60625 0.058333 0.159722
2 0.04213 0.888889 0.067593 0.2
2 0.433333 0.384722 0.055556 0.105556
2 0.066667 0.484028 0.048148 0.131944
2 0.677778 0.329861 0.02963 0.084722
2 0.971759 0.759028 0.041667 0.126389
2 0.102778 0.423611 0.051852 0.097222
2 0.594444 0.372917 0.024074 0.0875
2 0.639815 0.334722 0.024074 0.080556
2 0.238889 0.323611 0.018519 0.075
2 0.259722 0.290278 0.017593 0.063889
6 0.532407 0.361806 0.072222 0.098611
6 0.270833 0.375694 0.060185 0.115278
6 0.354167 0.436111 0.087963 0.183333
6 0.335648 0.298611 0.058333 0.091667
11 0.697685 0.553472 0.217593 0.384722
6 0.381944 0.235417 0.034259 0.070833
5 0.519444 0.281944 0.059259 0.077778
11 0.434259 0.186111 0.040741 0.091667
11 0.348148 0.207639 0.037037 0.093056
2 0.284259 0.284722 0.014815 0.069444
2 0.442593 0.308333 0.011111 0.080556
2 0.372685 0.328472 0.023148 0.076389
2 0.398148 0.322222 0.022222 0.083333
2 0.415741 0.302083 0.018519 0.081944
2 0.565278 0.258333 0.019444 0.052778
2 0.589352 0.298611 0.015741 0.061111
2 0.568519 0.334722 0.02037 0.069444
2 0.616204 0.347222 0.025 0.058333
0 0.971759 0.539583 0.034259 0.131944
