2 0.198148 0.407639 0.062963 0.106944
2 0.15787 0.709722 0.052778 0.219444
2 0.884259 0.749306 0.074074 0.209722
2 0.229167 0.606944 0.043519 0.169444
2 0.761111 0.636806 0.055556 0.176389
2 0.826852 0.380556 0.033333 0.091667
2 0.92037 0.606944 0.048148 0.152778
2 0.968519 0.610417 0.048148 0.156944
2 0.875 0.3875 0.031481 0.088889
2 0.844907 0.606944 0.058333 0.138889
2 0.558796 0.244444 0.017593 0.058333
2 0.767593 0.418056 0.037037 0.077778
2 0.87963 0.498611 0.040741 0.105556
2 0.975463 0.348611 0.030556 0.069444
6 0.491667 0.286111 0.092593 0.077778
6 0.638889 0.326389 0.135185 0.1
6 0.731481 0.501389 0.127778 0.177778
6 0.366667 0.245139 0.042593 0.073611
6 0.369444 0.821528 0.168519 0.348611
2 0.960648 0.325 0.030556 0.063889
2 0.969444 0.435417 0.053704 0.098611
2 0.505093 0.236806 0.017593 0.040278
2 0.493519 0.2125 0.012963 0.047222
2 0.471759 0.204861 0.012037 0.045833
2 0.380093 0.183333 0.012037 0.036111
2 0.324537 0.229861 0.013889 0.051389
2 0.283796 0.232639 0.010185 0.040278
2 0.272222 0.227083 0.011111 0.043056
2 0.322685 0.188889 0.012037 0.044444
6 0.430556 0.191667 0.025926 0.041667
6 0.402778 0.146528 0.018519 0.031944
