2 0.098611 0.799306 0.076852 0.2625
2 0.195833 0.529861 0.036111 0.143056
2 0.053704 0.488889 0.040741 0.122222
2 0.89213 0.627083 0.089815 0.209722
2 0.443981 0.294444 0.030556 0.069444
2 0.272222 0.295139 0.018519 0.076389
2 0.796296 0.38125 0.02963 0.098611
2 0.956944 0.782639 0.067593 0.184722
2 0.864352 0.480556 0.032407 0.111111
2 0.930556 0.561806 0.048148 0.143056
2 0.545833 0.290972 0.019444 0.070833
2 0.840278 0.402083 0.025 0.084722
2 0.865278 0.408333 0.025 0.077778
6 0.735648 0.477083 0.121296 0.1625
6 0.382407 0.440972 0.072222 0.151389
6 0.359722 0.295833 0.049074 0.088889
6 0.4625 0.247917 0.04537 0.065278
2 0.753704 0.395833 0.027778 0.05
2 0.880093 0.569444 0.060185 0.127778
2 0.885648 0.3875 0.028704 0.088889
2 0.497685 0.229167 0.013889 0.047222
2 0.543056 0.229167 0.013889 0.05
2 0.564815 0.271528 0.02037 0.070833
2 0.462963 0.20625 0.012963 0.031944
2 0.447222 0.199306 0.014815 0.051389
2 0.486111 0.192361 0.012963 0.045833
2 0.508796 0.20625 0.013889 0.048611
2 0.469444 0.181944 0.011111 0.038889
2 0.412037 0.240972 0.02037 0.059722
2 0.587037 0.375694 0.001852 0.001389
4 0.941667 0.354861 0.074074 0.095833
6 0.884722 0.313194 0.089815 0.0875
6 0.367593 0.227778 0.040741 0.063889
6 0.321759 0.238194 0.037963 0.076389
10 0.353241 0.179167 0.037963 0.083333
2 0.067593 0.402778 0.061111 0.063889
