2 0.816667 0.736806 0.074074 0.206944
2 0.587037 0.315278 0.024074 0.086111
2 0.873148 0.641667 0.066667 0.183333
2 0.60787 0.446528 0.036111 0.120833
2 0.52963 0.29375 0.02037 0.073611
2 0.697222 0.499306 0.040741 0.134722
2 0.156019 0.420139 0.082407 0.098611
2 0.800463 0.465972 0.036111 0.123611
2 0.738426 0.429861 0.034259 0.090278
2 0.671759 0.3625 0.030556 0.094444
2 0.129167 0.4125 0.05463 0.086111
6 0.462963 0.259028 0.048148 0.070833
6 0.774074 0.323611 0.125926 0.088889
11 0.364815 0.25 0.051852 0.130556
6 0.549074 0.2125 0.035185 0.047222
6 0.482407 0.170139 0.025926 0.040278
6 0.415278 0.168056 0.023148 0.047222
2 0.5 0.227778 0.012963 0.052778
2 0.306944 0.223611 0.015741 0.052778
2 0.460648 0.204861 0.013889 0.043056
2 0.447685 0.184722 0.015741 0.041667
2 0.478704 0.197917 0.014815 0.0375
