2 0.889815 0.73125 0.085185 0.131944
2 0.764352 0.669444 0.073148 0.127778
2 0.6125 0.891667 0.082407 0.158333
2 0.65463 0.570139 0.046296 0.098611
2 0.777778 0.454861 0.044444 0.079167
2 0.525 0.880556 0.068519 0.183333
2 0.472685 0.740972 0.05463 0.148611
2 0.398611 0.373611 0.025 0.072222
2 0.3 0.906944 0.055556 0.152778
2 0.335648 0.836111 0.04537 0.161111
2 0.481481 0.4375 0.025926 0.080556
2 0.609259 0.527778 0.038889 0.080556
2 0.952315 0.866667 0.078704 0.163889
2 0.458796 0.920139 0.062037 0.134722
2 0.121296 0.457639 0.024074 0.0875
2 0.275 0.71875 0.042593 0.129167
2 0.262037 0.811111 0.040741 0.127778
2 0.450926 0.442361 0.022222 0.073611
2 0.368981 0.785417 0.049074 0.134722
2 0.787963 0.597917 0.051852 0.101389
2 0.436111 0.388889 0.024074 0.069444
2 0.381481 0.927083 0.059259 0.120833
2 0.631481 0.454861 0.038889 0.0625
2 0.596296 0.481944 0.031481 0.072222
2 0.363889 0.359028 0.02037 0.0625
2 0.240741 0.934722 0.046296 0.116667
2 0.547685 0.465278 0.028704 0.075
6 0.293981 0.338889 0.047222 0.061111
10 0.211111 0.530556 0.125926 0.261111
9 0.350926 0.524306 0.131481 0.243056
2 0.52963 0.439583 0.02037 0.0625
2 0.296759 0.600694 0.025 0.120833
2 0.326389 0.649306 0.036111 0.118056
6 0.278241 0.446528 0.039815 0.095833
6 0.250926 0.391667 0.048148 0.072222
2 0.143056 0.470139 0.019444 0.084722
2 0.123611 0.413194 0.017593 0.054167
2 0.215741 0.332639 0.011111 0.0375
2 0.235185 0.334722 0.014815 0.044444
2 0.163426 0.323611 0.008333 0.038889
2 0.137037 0.388889 0.011111 0.055556
2 0.203704 0.379861 0.014815 0.048611
2 0.262037 0.305556 0.012963 0.041667
2 0.351852 0.334722 0.009259 0.044444
0 0.426389 0.335417 0.012037 0.051389
2 0.24213 0.296528 0.006481 0.034722
2 0.248148 0.290278 0.009259 0.033333
6 0.241667 0.278472 0.027778 0.0375
2 0.197222 0.334028 0.007407 0.031944
2 0.2 0.311806 0.009259 0.023611
2 0.183333 0.316667 0.012963 0.041667
2 0.171759 0.370833 0.013889 0.047222
2 0.186574 0.370139 0.012037 0.051389
2 0.047222 0.507639 0.048148 0.0625
0 0.075 0.485417 0.016667 0.084722
0 0.900926 0.386806 0.014815 0.076389
