2 0.521296 0.602083 0.05 0.179167
2 0.452778 0.394444 0.061111 0.1
2 0.221296 0.459028 0.033333 0.123611
2 0.769444 0.527778 0.046296 0.144444
2 0.853241 0.645833 0.063889 0.172222
2 0.701389 0.39375 0.032407 0.106944
4 0.207407 0.624306 0.072222 0.206944
2 0.058333 0.439583 0.046296 0.098611
2 0.978241 0.330556 0.025 0.066667
2 0.493056 0.367361 0.04537 0.101389
2 0.657407 0.338889 0.024074 0.083333
2 0.971759 0.643056 0.041667 0.136111
2 0.401852 0.259722 0.018519 0.063889
2 0.43287 0.279861 0.023148 0.073611
5 0.366667 0.420833 0.081481 0.166667
6 0.867593 0.918056 0.248148 0.147222
6 0.300463 0.338889 0.065741 0.136111
11 0.569444 0.316667 0.088889 0.177778
11 0.530093 0.248611 0.071296 0.119444
2 0.649537 0.300694 0.025 0.0625
2 0.305093 0.258333 0.010185 0.061111
2 0.265741 0.247222 0.040741 0.066667
2 0.389815 0.215972 0.012963 0.043056
2 0.474537 0.305556 0.030556 0.072222
2 0.455093 0.331944 0.026852 0.063889
2 0.34213 0.157639 0.008333 0.031944
2 0.442593 0.152778 0.011111 0.033333
6 0.4875 0.245139 0.025 0.051389
6 0.362963 0.188194 0.025926 0.043056
6 0.428241 0.202083 0.028704 0.045833
6 0.412037 0.158333 0.011111 0.025
6 0.363426 0.132639 0.019444 0.029167
6 0.465741 0.194444 0.022222 0.05
