2 0.525463 0.317361 0.023148 0.0875
2 0.413426 0.479861 0.039815 0.145833
2 0.298611 0.554861 0.039815 0.148611
2 0.240741 0.58125 0.040741 0.170833
2 0.608796 0.459722 0.032407 0.127778
2 0.301852 0.35625 0.027778 0.106944
2 0.911574 0.629167 0.056481 0.175
2 0.89537 0.352778 0.037037 0.080556
2 0.171759 0.397222 0.052778 0.091667
2 0.219907 0.411111 0.05463 0.097222
2 0.551852 0.255556 0.018519 0.061111
2 0.840741 0.351389 0.031481 0.086111
2 0.472222 0.260417 0.018519 0.065278
2 0.428704 0.257639 0.022222 0.068056
2 0.244444 0.375 0.038889 0.080556
2 0.976389 0.745139 0.034259 0.126389
2 0.977315 0.522222 0.026852 0.080556
5 0.787963 0.564583 0.140741 0.206944
6 0.36713 0.235417 0.047222 0.081944
6 0.419907 0.163889 0.025 0.033333
6 0.549537 0.211111 0.036111 0.044444
2 0.509722 0.238194 0.015741 0.048611
2 0.488426 0.245833 0.019444 0.055556
2 0.458333 0.220833 0.016667 0.05
2 0.30463 0.240278 0.011111 0.058333
2 0.32037 0.224306 0.014815 0.048611
2 0.469907 0.183333 0.010185 0.030556
2 0.950926 0.35 0.02963 0.086111
6 0.371296 0.155556 0.025926 0.036111
