2 0.16713 0.597222 0.04537 0.175
2 0.24213 0.567361 0.036111 0.156944
2 0.202315 0.475 0.034259 0.127778
2 0.245833 0.41875 0.030556 0.123611
2 0.95787 0.823611 0.069444 0.191667
2 0.340741 0.323611 0.027778 0.091667
2 0.726852 0.39375 0.033333 0.098611
2 0.635185 0.359028 0.024074 0.095833
2 0.838426 0.48125 0.036111 0.123611
2 0.779167 0.518056 0.043519 0.158333
2 0.107407 0.416667 0.07963 0.097222
2 0.5875 0.319444 0.023148 0.077778
2 0.942593 0.588194 0.062963 0.151389
2 0.235648 0.342361 0.023148 0.0875
2 0.30463 0.304167 0.02037 0.069444
2 0.28287 0.31875 0.019444 0.070833
2 0.296759 0.381944 0.050926 0.086111
2 0.679167 0.390278 0.030556 0.072222
2 0.65787 0.314583 0.025 0.079167
2 0.858333 0.424306 0.02963 0.095833
2 0.61713 0.324306 0.021296 0.076389
2 0.546296 0.319444 0.02037 0.066667
6 0.544444 0.436111 0.085185 0.130556
6 0.696296 0.514583 0.138889 0.181944
6 0.402778 0.425 0.075926 0.141667
6 0.39213 0.259722 0.05463 0.091667
6 0.536111 0.279167 0.05 0.069444
11 0.478704 0.298611 0.07037 0.125
6 0.503704 0.229861 0.044444 0.051389
6 0.361574 0.209028 0.026852 0.051389
2 0.692593 0.352083 0.024074 0.079167
2 0.963426 0.352083 0.039815 0.068056
2 0.937963 0.307639 0.044444 0.054167
2 0.871759 0.31875 0.041667 0.059722
2 0.866667 0.290278 0.038889 0.061111
2 0.972222 0.704167 0.042593 0.147222
2 0.573148 0.254167 0.011111 0.044444
2 0.590741 0.272222 0.014815 0.044444
2 0.32963 0.250694 0.012963 0.056944
2 0.294907 0.254861 0.017593 0.054167
2 0.471296 0.197222 0.009259 0.041667
2 0.490278 0.179861 0.008333 0.034722
2 0.447222 0.188889 0.011111 0.036111
6 0.876852 0.947222 0.231481 0.086111
6 0.318519 0.238194 0.011111 0.051389
0 0.712963 0.269444 0.012963 0.058333
