2 0.652778 0.565278 0.040741 0.1
2 0.743056 0.639583 0.052778 0.109722
2 0.95787 0.529167 0.05463 0.1
2 0.323148 0.825 0.046296 0.141667
2 0.52037 0.488194 0.02963 0.084722
2 0.269907 0.839583 0.039815 0.1375
2 0.451389 0.440972 0.026852 0.070833
2 0.587963 0.497917 0.031481 0.079167
2 0.220833 0.775694 0.043519 0.168056
2 0.18287 0.708333 0.032407 0.111111
2 0.961111 0.784722 0.059259 0.113889
2 0.23287 0.613194 0.034259 0.095833
2 0.253704 0.696528 0.042593 0.140278
2 0.359259 0.924306 0.057407 0.123611
2 0.167593 0.623611 0.02963 0.1
2 0.85787 0.679861 0.078704 0.123611
2 0.289352 0.938194 0.041667 0.104167
6 0.35787 0.722917 0.125 0.190278
6 0.849537 0.833333 0.247222 0.244444
6 0.385185 0.58125 0.107407 0.1375
6 0.295833 0.563194 0.084259 0.156944
6 0.293981 0.336111 0.04537 0.061111
6 0.225 0.466667 0.057407 0.097222
6 0.294444 0.447222 0.068519 0.094444
9 0.639352 0.831944 0.415741 0.333333
10 0.16713 0.328472 0.056481 0.118056
2 0.151389 0.488194 0.021296 0.079167
2 0.181944 0.517361 0.019444 0.073611
2 0.212037 0.529167 0.016667 0.075
2 0.202315 0.557639 0.015741 0.079167
2 0.166667 0.563889 0.02037 0.066667
2 0.191204 0.614583 0.021296 0.104167
2 0.165278 0.522917 0.019444 0.051389
2 0.355093 0.497917 0.025 0.059722
2 0.213426 0.385417 0.015741 0.056944
5 0.181019 0.424306 0.039815 0.076389
2 0.514352 0.442361 0.021296 0.045833
2 0.499074 0.427778 0.016667 0.066667
2 0.481944 0.4375 0.023148 0.061111
2 0.410648 0.425694 0.023148 0.056944
2 0.393056 0.388889 0.017593 0.058333
2 0.426852 0.380556 0.018519 0.055556
2 0.37037 0.363889 0.018519 0.052778
2 0.324537 0.326389 0.012037 0.047222
2 0.585648 0.436111 0.041667 0.069444
2 0.124074 0.329861 0.012963 0.048611
6 0.189352 0.278472 0.025 0.043056
2 0.256944 0.280556 0.010185 0.033333
2 0.306019 0.290278 0.010185 0.033333
