2 0.588426 0.531944 0.036111 0.111111
2 0.156019 0.477083 0.025 0.090278
2 0.252778 0.429861 0.024074 0.081944
2 0.468981 0.442361 0.026852 0.084722
2 0.133796 0.621528 0.037963 0.123611
2 0.203704 0.45 0.025926 0.091667
2 0.149074 0.347917 0.016667 0.0625
2 0.211111 0.435417 0.027778 0.090278
6 0.374074 0.572222 0.096296 0.138889
11 0.322685 0.334028 0.073148 0.109722
2 0.267593 0.39375 0.018519 0.054167
6 0.277778 0.31875 0.024074 0.051389
2 0.234259 0.25 0.009259 0.033333
2 0.137037 0.316667 0.016667 0.047222
6 0.1625 0.240972 0.023148 0.031944
