2 0.534722 0.656944 0.05463 0.191667
2 0.186574 0.792361 0.069444 0.276389
2 0.60787 0.375 0.028704 0.1
2 0.225463 0.327083 0.025 0.0875
2 0.905556 0.845139 0.090741 0.206944
1 0.166204 0.4375 0.063889 0.108333
2 0.790278 0.4875 0.036111 0.122222
2 0.731019 0.322222 0.043519 0.075
2 0.856944 0.647917 0.076852 0.1625
2 0.914352 0.584722 0.060185 0.152778
2 0.968056 0.432639 0.049074 0.090278
2 0.870833 0.410417 0.025 0.095833
2 0.856481 0.45625 0.02963 0.095833
2 0.5 0.253472 0.018519 0.056944
2 0.683333 0.315972 0.044444 0.070833
2 0.885185 0.351389 0.027778 0.077778
2 0.901389 0.786806 0.084259 0.156944
2 0.761111 0.360417 0.035185 0.081944
2 0.814352 0.388194 0.025 0.095833
name 0.350926 0.302778 0.053704 0.105556
name 0.522685 0.383333 0.091667 0.15
2 0.822222 0.366667 0.025926 0.083333
2 0.936574 0.361111 0.032407 0.091667
2 0.849074 0.528472 0.064815 0.104167
2 0.974074 0.682639 0.035185 0.198611
2 0.536111 0.238889 0.014815 0.044444
2 0.537037 0.296528 0.022222 0.056944
2 0.641667 0.2875 0.027778 0.066667
2 0.552315 0.232639 0.015741 0.043056
2 0.481944 0.221528 0.013889 0.045833
2 0.435185 0.205556 0.011111 0.041667
2 0.506944 0.205556 0.013889 0.041667
2 0.380093 0.165972 0.008333 0.031944
2 0.359722 0.173611 0.008333 0.030556
2 0.348611 0.16875 0.010185 0.029167
6 0.411574 0.152083 0.019444 0.031944
6 0.403241 0.139583 0.017593 0.031944
