2 0.561574 0.756944 0.073148 0.211111
2 0.866667 0.725 0.059259 0.136111
2 0.287963 0.8125 0.042593 0.175
2 0.728704 0.633333 0.051852 0.127778
2 0.505556 0.591667 0.062963 0.113889
2 0.625926 0.591667 0.037037 0.105556
2 0.440278 0.878472 0.060185 0.195833
2 0.961111 0.745139 0.061111 0.126389
2 0.387037 0.728472 0.044444 0.154167
2 0.253241 0.665278 0.032407 0.127778
2 0.336111 0.755556 0.037037 0.138889
2 0.456019 0.452778 0.026852 0.083333
2 0.568519 0.580556 0.037037 0.105556
2 0.231481 0.608333 0.027778 0.108333
2 0.313426 0.679167 0.034259 0.113889
2 0.19213 0.569444 0.028704 0.116667
2 0.273611 0.596528 0.028704 0.106944
2 0.431944 0.404167 0.025 0.066667
2 0.327778 0.640972 0.033333 0.1125
2 0.169907 0.521528 0.025 0.095833
2 0.142593 0.561111 0.025926 0.097222
2 0.549074 0.497222 0.038889 0.094444
2 0.590278 0.433333 0.037963 0.066667
6 0.427315 0.660417 0.123148 0.170833
6 0.311111 0.493056 0.07037 0.108333
6 0.360185 0.407639 0.053704 0.073611
9 0.250926 0.364583 0.051852 0.095833
2 0.145833 0.4875 0.017593 0.072222
2 0.25463 0.545139 0.022222 0.081944
2 0.305556 0.584028 0.027778 0.093056
2 0.194907 0.489583 0.019444 0.070833
2 0.211574 0.544444 0.019444 0.1
2 0.22963 0.522222 0.022222 0.086111
2 0.226852 0.459028 0.02037 0.068056
2 0.244907 0.473611 0.019444 0.072222
2 0.247222 0.430556 0.018519 0.05
2 0.297222 0.429861 0.02037 0.048611
2 0.324074 0.442361 0.018519 0.056944
2 0.169907 0.466667 0.021296 0.063889
2 0.182407 0.395139 0.014815 0.065278
2 0.118519 0.379861 0.014815 0.059722
6 0.140741 0.361806 0.031481 0.054167
6 0.217593 0.342361 0.024074 0.059722
2 0.343056 0.340278 0.012037 0.047222
2 0.520833 0.35 0.025 0.05
2 0.31713 0.31875 0.012037 0.0375
2 0.303704 0.288194 0.009259 0.029167
