2 0.370833 0.694444 0.112037 0.180556
2 0.178241 0.547222 0.047222 0.158333
2 0.891204 0.579861 0.058333 0.1625
2 0.748611 0.493056 0.043519 0.138889
2 0.285648 0.334722 0.021296 0.086111
2 0.340741 0.327778 0.022222 0.091667
2 0.584259 0.423611 0.033333 0.113889
2 0.311111 0.3625 0.024074 0.102778
2 0.57963 0.338889 0.025926 0.086111
2 0.667593 0.329167 0.05 0.077778
2 0.209259 0.385417 0.048148 0.098611
2 0.973148 0.625 0.038889 0.138889
2 0.649537 0.378472 0.030556 0.095833
2 0.618519 0.402083 0.025926 0.104167
2 0.266204 0.311111 0.019444 0.080556
2 0.557407 0.269444 0.02037 0.063889
2 0.5125 0.309028 0.023148 0.084722
2 0.477315 0.259028 0.028704 0.0625
2 0.977315 0.783333 0.032407 0.122222
2 0.124074 0.420139 0.066667 0.090278
11 0.383333 0.248611 0.062963 0.144444
2 0.517593 0.277083 0.027778 0.068056
2 0.515278 0.235417 0.013889 0.034722
2 0.501852 0.217361 0.011111 0.045833
2 0.305093 0.3 0.017593 0.058333
2 0.284722 0.240278 0.013889 0.05
2 0.307407 0.249306 0.014815 0.048611
2 0.344444 0.23125 0.012963 0.051389
2 0.324537 0.224306 0.012037 0.043056
2 0.30463 0.222222 0.012963 0.041667
2 0.487037 0.183333 0.012963 0.038889
6 0.549537 0.211806 0.037963 0.051389
