2 0.718519 0.903472 0.087037 0.170833
2 0.681481 0.609028 0.048148 0.1125
2 0.384722 0.853472 0.052778 0.190278
2 0.302778 0.861111 0.048148 0.191667
2 0.183333 0.402778 0.02037 0.080556
2 0.233333 0.7375 0.046296 0.163889
2 0.405093 0.754861 0.049074 0.143056
2 0.119907 0.617361 0.041667 0.115278
5 0.450463 0.631944 0.130556 0.2
6 0.289352 0.486111 0.065741 0.105556
6 0.229167 0.35625 0.041667 0.0625
2 0.177778 0.323611 0.014815 0.047222
2 0.161574 0.327083 0.013889 0.045833
2 0.143056 0.321528 0.012037 0.045833
2 0.155556 0.288194 0.011111 0.0375
6 0.181944 0.2625 0.023148 0.036111
