2 0.873148 0.713889 0.062963 0.127778
2 0.218056 0.755556 0.043519 0.152778
2 0.406481 0.923611 0.057407 0.127778
2 0.16713 0.513194 0.025 0.0875
2 0.203704 0.661806 0.02963 0.095833
2 0.5625 0.454861 0.032407 0.073611
2 0.452778 0.4375 0.025926 0.077778
2 0.588426 0.434028 0.034259 0.0625
2 0.148611 0.463194 0.021296 0.0875
6 0.658333 0.820139 0.225926 0.284722
5 0.669444 0.625 0.157407 0.147222
6 0.373148 0.604167 0.109259 0.183333
6 0.281944 0.654861 0.10463 0.1875
6 0.28287 0.442361 0.058333 0.093056
6 0.218981 0.4875 0.065741 0.111111
6 0.178241 0.396528 0.047222 0.084722
11 0.242593 0.361111 0.059259 0.127778
2 0.751852 0.623611 0.024074 0.102778
2 0.429167 0.413194 0.019444 0.056944
2 0.464352 0.399306 0.015741 0.056944
2 0.402315 0.38125 0.017593 0.051389
2 0.385185 0.361111 0.016667 0.055556
2 0.328241 0.509028 0.026852 0.079167
2 0.130556 0.409028 0.014815 0.059722
6 0.177315 0.321528 0.030556 0.054167
6 0.194907 0.293056 0.025 0.038889
2 0.140278 0.365972 0.010185 0.0375
11 0.301852 0.333333 0.05 0.077778
10 0.315741 0.305556 0.062963 0.088889
2 0.122685 0.370139 0.010185 0.048611
2 0.153704 0.342361 0.012963 0.043056
2 0.144907 0.325 0.010185 0.041667
6 0.228241 0.270833 0.025 0.036111
6 0.149074 0.286111 0.022222 0.041667
2 0.118519 0.321528 0.011111 0.040278
2 0.132407 0.350694 0.011111 0.0375
2 0.135185 0.3125 0.007407 0.027778
2 0.163889 0.290278 0.007407 0.030556
6 0.176389 0.256944 0.021296 0.033333
2 0.914815 0.484028 0.048148 0.073611
