2 0.231019 0.375 0.058333 0.105556
2 0.493981 0.302083 0.019444 0.070833
2 0.514815 0.255556 0.02037 0.061111
2 0.844907 0.613194 0.063889 0.229167
2 0.628241 0.334028 0.025 0.0875
2 0.558333 0.269444 0.02037 0.069444
2 0.845833 0.541667 0.05463 0.136111
2 0.328241 0.234028 0.017593 0.054167
2 0.485185 0.251389 0.018519 0.052778
5 0.571759 0.454861 0.112037 0.165278
2 0.47037 0.207639 0.011111 0.040278
2 0.497685 0.204861 0.012037 0.0375
2 0.525926 0.216667 0.011111 0.038889
2 0.439815 0.161111 0.009259 0.038889
2 0.465278 0.165278 0.010185 0.033333
