2 0.344907 0.820833 0.047222 0.183333
2 0.636574 0.509722 0.041667 0.088889
2 0.266667 0.534028 0.02963 0.1125
2 0.29213 0.645139 0.037963 0.143056
2 0.466667 0.543056 0.048148 0.1
2 0.267593 0.760417 0.042593 0.173611
2 0.951852 0.902778 0.087037 0.163889
2 0.326852 0.483333 0.027778 0.091667
2 0.5875 0.436111 0.043519 0.069444
2 0.445833 0.411111 0.023148 0.075
2 0.883333 0.457639 0.02963 0.073611
6 0.566667 0.876389 0.214815 0.225
6 0.24213 0.392361 0.047222 0.070833
6 0.301389 0.351389 0.041667 0.058333
6 0.196296 0.336111 0.035185 0.063889
2 0.150926 0.340972 0.012963 0.048611
11 0.226852 0.256944 0.02963 0.055556
2 0.419907 0.441667 0.021296 0.058333
2 0.410648 0.4 0.017593 0.052778
2 0.427778 0.384722 0.016667 0.055556
2 0.369907 0.356944 0.012037 0.047222
2 0.255556 0.282639 0.012963 0.034722
2 0.316667 0.327083 0.011111 0.031944
2 0.328241 0.315278 0.010185 0.036111
0 0.831481 0.491667 0.016667 0.086111
0 0.907407 0.406944 0.016667 0.072222
0 0.898611 0.382639 0.012037 0.068056
2 0.300463 0.295833 0.010185 0.036111
2 0.35 0.326389 0.009259 0.038889
