2 0.130556 0.685417 0.051852 0.204167
2 0.303241 0.459722 0.060185 0.136111
2 0.20463 0.445139 0.031481 0.131944
2 0.253241 0.348611 0.025 0.094444
2 0.6375 0.928472 0.113889 0.123611
2 0.886111 0.520139 0.042593 0.129167
2 0.742593 0.457639 0.042593 0.109722
2 0.081944 0.617361 0.043519 0.179167
2 0.388426 0.427778 0.060185 0.1
2 0.161111 0.536111 0.038889 0.138889
2 0.434259 0.254861 0.022222 0.068056
2 0.844444 0.44375 0.033333 0.109722
2 0.37037 0.379861 0.042593 0.090278
2 0.403704 0.296528 0.024074 0.084722
2 0.940741 0.448611 0.02963 0.102778
2 0.114352 0.427083 0.058333 0.115278
2 0.908796 0.434722 0.030556 0.102778
6 0.595833 0.520139 0.115741 0.156944
6 0.480093 0.406944 0.150926 0.113889
6 0.803241 0.652083 0.182407 0.256944
6 0.835648 0.33125 0.108333 0.0875
ethnicity 0.615278 0.33125 0.136111 0.206944
2 0.047685 0.419444 0.062037 0.1
2 0.431019 0.354861 0.043519 0.059722
2 0.739815 0.400694 0.037037 0.068056
2 0.957407 0.354167 0.038889 0.1
2 0.741204 0.277083 0.036111 0.054167
2 0.97037 0.638889 0.048148 0.163889
2 0.510185 0.204861 0.012963 0.051389
2 0.474537 0.190278 0.010185 0.041667
2 0.462037 0.179167 0.011111 0.041667
2 0.309259 0.227083 0.011111 0.045833
2 0.256944 0.261806 0.013889 0.056944
2 0.270833 0.234722 0.012037 0.052778
2 0.338426 0.206944 0.012037 0.047222
6 0.36713 0.213889 0.036111 0.055556
