2 0.150926 0.545139 0.027778 0.104167
2 0.176389 0.520139 0.023148 0.098611
2 0.186111 0.475 0.02037 0.086111
2 0.15463 0.490278 0.02037 0.066667
2 0.39213 0.358333 0.019444 0.055556
2 0.169444 0.356944 0.016667 0.066667
2 0.135648 0.376389 0.017593 0.061111
2 0.143981 0.286806 0.010185 0.0375
2 0.172685 0.252083 0.012037 0.031944
2 0.159722 0.2875 0.013889 0.044444
2 0.168056 0.316667 0.013889 0.038889
2 0.230556 0.243056 0.009259 0.030556
2 0.520833 0.920139 0.058333 0.129167
2 0.610185 0.409722 0.035185 0.063889
6 0.57963 0.517361 0.122222 0.098611
6 0.306944 0.473611 0.075 0.136111
6 0.265741 0.426389 0.044444 0.080556
6 0.245833 0.389583 0.037963 0.070833
6 0.236111 0.360417 0.031481 0.048611
6 0.269444 0.299306 0.035185 0.048611
4 0.22037 0.509722 0.05 0.113889
