2 0.578241 0.319444 0.025 0.080556
2 0.772222 0.465278 0.040741 0.125
2 0.665741 0.370833 0.02963 0.097222
2 0.619907 0.373611 0.026852 0.102778
2 0.111574 0.878472 0.075 0.218056
2 0.875926 0.910417 0.098148 0.154167
6 0.524074 0.393056 0.085185 0.136111
6 0.915278 0.804861 0.158333 0.306944
5 0.83287 0.352778 0.09537 0.105556
0 0.977778 0.514583 0.033333 0.084722
0 0.068981 0.402083 0.025 0.084722
2 0.497685 0.213194 0.012037 0.040278
2 0.423148 0.168056 0.011111 0.033333
2 0.438889 0.165972 0.012963 0.034722
6 0.293056 0.202778 0.030556 0.058333
6 0.365741 0.14375 0.016667 0.023611
