0 0.554167 0.728472 0.037963 0.184722
2 0.674537 0.558333 0.05463 0.136111
2 0.225463 0.510417 0.036111 0.151389
2 0.241667 0.327083 0.025926 0.095833
2 0.306019 0.408333 0.030556 0.122222
2 0.541204 0.326389 0.025 0.088889
2 0.594907 0.367361 0.028704 0.095833
2 0.636574 0.35625 0.025 0.093056
2 0.714815 0.452083 0.037037 0.1125
2 0.287037 0.321528 0.022222 0.084722
2 0.653704 0.454861 0.057407 0.104167
2 0.68287 0.390972 0.032407 0.104167
2 0.564352 0.249306 0.017593 0.056944
2 0.727778 0.403472 0.02963 0.081944
2 0.520833 0.236111 0.017593 0.055556
2 0.581944 0.333333 0.023148 0.075
6 0.786111 0.347222 0.116667 0.083333
6 0.487963 0.170833 0.031481 0.041667
6 0.413889 0.165278 0.022222 0.038889
2 0.344907 0.202778 0.012037 0.044444
2 0.475926 0.202083 0.011111 0.0375
2 0.452315 0.186806 0.008333 0.0375
2 0.45787 0.175694 0.010185 0.040278
2 0.448148 0.170833 0.007407 0.030556
2 0.44537 0.149306 0.009259 0.023611
