2 0.4125 0.402083 0.060185 0.101389
2 0.25463 0.46875 0.033333 0.129167
2 0.24537 0.661111 0.044444 0.2
2 0.303241 0.275 0.019444 0.072222
2 0.639815 0.390972 0.031481 0.1125
2 0.713889 0.394444 0.033333 0.111111
2 0.881944 0.363194 0.032407 0.093056
2 0.828704 0.529861 0.042593 0.143056
2 0.946296 0.357639 0.035185 0.104167
2 0.933333 0.8375 0.101852 0.286111
2 0.862963 0.475694 0.035185 0.120833
2 0.597685 0.325694 0.021296 0.079167
6 0.801852 0.870833 0.268519 0.233333
6 0.471759 0.270139 0.052778 0.079167
11 0.544907 0.370139 0.100926 0.195833
2 0.667593 0.279167 0.038889 0.066667
2 0.58287 0.250694 0.015741 0.054167
2 0.590278 0.275 0.017593 0.052778
2 0.537963 0.247222 0.016667 0.055556
2 0.560185 0.244444 0.016667 0.058333
2 0.521296 0.250694 0.016667 0.051389
2 0.501389 0.246528 0.015741 0.059722
2 0.480093 0.202778 0.012037 0.041667
2 0.492593 0.206944 0.012963 0.038889
2 0.375 0.180556 0.012963 0.05
11 0.440278 0.191667 0.04537 0.088889
6 0.549074 0.209028 0.031481 0.043056
