0 0.908333 0.513889 0.027778 0.094444
2 0.726852 0.690278 0.074074 0.125
2 0.460648 0.85 0.050926 0.177778
2 0.537963 0.840972 0.055556 0.181944
2 0.504167 0.652778 0.052778 0.141667
2 0.778704 0.608333 0.051852 0.102778
2 0.599537 0.836806 0.060185 0.181944
2 0.921759 0.675 0.063889 0.111111
2 0.889352 0.772917 0.069444 0.123611
2 0.570833 0.692361 0.05463 0.126389
2 0.372685 0.821528 0.041667 0.1375
2 0.595833 0.570833 0.041667 0.091667
2 0.25787 0.721528 0.034259 0.120833
2 0.324537 0.747917 0.037963 0.131944
2 0.701852 0.851389 0.092593 0.122222
2 0.283796 0.820139 0.043519 0.145833
2 0.225 0.675 0.02963 0.116667
2 0.672685 0.58125 0.043519 0.0875
2 0.543981 0.494444 0.030556 0.091667
2 0.282407 0.656944 0.02963 0.105556
2 0.156481 0.568056 0.025926 0.097222
2 0.406481 0.921528 0.051852 0.134722
2 0.303241 0.609028 0.034259 0.118056
2 0.198148 0.636111 0.027778 0.088889
2 0.772685 0.475 0.032407 0.075
2 0.337963 0.924306 0.048148 0.131944
2 0.253241 0.595139 0.026852 0.101389
2 0.400463 0.402778 0.025 0.069444
2 0.355556 0.667361 0.035185 0.109722
2 0.395833 0.761806 0.037963 0.145833
2 0.703704 0.622917 0.038889 0.101389
2 0.514815 0.497222 0.035185 0.075
6 0.862037 0.893056 0.227778 0.183333
6 0.383796 0.588194 0.110185 0.181944
6 0.254167 0.393056 0.052778 0.066667
6 0.300463 0.470139 0.062037 0.098611
2 0.177778 0.527083 0.012963 0.084722
2 0.191667 0.558333 0.02037 0.086111
2 0.223148 0.590278 0.024074 0.083333
2 0.211111 0.529167 0.018519 0.077778
2 0.235185 0.517361 0.022222 0.076389
2 0.256481 0.540278 0.02037 0.088889
2 0.293056 0.550694 0.025 0.073611
2 0.144907 0.506944 0.019444 0.072222
2 0.162037 0.448611 0.014815 0.055556
2 0.1375 0.440278 0.015741 0.061111
2 0.151389 0.420139 0.013889 0.056944
2 0.218519 0.459028 0.016667 0.068056
2 0.248148 0.484722 0.012963 0.052778
2 0.260185 0.471528 0.014815 0.070833
2 0.240278 0.452778 0.015741 0.061111
2 0.212963 0.421528 0.014815 0.068056
2 0.188889 0.468056 0.012963 0.063889
2 0.191667 0.43125 0.014815 0.051389
6 0.180093 0.367361 0.041667 0.065278
2 0.170833 0.403472 0.013889 0.059722
2 0.127315 0.414583 0.013889 0.056944
2 0.14213 0.400694 0.012037 0.051389
2 0.156481 0.386806 0.011111 0.045833
2 0.211574 0.370139 0.010185 0.043056
6 0.22963 0.354167 0.033333 0.055556
11 0.204167 0.286806 0.036111 0.081944
2 0.130556 0.375 0.011111 0.055556
2 0.176852 0.325 0.012963 0.033333
2 0.161574 0.314583 0.008333 0.034722
2 0.147685 0.327778 0.008333 0.036111
2 0.125 0.346528 0.009259 0.043056
2 0.13287 0.284722 0.010185 0.038889
11 0.256944 0.298611 0.041667 0.061111
2 0.328704 0.368056 0.011111 0.05
2 0.348611 0.361111 0.012037 0.044444
2 0.368981 0.359722 0.025 0.058333
2 0.388426 0.352778 0.013889 0.05
2 0.306019 0.31875 0.012037 0.034722
2 0.29213 0.325694 0.013889 0.043056
2 0.581944 0.494444 0.030556 0.075
2 0.606481 0.486111 0.02963 0.086111
2 0.585648 0.43125 0.039815 0.068056
2 0.449537 0.450694 0.023148 0.070833
2 0.472222 0.438889 0.025926 0.069444
2 0.4875 0.4125 0.021296 0.075
6 0.712963 0.936806 0.17037 0.104167
2 0.422222 0.373611 0.022222 0.05
2 0.444444 0.40625 0.02037 0.059722
2 0.341667 0.318056 0.011111 0.038889
2 0.318056 0.3375 0.013889 0.041667
2 0.327778 0.320833 0.016667 0.052778
2 0.145833 0.294444 0.012037 0.041667
2 0.14537 0.361111 0.012963 0.044444
2 0.160648 0.285417 0.010185 0.034722
2 0.137963 0.338889 0.011111 0.038889
