6 0.769444 0.454861 0.081481 0.120833
6 0.808796 0.347222 0.086111 0.086111
6 0.435185 0.883333 0.192593 0.208333
6 0.481019 0.249306 0.032407 0.056944
6 0.45787 0.221528 0.037963 0.054167
6 0.369444 0.225 0.033333 0.05
6 0.434259 0.165278 0.018519 0.030556
5 0.364815 0.338194 0.057407 0.120833
10 0.367593 0.161111 0.033333 0.077778
2 0.931481 0.794444 0.090741 0.227778
2 0.901852 0.589583 0.064815 0.148611
2 0.819907 0.589583 0.05463 0.131944
2 0.838889 0.513194 0.051852 0.115278
2 0.875 0.4625 0.025926 0.113889
2 0.862037 0.413194 0.016667 0.070833
2 0.898148 0.386806 0.027778 0.093056
2 0.946759 0.354861 0.032407 0.065278
2 0.725 0.511111 0.038889 0.127778
2 0.750926 0.579861 0.044444 0.143056
2 0.674537 0.708333 0.049074 0.191667
2 0.580556 0.829167 0.074074 0.25
2 0.640278 0.564583 0.050926 0.159722
2 0.641667 0.454167 0.02963 0.088889
2 0.650926 0.369444 0.051852 0.094444
2 0.622222 0.340278 0.037037 0.072222
2 0.555556 0.421528 0.033333 0.118056
2 0.493981 0.346528 0.030556 0.076389
2 0.569444 0.326389 0.053704 0.080556
2 0.598148 0.297222 0.025926 0.075
2 0.541667 0.307639 0.038889 0.065278
2 0.539352 0.245139 0.015741 0.0625
2 0.568981 0.247222 0.015741 0.047222
2 0.306019 0.477083 0.034259 0.101389
2 0.305093 0.579861 0.04537 0.148611
2 0.305556 0.707639 0.040741 0.1625
2 0.243981 0.597222 0.04537 0.155556
2 0.048148 0.897917 0.074074 0.179167
2 0.187963 0.548611 0.044444 0.141667
2 0.269907 0.447222 0.030556 0.111111
2 0.3125 0.380556 0.026852 0.102778
2 0.243056 0.396528 0.026852 0.101389
2 0.197685 0.371528 0.04537 0.076389
2 0.168519 0.435417 0.072222 0.101389
2 0.12037 0.424306 0.064815 0.109722
2 0.276852 0.304167 0.018519 0.061111
2 0.273148 0.265972 0.016667 0.054167
2 0.331944 0.299306 0.017593 0.068056
2 0.451389 0.282639 0.030556 0.054167
2 0.430556 0.25625 0.025926 0.045833
2 0.401852 0.248611 0.011111 0.061111
2 0.34213 0.249306 0.017593 0.056944
4 0.306944 0.282639 0.036111 0.076389
2 0.506481 0.211806 0.014815 0.031944
2 0.51713 0.264583 0.017593 0.065278
0 0.688889 0.3 0.027778 0.069444
