2 0.200463 0.515972 0.037963 0.140278
2 0.535185 0.354167 0.053704 0.091667
2 0.4375 0.300694 0.023148 0.0875
2 0.274537 0.315972 0.021296 0.081944
2 0.697222 0.686111 0.062963 0.202778
2 0.609722 0.358333 0.025 0.091667
2 0.239352 0.298611 0.019444 0.069444
2 0.576852 0.489583 0.040741 0.151389
2 0.70787 0.435417 0.032407 0.120833
2 0.727778 0.347222 0.035185 0.080556
2 0.925463 0.602083 0.043519 0.143056
2 0.902778 0.515972 0.042593 0.101389
2 0.822222 0.490278 0.042593 0.111111
2 0.975 0.339583 0.031481 0.068056
2 0.893519 0.3875 0.031481 0.094444
2 0.630556 0.3 0.02037 0.069444
2 0.596759 0.292361 0.021296 0.065278
2 0.788889 0.439583 0.02963 0.115278
5 0.816667 0.645833 0.187037 0.225
5 0.473611 0.247917 0.049074 0.065278
2 0.068981 0.402778 0.062037 0.061111
2 0.258333 0.26875 0.02037 0.0625
2 0.328704 0.183333 0.011111 0.038889
2 0.502315 0.23125 0.015741 0.056944
2 0.81713 0.401389 0.028704 0.088889
2 0.905093 0.334722 0.026852 0.075
2 0.978241 0.653472 0.025 0.109722
6 0.976852 0.923611 0.035185 0.127778
5 0.37963 0.228472 0.035185 0.059722
