2 0.587037 0.502778 0.037037 0.077778
2 0.772222 0.475694 0.033333 0.073611
2 0.465278 0.4125 0.025 0.075
2 0.2 0.573611 0.031481 0.111111
2 0.584722 0.436806 0.041667 0.065278
2 0.731019 0.471528 0.041667 0.093056
2 0.1625 0.563194 0.05463 0.104167
6 0.244907 0.484722 0.065741 0.130556
11 0.287963 0.404861 0.088889 0.1875
2 0.121296 0.529861 0.022222 0.104167
2 0.197222 0.509722 0.025926 0.091667
2 0.149074 0.510417 0.02037 0.051389
2 0.099074 0.545139 0.02037 0.109722
2 0.118056 0.44375 0.013889 0.070833
11 0.199537 0.422917 0.049074 0.118056
2 0.169907 0.502083 0.015741 0.056944
2 0.140741 0.427778 0.012963 0.055556
2 0.131019 0.392361 0.012037 0.043056
2 0.117593 0.388194 0.011111 0.045833
6 0.175 0.344444 0.033333 0.052778
6 0.228704 0.346528 0.02963 0.059722
6 0.218981 0.328472 0.026852 0.051389
6 0.157407 0.311111 0.02963 0.041667
2 0.131019 0.356944 0.010185 0.033333
2 0.163889 0.439583 0.012963 0.048611
2 0.262963 0.269444 0.009259 0.030556
6 0.209259 0.245139 0.02037 0.026389
2 0.149537 0.354861 0.012037 0.040278
2 0.155093 0.475 0.015741 0.047222
0 0.677315 0.40625 0.017593 0.073611
2 0.124537 0.278472 0.008333 0.031944
2 0.138426 0.278472 0.010185 0.0375
2 0.138889 0.306944 0.009259 0.033333
