2 0.494907 0.375 0.052778 0.097222
2 0.339352 0.473611 0.036111 0.15
2 0.521759 0.318056 0.041667 0.077778
2 0.349074 0.322917 0.024074 0.093056
2 0.95463 0.752778 0.075926 0.208333
2 0.884722 0.427083 0.036111 0.109722
2 0.954167 0.351389 0.037963 0.083333
2 0.697685 0.425694 0.037963 0.120833
2 0.655093 0.40625 0.026852 0.1125
2 0.290741 0.4375 0.027778 0.111111
2 0.282407 0.281944 0.037037 0.066667
2 0.316204 0.326389 0.026852 0.108333
2 0.629167 0.34375 0.025 0.093056
2 0.208333 0.406944 0.066667 0.116667
6 0.450926 0.208333 0.038889 0.052778
0 0.160648 0.346528 0.023148 0.070833
0 0.014815 0.554167 0.024074 0.122222
2 0.631019 0.283333 0.026852 0.047222
2 0.145833 0.403472 0.05463 0.079167
2 0.224537 0.381944 0.056481 0.083333
0 0.225463 0.250694 0.010185 0.051389
0 0.215741 0.25 0.012963 0.061111
6 0.547222 0.211111 0.037037 0.047222
6 0.487037 0.168056 0.025926 0.038889
6 0.429167 0.18125 0.025 0.0375
