2 0.724074 0.649306 0.064815 0.179167
2 0.55463 0.384028 0.07037 0.120833
2 0.234722 0.511111 0.041667 0.15
2 0.82963 0.397917 0.031481 0.109722
2 0.480093 0.26875 0.028704 0.068056
2 0.218056 0.365972 0.049074 0.084722
2 0.617593 0.333333 0.025926 0.088889
2 0.885185 0.372917 0.040741 0.081944
2 0.308796 0.260417 0.017593 0.059722
2 0.568056 0.413194 0.05463 0.090278
2 0.915741 0.345833 0.02963 0.077778
2 0.938426 0.330556 0.025 0.075
2 0.290741 0.236111 0.012963 0.05
2 0.33287 0.211111 0.010185 0.047222
2 0.356944 0.206944 0.012037 0.05
2 0.47963 0.202083 0.011111 0.031944
2 0.501852 0.203472 0.011111 0.040278
2 0.335648 0.170139 0.010185 0.0375
6 0.548611 0.211806 0.034259 0.045833
6 0.4875 0.170833 0.030556 0.041667
6 0.422685 0.157639 0.021296 0.031944
6 0.368519 0.145139 0.025926 0.043056
