2 0.27963 0.409722 0.02963 0.119444
2 0.961111 0.629167 0.064815 0.186111
2 0.411574 0.284722 0.019444 0.072222
0 0.076852 0.492361 0.035185 0.129167
0 0.136111 0.404167 0.033333 0.102778
12 0.594907 0.414583 0.241667 0.406944
11 0.919444 0.288194 0.140741 0.115278
2 0.28287 0.206944 0.013889 0.041667
2 0.309722 0.202778 0.012037 0.041667
2 0.344444 0.163194 0.007407 0.029167
2 0.488426 0.181944 0.010185 0.030556
2 0.458333 0.154861 0.009259 0.029167
6 0.371759 0.166667 0.019444 0.033333
6 0.325463 0.165972 0.017593 0.029167
6 0.36713 0.127778 0.015741 0.022222
6 0.365278 0.147222 0.019444 0.027778
12 0.402778 0.13125 0.031481 0.068056
