2 0.289352 0.323611 0.023148 0.091667
2 0.506944 0.366667 0.026852 0.097222
2 0.75463 0.535417 0.046296 0.140278
2 0.718981 0.379167 0.032407 0.097222
2 0.648148 0.408333 0.031481 0.108333
2 0.84213 0.489583 0.037963 0.134722
2 0.394444 0.29375 0.022222 0.084722
2 0.897222 0.538194 0.044444 0.148611
2 0.956944 0.636111 0.069444 0.180556
2 0.612037 0.309722 0.048148 0.075
2 0.461111 0.290972 0.035185 0.070833
2 0.52037 0.295833 0.037037 0.066667
2 0.780093 0.429167 0.043519 0.116667
2 0.906944 0.365972 0.036111 0.090278
2 0.674074 0.325694 0.042593 0.068056
2 0.108796 0.399306 0.063889 0.090278
6 0.750463 0.879167 0.239815 0.216667
6 0.947685 0.876389 0.097222 0.222222
2 0.511574 0.236806 0.015741 0.045833
2 0.527778 0.220833 0.014815 0.047222
2 0.305093 0.266667 0.017593 0.063889
2 0.295833 0.234028 0.013889 0.048611
2 0.492593 0.215278 0.012963 0.041667
2 0.480556 0.201389 0.011111 0.044444
2 0.471296 0.197917 0.012963 0.031944
2 0.328241 0.216667 0.013889 0.047222
6 0.4625 0.241667 0.04537 0.061111
6 0.443519 0.213194 0.031481 0.043056
6 0.553241 0.2125 0.034259 0.047222
6 0.487963 0.172222 0.031481 0.038889
6 0.377778 0.195139 0.035185 0.048611
6 0.40463 0.147917 0.018519 0.034722
2 0.94213 0.343056 0.039815 0.066667
