2 0.488426 0.285417 0.019444 0.073611
2 0.251852 0.467361 0.051852 0.118056
2 0.249074 0.327778 0.024074 0.097222
2 0.685648 0.446528 0.034259 0.123611
2 0.84213 0.445833 0.032407 0.122222
2 0.521759 0.249306 0.017593 0.056944
2 0.879167 0.588194 0.052778 0.143056
2 0.875 0.520139 0.057407 0.120833
2 0.92963 0.302083 0.035185 0.065278
2 0.455556 0.190278 0.011111 0.033333
2 0.335185 0.156944 0.011111 0.033333
2 0.480093 0.182639 0.010185 0.031944
2 0.466204 0.185417 0.010185 0.0375
6 0.548148 0.210417 0.033333 0.045833
6 0.489352 0.172222 0.028704 0.044444
