2 0.690278 0.544444 0.039815 0.083333
2 0.487963 0.417361 0.025926 0.073611
2 0.198611 0.538194 0.032407 0.106944
2 0.900926 0.563889 0.053704 0.075
2 0.228704 0.524306 0.025926 0.098611
2 0.161111 0.389583 0.02037 0.068056
2 0.202778 0.414583 0.02037 0.070833
2 0.22037 0.470139 0.024074 0.068056
6 0.3 0.468056 0.061111 0.1
2 0.19213 0.375694 0.019444 0.059722
2 0.193056 0.327778 0.017593 0.044444
2 0.388426 0.300694 0.025 0.031944
2 0.143981 0.246528 0.010185 0.023611
2 0.261111 0.255556 0.009259 0.025
6 0.25787 0.401389 0.056481 0.105556
6 0.250926 0.286111 0.05 0.055556
