2 0.676389 0.572222 0.039815 0.088889
2 0.382407 0.875 0.062963 0.205556
2 0.215741 0.56875 0.02963 0.1125
2 0.209722 0.470833 0.021296 0.083333
2 0.167593 0.476389 0.022222 0.077778
2 0.264352 0.408333 0.021296 0.069444
2 0.166667 0.415972 0.02037 0.068056
2 0.185185 0.36875 0.018519 0.0625
6 0.368981 0.61875 0.100926 0.154167
6 0.188889 0.299306 0.035185 0.054167
9 0.443519 0.428472 0.166667 0.243056
11 0.669907 0.871528 0.265741 0.2375
2 0.164352 0.352083 0.013889 0.054167
2 0.132407 0.298611 0.011111 0.038889
2 0.148611 0.3 0.012037 0.038889
2 0.327315 0.343056 0.013889 0.05
2 0.293056 0.296528 0.012037 0.043056
6 0.252315 0.285417 0.028704 0.0375
2 0.3125 0.327778 0.015741 0.05
