0 0.743056 0.496528 0.017593 0.068056
2 0.527778 0.625 0.051852 0.130556
2 0.55463 0.840972 0.077778 0.176389
2 0.306019 0.882639 0.05463 0.190278
2 0.380093 0.834722 0.052778 0.166667
2 0.210185 0.675694 0.038889 0.143056
2 0.72037 0.5875 0.044444 0.088889
2 0.445833 0.784028 0.05463 0.151389
2 0.661574 0.545833 0.036111 0.091667
2 0.235648 0.613194 0.028704 0.104167
2 0.187037 0.604167 0.025926 0.086111
2 0.464352 0.920139 0.062037 0.134722
2 0.57037 0.523611 0.035185 0.094444
2 0.184259 0.539583 0.02963 0.0875
2 0.768981 0.669444 0.039815 0.111111
2 0.283333 0.577083 0.02963 0.115278
2 0.541204 0.936806 0.05463 0.104167
2 0.200926 0.449306 0.024074 0.081944
2 0.651852 0.947222 0.064815 0.080556
2 0.501852 0.427778 0.024074 0.080556
2 0.417593 0.695139 0.048148 0.106944
5 0.368981 0.578472 0.097222 0.134722
6 0.311111 0.475 0.061111 0.094444
6 0.255556 0.384028 0.059259 0.106944
11 0.375926 0.400694 0.074074 0.106944
2 0.390278 0.777083 0.037963 0.140278
2 0.304167 0.777778 0.052778 0.15
2 0.313426 0.715972 0.041667 0.120833
2 0.3375 0.695833 0.041667 0.133333
2 0.3125 0.634028 0.030556 0.118056
2 0.933796 0.79375 0.080556 0.134722
2 0.947685 0.736111 0.063889 0.122222
2 0.630556 0.577083 0.046296 0.079167
2 0.25 0.569444 0.022222 0.097222
2 0.215741 0.536111 0.02037 0.088889
2 0.228704 0.506944 0.02037 0.088889
2 0.264352 0.509028 0.021296 0.090278
2 0.24213 0.477083 0.021296 0.076389
2 0.2625 0.444444 0.017593 0.063889
2 0.148148 0.486806 0.018519 0.084722
2 0.161111 0.454861 0.016667 0.076389
2 0.141667 0.422222 0.014815 0.052778
2 0.147685 0.398611 0.012037 0.052778
2 0.126852 0.40625 0.014815 0.065278
2 0.153241 0.365278 0.010185 0.036111
6 0.180556 0.380556 0.038889 0.063889
2 0.178241 0.336111 0.012037 0.038889
2 0.118519 0.364583 0.014815 0.059722
2 0.141667 0.290278 0.009259 0.030556
2 0.137037 0.263194 0.007407 0.029167
6 0.152778 0.325 0.02963 0.041667
9 0.200926 0.285417 0.055556 0.106944
6 0.224074 0.356944 0.024074 0.083333
2 0.31713 0.336111 0.012037 0.041667
2 0.260648 0.294444 0.008333 0.027778
2 0.418519 0.374306 0.012963 0.054167
2 0.434722 0.431944 0.021296 0.063889
2 0.556944 0.465278 0.028704 0.066667
2 0.482407 0.433333 0.018519 0.066667
2 0.463426 0.434722 0.019444 0.061111
2 0.440741 0.393056 0.022222 0.055556
2 0.291204 0.299306 0.010185 0.040278
2 0.254167 0.266667 0.008333 0.033333
2 0.151852 0.245833 0.007407 0.027778
2 0.12963 0.305556 0.011111 0.033333
2 0.138426 0.373611 0.010185 0.041667
0 0.960648 0.551389 0.019444 0.086111
2 0.366204 0.329861 0.017593 0.031944
