2 0.285185 0.871528 0.057407 0.190278
2 0.809722 0.617361 0.060185 0.1125
2 0.851852 0.734028 0.07037 0.154167
2 0.210648 0.598611 0.030556 0.113889
2 0.341204 0.554167 0.041667 0.1
2 0.260648 0.539583 0.028704 0.098611
2 0.714352 0.520139 0.04537 0.076389
2 0.563426 0.602083 0.036111 0.106944
2 0.7375 0.602778 0.037963 0.105556
2 0.561574 0.504167 0.028704 0.077778
2 0.54213 0.541667 0.056481 0.119444
2 0.20787 0.506944 0.025 0.083333
2 0.663889 0.420833 0.035185 0.063889
2 0.663426 0.6 0.125 0.130556
6 0.37963 0.409028 0.059259 0.068056
6 0.297685 0.479861 0.063889 0.095833
5 0.427315 0.475694 0.080556 0.095833
6 0.664352 0.607639 0.136111 0.120833
2 0.247222 0.500694 0.018519 0.0875
2 0.21713 0.451389 0.019444 0.072222
2 0.198611 0.455556 0.017593 0.069444
4 0.1625 0.480556 0.039815 0.105556
0 0.891204 0.409722 0.013889 0.066667
6 0.270833 0.418056 0.052778 0.083333
6 0.230093 0.385417 0.039815 0.056944
6 0.220833 0.340972 0.037963 0.056944
11 0.202778 0.290278 0.037037 0.080556
10 0.155093 0.301389 0.041667 0.091667
6 0.177315 0.365972 0.030556 0.059722
2 0.190278 0.413194 0.010185 0.048611
2 0.133333 0.415972 0.014815 0.059722
2 0.144444 0.386111 0.018519 0.061111
2 0.323148 0.313194 0.012963 0.048611
2 0.344444 0.353472 0.016667 0.048611
2 0.405556 0.367361 0.014815 0.051389
2 0.117593 0.297222 0.009259 0.036111
2 0.128704 0.294444 0.011111 0.05
2 0.276389 0.284028 0.010185 0.040278
2 0.181019 0.284028 0.010185 0.043056
2 0.2375 0.273611 0.006481 0.025
0 0.588426 0.475694 0.012037 0.076389
0 0.604167 0.484028 0.015741 0.081944
0 0.918519 0.402083 0.014815 0.076389
