0 0.029167 0.527778 0.030556 0.116667
2 0.802778 0.711806 0.074074 0.204167
2 0.228704 0.458333 0.053704 0.108333
2 0.952778 0.788194 0.07963 0.231944
2 0.348148 0.320139 0.025926 0.0875
2 0.370833 0.421528 0.036111 0.140278
2 0.476852 0.284722 0.018519 0.069444
2 0.741204 0.590278 0.049074 0.161111
2 0.589352 0.595139 0.04537 0.1625
2 0.293519 0.449306 0.05 0.104167
2 0.83287 0.486806 0.036111 0.140278
2 0.410648 0.273611 0.019444 0.066667
2 0.555556 0.266667 0.018519 0.061111
2 0.727778 0.490278 0.040741 0.119444
2 0.526389 0.248611 0.019444 0.058333
2 0.318056 0.261111 0.021296 0.061111
2 0.251852 0.3875 0.051852 0.080556
2 0.496296 0.23125 0.018519 0.056944
6 0.599537 0.46875 0.097222 0.145833
2 0.473611 0.241667 0.013889 0.044444
2 0.368056 0.148611 0.012037 0.033333
2 0.2875 0.200694 0.012037 0.043056
6 0.547685 0.2125 0.032407 0.05
6 0.475 0.160417 0.024074 0.0375
