6 0.277315 0.463889 0.067593 0.102778
2 0.250463 0.411806 0.021296 0.048611
2 0.202315 0.403472 0.023148 0.0625
2 0.2125 0.469444 0.025 0.077778
2 0.187037 0.519444 0.024074 0.091667
2 0.161111 0.465278 0.018519 0.086111
2 0.160185 0.380556 0.016667 0.063889
2 0.171296 0.285417 0.012963 0.0375
2 0.15787 0.272222 0.012037 0.036111
2 0.440741 0.404861 0.022222 0.0625
2 0.346759 0.345833 0.015741 0.058333
2 0.317593 0.319444 0.014815 0.041667
2 0.300926 0.2875 0.009259 0.036111
2 0.289815 0.288194 0.011111 0.031944
2 0.266204 0.288889 0.010185 0.030556
2 0.27037 0.268056 0.009259 0.027778
6 0.23287 0.268056 0.023148 0.030556
