2 0.766204 0.667361 0.058333 0.126389
2 0.6625 0.584028 0.041667 0.109722
2 0.287963 0.886111 0.051852 0.177778
2 0.215278 0.640278 0.036111 0.136111
2 0.224074 0.86875 0.048148 0.193056
2 0.429167 0.917361 0.052778 0.140278
2 0.294907 0.757639 0.039815 0.145833
2 0.160185 0.503472 0.024074 0.093056
2 0.363889 0.900694 0.046296 0.156944
2 0.17963 0.574306 0.025926 0.098611
2 0.396296 0.54375 0.031481 0.095833
2 0.59537 0.579861 0.037037 0.098611
2 0.178704 0.456944 0.024074 0.083333
2 0.586111 0.5125 0.037037 0.083333
2 0.146296 0.439583 0.022222 0.076389
2 0.471296 0.404861 0.025926 0.065278
2 0.283796 0.509028 0.028704 0.070833
2 0.535648 0.475 0.025 0.077778
6 0.707407 0.859028 0.237037 0.259722
6 0.458333 0.651389 0.133333 0.172222
6 0.390278 0.780556 0.134259 0.202778
5 0.47963 0.515278 0.101852 0.116667
6 0.3 0.600694 0.092593 0.143056
6 0.931944 0.924306 0.125 0.126389
11 0.25463 0.370833 0.062963 0.138889
2 0.200463 0.377778 0.013889 0.055556
2 0.162037 0.386806 0.012963 0.054167
2 0.143056 0.370833 0.012037 0.047222
2 0.14537 0.335417 0.009259 0.0375
2 0.133796 0.327778 0.010185 0.044444
6 0.177315 0.352083 0.034259 0.0625
11 0.215741 0.325694 0.040741 0.104167
2 0.250463 0.501389 0.023148 0.088889
2 0.386574 0.417361 0.019444 0.0625
2 0.355093 0.386806 0.017593 0.051389
2 0.366667 0.382639 0.012963 0.051389
2 0.294907 0.348611 0.013889 0.047222
2 0.3 0.321528 0.011111 0.0375
2 0.281481 0.325 0.011111 0.044444
2 0.153704 0.300694 0.007407 0.040278
2 0.1625 0.31875 0.010185 0.0375
2 0.288889 0.288889 0.011111 0.036111
2 0.344444 0.340972 0.011111 0.051389
2 0.441204 0.411111 0.015741 0.061111
2 0.432407 0.381944 0.016667 0.05
2 0.51713 0.363194 0.013889 0.059722
2 0.514815 0.454861 0.02037 0.076389
2 0.389815 0.386806 0.016667 0.059722
2 0.380556 0.355556 0.011111 0.044444
0 0.927315 0.469444 0.017593 0.083333
0 0.943519 0.468056 0.012963 0.086111
0 0.911111 0.413889 0.011111 0.072222
