2 0.448611 0.393056 0.026852 0.069444
2 0.174074 0.522222 0.025926 0.088889
2 0.224074 0.498611 0.024074 0.088889
2 0.201852 0.5125 0.024074 0.091667
2 0.381944 0.352778 0.019444 0.055556
2 0.156944 0.370833 0.017593 0.066667
2 0.168981 0.467361 0.023148 0.068056
2 0.134722 0.443056 0.017593 0.075
2 0.083333 0.593056 0.038889 0.086111
9 0.708796 0.538194 0.19537 0.179167
8 0.376852 0.546528 0.122222 0.218056
6 0.251852 0.288889 0.025926 0.036111
2 0.683796 0.392361 0.026852 0.059722
2 0.706944 0.391667 0.017593 0.058333
2 0.389815 0.301389 0.025926 0.036111
2 0.330556 0.311111 0.012963 0.047222
2 0.278241 0.294444 0.010185 0.041667
2 0.297685 0.305556 0.015741 0.044444
2 0.210648 0.425694 0.026852 0.079167
2 0.190278 0.4375 0.021296 0.086111
2 0.175926 0.317361 0.011111 0.048611
2 0.168056 0.3 0.010185 0.044444
2 0.135648 0.304861 0.015741 0.045833
2 0.15463 0.281944 0.011111 0.044444
2 0.236574 0.247222 0.008333 0.030556
2 0.637037 0.377083 0.027778 0.054167
9 0.206019 0.224306 0.032407 0.059722
2 0.129167 0.403472 0.017593 0.048611
