2 0.643519 0.831944 0.074074 0.202778
2 0.924537 0.739583 0.065741 0.126389
2 0.834722 0.649306 0.058333 0.120833
2 0.448148 0.568056 0.057407 0.111111
2 0.7875 0.911806 0.09537 0.159722
2 0.748148 0.621528 0.046296 0.093056
2 0.205093 0.583333 0.028704 0.108333
2 0.601389 0.524306 0.034259 0.079167
2 0.316667 0.913889 0.053704 0.155556
2 0.296296 0.598611 0.031481 0.113889
2 0.969444 0.801389 0.05 0.133333
2 0.204167 0.747917 0.037963 0.120833
2 0.287963 0.507639 0.025926 0.0875
2 0.673148 0.6 0.048148 0.083333
2 0.236574 0.897222 0.065741 0.180556
2 0.399074 0.365278 0.018519 0.061111
2 0.515741 0.461806 0.025926 0.084722
5 0.499537 0.792361 0.152778 0.226389
6 0.659259 0.679167 0.17963 0.169444
6 0.35 0.547917 0.094444 0.1625
6 0.269444 0.702083 0.103704 0.184722
6 0.462037 0.491667 0.087037 0.094444
11 0.296296 0.314583 0.053704 0.0875
11 0.227315 0.442361 0.067593 0.181944
6 0.287037 0.429167 0.061111 0.091667
2 0.169907 0.601389 0.019444 0.077778
2 0.183333 0.674306 0.025926 0.1125
2 0.155093 0.543056 0.025 0.091667
2 0.169444 0.500694 0.022222 0.079167
2 0.141204 0.470833 0.019444 0.080556
2 0.144907 0.410417 0.013889 0.059722
2 0.178704 0.428472 0.012963 0.0625
2 0.12963 0.452083 0.018519 0.070833
2 0.124537 0.372917 0.013889 0.040278
2 0.128704 0.402083 0.011111 0.043056
6 0.218056 0.330556 0.032407 0.041667
2 0.183796 0.35625 0.013889 0.056944
6 0.200926 0.305556 0.025926 0.047222
6 0.178241 0.286806 0.023148 0.034722
2 0.169907 0.309028 0.010185 0.040278
2 0.158796 0.328472 0.010185 0.034722
2 0.125 0.316667 0.009259 0.036111
6 0.174074 0.258333 0.022222 0.030556
9 0.244907 0.26875 0.050926 0.079167
2 0.361574 0.372917 0.012037 0.043056
2 0.375926 0.358333 0.011111 0.047222
2 0.386574 0.354167 0.012037 0.047222
2 0.355556 0.332639 0.022222 0.048611
2 0.462037 0.419444 0.024074 0.061111
2 0.48287 0.414583 0.019444 0.0625
2 0.531944 0.456944 0.021296 0.072222
2 0.579167 0.475 0.030556 0.066667
0 0.586111 0.407639 0.014815 0.059722
2 0.512963 0.370139 0.014815 0.0625
2 0.466667 0.340278 0.02037 0.047222
2 0.481019 0.333333 0.023148 0.044444
2 0.144907 0.348611 0.012037 0.052778
2 0.185185 0.399306 0.011111 0.045833
2 0.158796 0.290972 0.010185 0.0375
