2 0.723148 0.90625 0.092593 0.1625
2 0.221759 0.50625 0.025 0.093056
2 0.418981 0.406944 0.025 0.072222
2 0.216204 0.413194 0.019444 0.073611
2 0.206944 0.315972 0.015741 0.051389
2 0.306019 0.291667 0.015741 0.047222
2 0.387963 0.3 0.022222 0.036111
2 0.262037 0.261806 0.011111 0.031944
2 0.241667 0.248611 0.009259 0.027778
2 0.572685 0.540972 0.037963 0.090278
2 0.554167 0.495139 0.026852 0.073611
2 0.187037 0.320139 0.012963 0.0375
2 0.179167 0.302083 0.010185 0.0375
2 0.158333 0.290278 0.011111 0.038889
2 0.173611 0.25 0.008333 0.025
2 0.185648 0.271528 0.010185 0.029167
6 0.24537 0.284722 0.027778 0.033333
2 0.27963 0.619444 0.001852 0.002778
