2 0.256481 0.798611 0.057407 0.241667
2 0.328241 0.794444 0.052778 0.241667
2 0.6125 0.347917 0.026852 0.095833
2 0.4125 0.50625 0.058333 0.123611
2 0.656481 0.369444 0.025926 0.102778
2 0.822685 0.790972 0.082407 0.1875
2 0.385648 0.626389 0.041667 0.169444
2 0.698148 0.390972 0.035185 0.106944
2 0.710648 0.607639 0.049074 0.168056
2 0.384722 0.326389 0.025 0.102778
2 0.356019 0.35 0.025 0.097222
2 0.425926 0.275 0.02037 0.080556
2 0.304167 0.279861 0.019444 0.070833
2 0.863889 0.422222 0.02963 0.094444
2 0.527778 0.271528 0.018519 0.065278
6 0.581481 0.515972 0.114815 0.159722
6 0.810185 0.609722 0.183333 0.208333
6 0.223611 0.409028 0.171296 0.154167
11 0.798611 0.316667 0.117593 0.158333
6 0.549074 0.211806 0.037037 0.045833
6 0.402315 0.142361 0.015741 0.031944
6 0.37037 0.168056 0.027778 0.044444
6 0.371759 0.206944 0.032407 0.05
2 0.872685 0.523611 0.043519 0.138889
2 0.839352 0.920833 0.082407 0.144444
2 0.575463 0.240278 0.021296 0.058333
2 0.448611 0.247917 0.026852 0.056944
2 0.412037 0.242361 0.027778 0.051389
2 0.39537 0.227083 0.012963 0.054167
2 0.373611 0.242361 0.013889 0.054167
2 0.334722 0.245139 0.012037 0.056944
2 0.348148 0.236806 0.012963 0.054167
2 0.281019 0.247222 0.013889 0.05
2 0.471759 0.179167 0.010185 0.036111
2 0.456019 0.16875 0.010185 0.034722
2 0.322222 0.215972 0.011111 0.043056
2 0.303704 0.238889 0.011111 0.041667
0 0.257407 0.254861 0.012963 0.051389
