2 0.943981 0.745139 0.091667 0.209722
2 0.664815 0.496528 0.044444 0.143056
2 0.354167 0.718056 0.04537 0.216667
2 0.250926 0.534722 0.037037 0.158333
2 0.4625 0.256944 0.019444 0.069444
2 0.316204 0.365972 0.026852 0.101389
2 0.325463 0.563889 0.037963 0.147222
2 0.847222 0.319444 0.042593 0.069444
2 0.886574 0.400694 0.034259 0.093056
2 0.502778 0.240278 0.02037 0.061111
2 0.370833 0.400694 0.034259 0.123611
2 0.22963 0.352778 0.024074 0.086111
2 0.278704 0.35 0.035185 0.080556
2 0.548148 0.264583 0.016667 0.0625
2 0.253704 0.304167 0.02037 0.080556
2 0.291667 0.280556 0.02037 0.066667
2 0.529167 0.219444 0.012037 0.044444
2 0.3875 0.220833 0.013889 0.058333
2 0.337037 0.222917 0.011111 0.045833
2 0.3125 0.234722 0.013889 0.05
2 0.309722 0.195139 0.013889 0.040278
2 0.450463 0.179167 0.010185 0.041667
2 0.4875 0.1875 0.010185 0.038889
2 0.471759 0.178472 0.010185 0.0375
2 0.425926 0.157639 0.011111 0.0375
6 0.550926 0.211806 0.02963 0.043056
6 0.487963 0.170139 0.02963 0.040278
6 0.368981 0.161111 0.023148 0.036111
6 0.325926 0.159722 0.024074 0.036111
2 0.798148 0.309722 0.042593 0.066667
0 0.216667 0.247917 0.012963 0.059722
