2 0.117593 0.445139 0.027778 0.106944
2 0.209722 0.442361 0.032407 0.126389
2 0.765741 0.672222 0.068519 0.197222
2 0.416204 0.547917 0.039815 0.154167
2 0.34537 0.534028 0.05 0.1625
2 0.281944 0.473611 0.036111 0.147222
2 0.37037 0.379861 0.02963 0.120833
2 0.748148 0.516667 0.046296 0.136111
2 0.880093 0.53125 0.043519 0.143056
2 0.613889 0.413194 0.02963 0.106944
2 0.691667 0.538194 0.042593 0.145833
2 0.726389 0.397222 0.056481 0.111111
2 0.333796 0.384722 0.028704 0.108333
2 0.2625 0.363194 0.025 0.084722
2 0.649074 0.377778 0.038889 0.097222
2 0.312037 0.322917 0.02037 0.079167
2 0.268056 0.393056 0.023148 0.077778
2 0.531481 0.331944 0.046296 0.066667
2 0.53287 0.264583 0.017593 0.0625
2 0.674537 0.436111 0.034259 0.1
2 0.975926 0.700694 0.037037 0.176389
5 0.536574 0.445833 0.117593 0.161111
6 0.349537 0.254861 0.047222 0.084722
6 0.368519 0.191667 0.025926 0.041667
2 0.927315 0.372222 0.026852 0.091667
2 0.676852 0.390972 0.044444 0.084722
2 0.473148 0.309722 0.037037 0.072222
2 0.431019 0.282639 0.017593 0.0625
2 0.559259 0.263194 0.016667 0.059722
2 0.547222 0.225694 0.02037 0.048611
2 0.515741 0.247222 0.014815 0.05
2 0.476852 0.277778 0.037037 0.066667
2 0.493519 0.265972 0.027778 0.056944
2 0.493056 0.218056 0.013889 0.044444
2 0.514815 0.2125 0.014815 0.044444
2 0.414352 0.2625 0.015741 0.066667
2 0.297685 0.305556 0.017593 0.069444
2 0.284722 0.275 0.013889 0.063889
2 0.312037 0.245139 0.014815 0.056944
2 0.387037 0.233333 0.012963 0.055556
2 0.4 0.240972 0.012963 0.056944
2 0.293519 0.206944 0.011111 0.038889
2 0.39213 0.19375 0.010185 0.034722
2 0.44213 0.241667 0.036111 0.061111
2 0.508796 0.315972 0.026852 0.059722
2 0.068981 0.405556 0.060185 0.069444
