2 0.200463 0.465278 0.030556 0.125
2 0.356944 0.396528 0.060185 0.101389
2 0.933796 0.747917 0.091667 0.201389
2 0.806481 0.688889 0.059259 0.191667
2 0.675926 0.379861 0.031481 0.098611
2 0.508333 0.422222 0.064815 0.097222
2 0.821759 0.426389 0.034259 0.113889
2 0.593981 0.365972 0.026852 0.104167
2 0.621296 0.361111 0.025926 0.094444
2 0.900463 0.601389 0.043519 0.152778
2 0.456019 0.380556 0.041667 0.091667
2 0.698611 0.286111 0.037963 0.066667
2 0.824537 0.594444 0.052778 0.144444
6 0.512963 0.336111 0.059259 0.080556
11 0.502315 0.225 0.049074 0.091667
2 0.934259 0.365972 0.042593 0.084722
2 0.864352 0.320139 0.049074 0.065278
2 0.57963 0.297222 0.02037 0.063889
2 0.57963 0.25625 0.018519 0.045833
2 0.447685 0.355556 0.058333 0.086111
2 0.537963 0.271528 0.018519 0.059722
2 0.550463 0.263889 0.013889 0.047222
2 0.435185 0.239583 0.018519 0.059722
2 0.319444 0.226389 0.011111 0.038889
2 0.287963 0.227778 0.014815 0.044444
2 0.330556 0.21875 0.014815 0.048611
2 0.361111 0.15625 0.011111 0.034722
2 0.426389 0.170139 0.012037 0.040278
6 0.453241 0.216667 0.036111 0.061111
6 0.405093 0.146528 0.021296 0.0375
6 0.976389 0.3 0.036111 0.063889
