2 0.249074 0.783333 0.055556 0.247222
2 0.559259 0.526389 0.046296 0.147222
2 0.776389 0.578472 0.052778 0.159722
2 0.812963 0.498611 0.042593 0.138889
2 0.100926 0.429167 0.074074 0.119444
2 0.260185 0.400694 0.024074 0.098611
2 0.852778 0.423611 0.031481 0.105556
2 0.283796 0.359028 0.025 0.101389
2 0.309259 0.322222 0.022222 0.088889
2 0.597222 0.31875 0.024074 0.081944
2 0.25463 0.319444 0.02037 0.075
2 0.150926 0.420139 0.057407 0.106944
2 0.936574 0.447222 0.037963 0.119444
2 0.907407 0.4375 0.031481 0.108333
6 0.71713 0.767361 0.215741 0.315278
6 0.535648 0.386806 0.078704 0.1125
10 0.378704 0.297917 0.090741 0.209722
2 0.524537 0.306944 0.04537 0.063889
2 0.583333 0.286111 0.02037 0.061111
2 0.738889 0.272917 0.031481 0.045833
2 0.557407 0.272222 0.014815 0.061111
2 0.564352 0.252778 0.013889 0.055556
2 0.47963 0.2875 0.035185 0.072222
2 0.462037 0.274306 0.031481 0.068056
2 0.534259 0.277083 0.02037 0.070833
2 0.539815 0.25 0.014815 0.052778
2 0.513426 0.259028 0.017593 0.059722
2 0.521296 0.205556 0.011111 0.038889
2 0.507407 0.227083 0.014815 0.051389
2 0.447685 0.179167 0.010185 0.038889
2 0.4625 0.186111 0.008333 0.030556
2 0.481481 0.201389 0.011111 0.041667
6 0.462037 0.230556 0.042593 0.055556
6 0.373148 0.15625 0.027778 0.0375
11 0.40463 0.138889 0.02037 0.055556
2 0.287963 0.250694 0.014815 0.0625
2 0.315278 0.245139 0.013889 0.059722
2 0.330093 0.218056 0.012037 0.055556
2 0.269907 0.240972 0.015741 0.054167
2 0.254167 0.249306 0.012037 0.048611
2 0.31713 0.190278 0.008333 0.033333
2 0.348611 0.180556 0.008333 0.041667
2 0.431481 0.182639 0.012963 0.043056
