2 0.772222 0.68125 0.057407 0.131944
2 0.942593 0.853472 0.090741 0.1625
2 0.528704 0.709028 0.055556 0.154167
2 0.424074 0.58125 0.038889 0.126389
2 0.665278 0.586806 0.047222 0.104167
2 0.289352 0.5 0.028704 0.102778
2 0.549537 0.629167 0.058333 0.111111
2 0.735648 0.476389 0.052778 0.091667
2 0.441204 0.417361 0.026852 0.073611
2 0.228241 0.489583 0.026852 0.095833
2 0.257407 0.481944 0.022222 0.083333
2 0.137963 0.464583 0.018519 0.073611
2 0.205093 0.494444 0.021296 0.088889
6 0.510185 0.544444 0.101852 0.105556
6 0.369907 0.415278 0.063889 0.072222
6 0.258333 0.395833 0.053704 0.083333
2 0.125926 0.431944 0.018519 0.061111
2 0.164352 0.43125 0.017593 0.059722
2 0.186574 0.423611 0.015741 0.058333
2 0.176389 0.452778 0.017593 0.052778
2 0.17963 0.517361 0.025926 0.084722
2 0.209259 0.410417 0.016667 0.059722
2 0.165741 0.378472 0.018519 0.054167
2 0.138426 0.344444 0.013889 0.05
2 0.153704 0.306944 0.012963 0.041667
2 0.156944 0.345139 0.012037 0.045833
2 0.181944 0.323611 0.013889 0.041667
2 0.18287 0.364583 0.015741 0.051389
2 0.373611 0.359722 0.019444 0.052778
2 0.363889 0.334028 0.014815 0.048611
2 0.314352 0.301389 0.012037 0.036111
6 0.258333 0.296528 0.031481 0.040278
6 0.178241 0.251389 0.026852 0.055556
5 0.313889 0.35625 0.05 0.070833
