2 0.297222 0.474306 0.051852 0.120833
2 0.234259 0.405556 0.033333 0.113889
2 0.901389 0.784722 0.076852 0.208333
2 0.156944 0.86875 0.080556 0.2375
2 0.506944 0.321528 0.023148 0.0875
2 0.866667 0.44375 0.033333 0.120833
2 0.618056 0.573611 0.04537 0.130556
2 0.348148 0.300694 0.022222 0.084722
2 0.437963 0.296528 0.025926 0.090278
2 0.937037 0.661806 0.061111 0.145833
2 0.599074 0.311111 0.022222 0.083333
2 0.491204 0.280556 0.021296 0.069444
2 0.554167 0.302083 0.028704 0.0875
2 0.937037 0.567361 0.059259 0.120833
2 0.614352 0.2875 0.015741 0.066667
6 0.653241 0.450694 0.115741 0.143056
2 0.306481 0.297222 0.02037 0.083333
2 0.313426 0.254861 0.015741 0.056944
2 0.338889 0.218056 0.014815 0.055556
2 0.474074 0.225 0.014815 0.047222
2 0.494907 0.215972 0.013889 0.048611
2 0.547685 0.248611 0.015741 0.052778
2 0.586111 0.284028 0.018519 0.068056
2 0.373611 0.152083 0.010185 0.040278
2 0.327778 0.193056 0.007407 0.044444
2 0.335648 0.170139 0.010185 0.029167
6 0.55 0.209028 0.037037 0.045833
6 0.415278 0.167361 0.025 0.034722
6 0.477315 0.159722 0.023148 0.036111
6 0.406944 0.1375 0.017593 0.033333
0 0.97037 0.360417 0.024074 0.0875
