2 0.533333 0.449306 0.035185 0.070833
2 0.735185 0.477778 0.048148 0.083333
2 0.326852 0.513889 0.022222 0.086111
2 0.293056 0.520833 0.026852 0.083333
2 0.348148 0.484722 0.024074 0.086111
2 0.171296 0.534722 0.027778 0.088889
2 0.223611 0.522917 0.026852 0.084722
2 0.143056 0.58125 0.032407 0.090278
2 0.248148 0.488889 0.024074 0.094444
6 0.286111 0.434722 0.051852 0.080556
6 0.243519 0.375694 0.051852 0.076389
6 0.205556 0.329861 0.037037 0.051389
6 0.217593 0.2625 0.022222 0.025
2 0.167593 0.33125 0.016667 0.045833
2 0.104167 0.45625 0.017593 0.070833
2 0.119907 0.475694 0.015741 0.059722
2 0.146296 0.474306 0.02037 0.065278
2 0.13287 0.436806 0.017593 0.056944
2 0.134259 0.39375 0.014815 0.048611
2 0.143056 0.383333 0.013889 0.047222
2 0.15 0.353472 0.016667 0.040278
2 0.149074 0.322222 0.016667 0.041667
2 0.123148 0.327083 0.012963 0.043056
2 0.193981 0.525 0.021296 0.088889
2 0.177778 0.383333 0.018519 0.066667
2 0.208333 0.380556 0.016667 0.052778
2 0.242593 0.254861 0.011111 0.029167
6 0.20463 0.238889 0.024074 0.036111
2 0.135648 0.299306 0.012037 0.029167
2 0.125463 0.264583 0.008333 0.026389
