2 0.836574 0.655556 0.056481 0.116667
2 0.642593 0.615278 0.048148 0.116667
2 0.369907 0.697222 0.037963 0.15
2 0.261574 0.825694 0.043519 0.168056
2 0.456019 0.609028 0.041667 0.118056
2 0.595833 0.549306 0.039815 0.090278
2 0.947685 0.777778 0.082407 0.130556
2 0.275926 0.714583 0.038889 0.1375
2 0.519907 0.482639 0.032407 0.0875
2 0.392593 0.643056 0.038889 0.130556
2 0.366204 0.904167 0.052778 0.158333
2 0.1625 0.563194 0.028704 0.106944
2 0.417593 0.443056 0.031481 0.075
2 0.331019 0.549306 0.032407 0.106944
2 0.206019 0.711806 0.037963 0.1375
2 0.210648 0.624306 0.028704 0.0875
2 0.205556 0.557639 0.027778 0.0875
2 0.585185 0.436806 0.037037 0.0625
2 0.456019 0.418056 0.030556 0.069444
2 0.143056 0.400694 0.017593 0.068056
6 0.506944 0.8875 0.219444 0.219444
6 0.527778 0.760417 0.138889 0.206944
5 0.282407 0.580556 0.101852 0.166667
6 0.259722 0.393056 0.050926 0.080556
5 0.191667 0.413889 0.042593 0.077778
2 0.127778 0.390278 0.012963 0.061111
2 0.244444 0.4875 0.02037 0.063889
2 0.215278 0.388889 0.013889 0.063889
2 0.193056 0.363889 0.012037 0.036111
2 0.160648 0.369444 0.012037 0.05
2 0.168981 0.388889 0.012037 0.055556
2 0.391667 0.376389 0.016667 0.058333
2 0.374074 0.35 0.014815 0.044444
2 0.277778 0.31875 0.011111 0.040278
2 0.291204 0.320139 0.012037 0.0375
6 0.159722 0.31875 0.030556 0.056944
6 0.222222 0.339583 0.033333 0.048611
2 0.341667 0.334722 0.011111 0.041667
2 0.319444 0.323611 0.011111 0.044444
2 0.260185 0.302778 0.009259 0.030556
2 0.309259 0.322222 0.012963 0.047222
6 0.206019 0.311111 0.028704 0.05
2 0.126852 0.318056 0.009259 0.047222
2 0.135185 0.33125 0.009259 0.0375
2 0.177315 0.30625 0.008333 0.040278
6 0.188426 0.281944 0.023148 0.033333
11 0.243056 0.263889 0.032407 0.058333
6 0.214352 0.250694 0.026852 0.031944
2 0.271296 0.26875 0.009259 0.029167
2 0.9125 0.482639 0.049074 0.079167
