2 0.458796 0.8625 0.058333 0.197222
2 0.6625 0.822222 0.056481 0.166667
2 0.231481 0.644444 0.033333 0.130556
2 0.575463 0.486806 0.034259 0.090278
2 0.423611 0.370833 0.021296 0.063889
2 0.179167 0.441667 0.023148 0.086111
2 0.156019 0.424306 0.023148 0.081944
2 0.450926 0.427778 0.025926 0.066667
2 0.471759 0.413194 0.030556 0.070833
6 0.548611 0.822222 0.180556 0.238889
5 0.309259 0.520833 0.077778 0.138889
6 0.222222 0.51875 0.068519 0.131944
5 0.255556 0.402778 0.051852 0.075
6 0.387037 0.445139 0.07963 0.0875
6 0.216204 0.342361 0.039815 0.065278
6 0.199074 0.308333 0.02963 0.047222
2 0.163426 0.322222 0.012037 0.041667
2 0.172685 0.315278 0.010185 0.041667
2 0.293981 0.305556 0.013889 0.041667
2 0.308333 0.297222 0.014815 0.047222
2 0.270833 0.286111 0.017593 0.047222
2 0.250463 0.296528 0.012037 0.040278
2 0.131481 0.277778 0.012963 0.044444
2 0.152778 0.270833 0.011111 0.030556
2 0.161111 0.261111 0.011111 0.033333
2 0.239352 0.255556 0.010185 0.027778
2 0.383333 0.375 0.018519 0.063889
2 0.348611 0.352778 0.015741 0.055556
2 0.371296 0.347917 0.014815 0.045833
