2 0.24537 0.513889 0.083333 0.138889
2 0.95787 0.722917 0.067593 0.195833
2 0.545833 0.509722 0.036111 0.127778
2 0.161111 0.522917 0.046296 0.154167
2 0.831019 0.723611 0.071296 0.161111
2 0.653704 0.522222 0.033333 0.125
2 0.850463 0.343056 0.04537 0.086111
2 0.764352 0.573611 0.047222 0.138889
2 0.827315 0.504167 0.043519 0.141667
2 0.718056 0.494444 0.039815 0.127778
2 0.319907 0.469444 0.043519 0.116667
2 0.282407 0.335417 0.024074 0.0875
2 0.919444 0.557639 0.048148 0.143056
2 0.675 0.409028 0.025926 0.104167
2 0.614352 0.356944 0.023148 0.083333
2 0.925926 0.471528 0.046296 0.109722
2 0.759259 0.488889 0.05 0.108333
2 0.444444 0.263889 0.018519 0.063889
2 0.647222 0.457639 0.033333 0.104167
2 0.635185 0.352083 0.024074 0.090278
2 0.480093 0.279861 0.023148 0.051389
6 0.377778 0.363889 0.096296 0.097222
6 0.563889 0.423611 0.1 0.130556
6 0.514352 0.346528 0.067593 0.093056
6 0.2375 0.320139 0.060185 0.118056
6 0.487963 0.250694 0.074074 0.056944
2 0.747685 0.419444 0.032407 0.091667
2 0.065741 0.453472 0.07037 0.106944
2 0.302778 0.252083 0.016667 0.0625
2 0.341204 0.245833 0.015741 0.058333
2 0.323148 0.23125 0.011111 0.056944
2 0.377315 0.192361 0.010185 0.045833
2 0.465278 0.178472 0.008333 0.031944
2 0.489352 0.209722 0.010185 0.036111
2 0.521759 0.227083 0.013889 0.048611
2 0.531481 0.276389 0.02037 0.069444
2 0.573611 0.333333 0.025 0.075
2 0.57037 0.284722 0.018519 0.055556
2 0.588889 0.270139 0.02037 0.065278
2 0.569907 0.252083 0.013889 0.054167
2 0.35787 0.184722 0.010185 0.041667
2 0.331481 0.200694 0.011111 0.034722
2 0.551389 0.210417 0.030556 0.048611
2 0.497222 0.181944 0.025926 0.036111
2 0.413426 0.171528 0.023148 0.043056
0 0.194444 0.323611 0.02037 0.091667
