2 0.7375 0.522222 0.05463 0.088889
2 0.215741 0.765278 0.038889 0.152778
2 0.238889 0.565972 0.027778 0.109722
2 0.585185 0.436111 0.042593 0.072222
2 0.192593 0.577083 0.031481 0.104167
2 0.339815 0.558333 0.040741 0.1
2 0.2625 0.540278 0.028704 0.105556
2 0.39537 0.360417 0.018519 0.056944
6 0.302778 0.486806 0.062963 0.101389
10 0.177778 0.356944 0.057407 0.119444
2 0.1375 0.557639 0.023148 0.109722
2 0.166204 0.529861 0.026852 0.095833
2 0.111111 0.50625 0.018519 0.090278
2 0.110185 0.433333 0.016667 0.069444
2 0.234259 0.480556 0.016667 0.080556
2 0.25 0.495833 0.016667 0.075
2 0.206019 0.488889 0.013889 0.063889
0 0.898148 0.440278 0.014815 0.083333
0 0.882407 0.438889 0.011111 0.072222
2 0.524074 0.404167 0.012963 0.058333
2 0.325463 0.374306 0.013889 0.0625
2 0.376389 0.352083 0.013889 0.051389
2 0.359259 0.319444 0.011111 0.047222
2 0.223148 0.445139 0.012963 0.040278
6 0.275463 0.421528 0.05463 0.093056
6 0.235185 0.391667 0.038889 0.063889
6 0.225926 0.35 0.037037 0.063889
11 0.203241 0.294444 0.037963 0.075
6 0.249537 0.286111 0.030556 0.041667
2 0.134722 0.406944 0.019444 0.066667
