1 0.70787 0.396528 0.026852 0.098611
2 0.109259 0.790972 0.072222 0.240278
2 0.282407 0.336806 0.022222 0.090278
2 0.635185 0.896528 0.094444 0.1875
2 0.2875 0.471528 0.036111 0.145833
2 0.524074 0.282639 0.018519 0.068056
2 0.561111 0.301389 0.02037 0.075
2 0.625926 0.428472 0.031481 0.118056
2 0.259722 0.610417 0.04537 0.179167
2 0.459722 0.238889 0.021296 0.061111
2 0.800463 0.551389 0.04537 0.158333
2 0.931944 0.660417 0.065741 0.184722
2 0.428241 0.252083 0.023148 0.065278
2 0.841204 0.477778 0.039815 0.136111
2 0.181481 0.506944 0.038889 0.138889
2 0.22037 0.553472 0.038889 0.159722
2 0.493981 0.235417 0.017593 0.059722
2 0.92037 0.555556 0.055556 0.130556
2 0.575926 0.279861 0.018519 0.065278
2 0.516204 0.239583 0.015741 0.051389
6 0.797685 0.347917 0.089815 0.090278
6 0.443056 0.813194 0.152778 0.345833
0 0.058796 0.459028 0.030556 0.109722
2 0.862037 0.390972 0.033333 0.095833
2 0.926852 0.368056 0.033333 0.091667
2 0.191204 0.938194 0.062037 0.101389
2 0.100926 0.433333 0.066667 0.083333
2 0.11713 0.413889 0.058333 0.097222
2 0.306481 0.247222 0.014815 0.052778
2 0.690741 0.290972 0.042593 0.070833
2 0.309722 0.218056 0.013889 0.044444
6 0.55 0.211806 0.037037 0.048611
6 0.366667 0.193056 0.031481 0.047222
6 0.333333 0.208333 0.02963 0.05
6 0.367593 0.160417 0.018519 0.029167
6 0.970833 0.317361 0.050926 0.073611
