2 0.249074 0.792361 0.044444 0.168056
2 0.207407 0.731944 0.038889 0.155556
2 0.581481 0.588889 0.038889 0.111111
2 0.740278 0.690972 0.05463 0.118056
2 0.534259 0.534028 0.02963 0.098611
2 0.347685 0.707639 0.043519 0.1375
2 0.825926 0.704861 0.059259 0.098611
2 0.868981 0.670833 0.043519 0.122222
2 0.725463 0.593056 0.04537 0.091667
2 0.265741 0.650694 0.033333 0.123611
2 0.23287 0.595139 0.028704 0.109722
2 0.672222 0.609028 0.048148 0.093056
2 0.193519 0.582639 0.027778 0.101389
2 0.381019 0.419444 0.023148 0.077778
2 0.156944 0.5875 0.026852 0.097222
2 0.792593 0.639583 0.046296 0.095833
2 0.905093 0.634722 0.04537 0.1
2 0.610648 0.552778 0.026852 0.088889
6 0.881944 0.873611 0.225 0.211111
6 0.587037 0.882639 0.201852 0.209722
5 0.416667 0.668056 0.131481 0.205556
6 0.407407 0.886111 0.181481 0.2
6 0.458796 0.507639 0.091667 0.115278
6 0.2875 0.540972 0.082407 0.154167
6 0.293981 0.3375 0.043519 0.052778
6 0.252778 0.382639 0.053704 0.054167
2 0.647685 0.5375 0.041667 0.077778
2 0.688426 0.520139 0.039815 0.093056
2 0.630556 0.464583 0.044444 0.070833
2 0.59213 0.476389 0.032407 0.063889
2 0.585185 0.509722 0.027778 0.086111
2 0.402778 0.413194 0.016667 0.068056
2 0.41713 0.405556 0.015741 0.061111
2 0.430556 0.397222 0.016667 0.061111
2 0.443981 0.386806 0.015741 0.054167
2 0.384722 0.370139 0.015741 0.056944
2 0.402778 0.358333 0.018519 0.055556
2 0.221759 0.486806 0.017593 0.0875
2 0.208333 0.459722 0.014815 0.066667
2 0.159259 0.494444 0.022222 0.086111
2 0.138889 0.543056 0.024074 0.094444
2 0.122222 0.620139 0.031481 0.095833
1 0.135648 0.452778 0.019444 0.083333
6 0.213426 0.328472 0.032407 0.045833
6 0.231481 0.3625 0.038889 0.05
6 0.255556 0.440278 0.061111 0.097222
2 0.202778 0.379167 0.014815 0.047222
2 0.19213 0.359028 0.012037 0.048611
2 0.182407 0.326389 0.011111 0.047222
2 0.301389 0.294444 0.010185 0.033333
2 0.475926 0.434028 0.02037 0.059722
2 0.451389 0.433333 0.021296 0.058333
2 0.160185 0.34375 0.016667 0.059722
2 0.1875 0.457639 0.017593 0.043056
2 0.1875 0.5125 0.023148 0.072222
2 0.115741 0.355556 0.012963 0.047222
2 0.130093 0.390972 0.015741 0.051389
2 0.143981 0.361806 0.015741 0.059722
2 0.181944 0.378472 0.015741 0.051389
2 0.176852 0.417361 0.014815 0.054167
6 0.197685 0.291667 0.036111 0.041667
2 0.966667 0.719444 0.066667 0.111111
2 0.916667 0.568056 0.024074 0.091667
