2 0.825 0.746528 0.074074 0.204167
2 0.339352 0.361806 0.026852 0.106944
2 0.24213 0.664583 0.04537 0.184722
2 0.578241 0.384722 0.030556 0.102778
2 0.771296 0.401389 0.05 0.088889
2 0.775926 0.527778 0.048148 0.141667
2 0.52963 0.353472 0.025926 0.098611
2 0.889815 0.586806 0.055556 0.176389
2 0.107407 0.884722 0.081481 0.208333
2 0.65787 0.430556 0.034259 0.113889
2 0.317593 0.527083 0.040741 0.145833
2 0.276389 0.383333 0.028704 0.105556
2 0.853241 0.395139 0.032407 0.101389
2 0.907407 0.361806 0.031481 0.0875
2 0.558796 0.346528 0.023148 0.093056
2 0.318056 0.332639 0.019444 0.081944
2 0.264352 0.286806 0.019444 0.070833
2 0.288889 0.289583 0.018519 0.070833
2 0.321759 0.281944 0.017593 0.066667
2 0.608333 0.310417 0.02037 0.073611
6 0.586574 0.567361 0.126852 0.176389
6 0.371296 0.252083 0.044444 0.076389
9 0.462963 0.281944 0.059259 0.119444
6 0.969444 0.316667 0.05 0.086111
6 0.547685 0.211111 0.032407 0.044444
6 0.487963 0.172222 0.02963 0.041667
2 0.498611 0.234028 0.015741 0.056944
2 0.461574 0.181944 0.013889 0.044444
2 0.365741 0.163194 0.009259 0.034722
2 0.331019 0.24375 0.013889 0.048611
2 0.302315 0.259722 0.012037 0.063889
2 0.325463 0.216667 0.010185 0.041667
