2 0.655093 0.347222 0.025 0.077778
2 0.124074 0.64375 0.055556 0.181944
2 0.617593 0.354167 0.025926 0.086111
2 0.557407 0.293056 0.018519 0.075
2 0.263426 0.284722 0.019444 0.069444
2 0.296296 0.277778 0.018519 0.072222
2 0.593056 0.285417 0.017593 0.0625
2 0.627315 0.297222 0.023148 0.066667
12 0.368519 0.324306 0.107407 0.3625
2 0.581944 0.266667 0.017593 0.055556
2 0.511111 0.207639 0.011111 0.040278
2 0.48287 0.19375 0.012037 0.040278
2 0.449074 0.166667 0.009259 0.030556
2 0.289815 0.218056 0.012963 0.038889
12 0.394907 0.11875 0.025 0.054167
