2 0.208796 0.632639 0.034259 0.131944
2 0.30787 0.753472 0.041667 0.156944
2 0.256944 0.761806 0.037963 0.148611
2 0.400926 0.360417 0.022222 0.0625
2 0.169907 0.568056 0.026852 0.102778
2 0.452315 0.916667 0.062037 0.144444
2 0.146759 0.453472 0.023148 0.081944
2 0.236574 0.423611 0.021296 0.080556
6 0.375463 0.588194 0.110185 0.151389
6 0.238889 0.5625 0.07963 0.138889
6 0.284259 0.426389 0.061111 0.1
6 0.201389 0.436806 0.049074 0.095833
6 0.224074 0.343056 0.035185 0.055556
2 0.127778 0.366667 0.014815 0.061111
6 0.176389 0.395833 0.043519 0.066667
6 0.181019 0.35 0.037963 0.05
6 0.176389 0.311111 0.032407 0.044444
6 0.173148 0.247222 0.02037 0.030556
