2 0.798611 0.601389 0.049074 0.094444
2 0.511574 0.640278 0.067593 0.111111
2 0.678241 0.568056 0.052778 0.102778
2 0.324074 0.845833 0.048148 0.177778
2 0.366204 0.83125 0.04537 0.184722
2 0.307407 0.451389 0.024074 0.083333
2 0.738889 0.556944 0.040741 0.088889
2 0.281019 0.644444 0.036111 0.130556
2 0.27963 0.906944 0.048148 0.158333
2 0.441204 0.907639 0.050926 0.1625
2 0.381944 0.416667 0.023148 0.075
2 0.969444 0.717361 0.046296 0.104167
2 0.94213 0.606944 0.052778 0.094444
2 0.186574 0.450694 0.017593 0.070833
2 0.535185 0.604861 0.048148 0.1125
2 0.216204 0.442361 0.023148 0.081944
2 0.539815 0.531944 0.027778 0.080556
2 0.716204 0.4375 0.019444 0.072222
2 0.537963 0.46875 0.033333 0.076389
2 0.167593 0.422917 0.022222 0.081944
2 0.646759 0.51875 0.037963 0.070833
2 0.134722 0.424306 0.019444 0.070833
6 0.423148 0.65625 0.125926 0.198611
6 0.290278 0.558333 0.075 0.133333
6 0.244444 0.401389 0.048148 0.086111
2 0.20463 0.415972 0.018519 0.065278
2 0.182407 0.402778 0.012963 0.041667
2 0.189352 0.383333 0.017593 0.061111
2 0.142593 0.364583 0.012963 0.051389
2 0.161111 0.332639 0.011111 0.045833
2 0.184259 0.332639 0.012963 0.045833
2 0.350926 0.352778 0.014815 0.052778
2 0.470833 0.422917 0.025 0.073611
2 0.388426 0.365972 0.017593 0.048611
2 0.490741 0.45 0.022222 0.069444
2 0.512963 0.440972 0.022222 0.070833
2 0.147685 0.300694 0.010185 0.031944
2 0.327315 0.315972 0.010185 0.040278
2 0.363426 0.329861 0.012037 0.0375
2 0.306944 0.302778 0.010185 0.033333
6 0.256944 0.293056 0.032407 0.05
6 0.230556 0.265972 0.033333 0.040278
6 0.197685 0.300694 0.030556 0.043056
6 0.173611 0.278472 0.032407 0.045833
6 0.201852 0.241667 0.016667 0.025
2 0.135185 0.320139 0.011111 0.040278
0 0.051852 0.461111 0.016667 0.080556
0 0.072685 0.55625 0.017593 0.093056
0 0.058333 0.534028 0.018519 0.079167
2 0.288889 0.311806 0.012963 0.043056
