2 0.283796 0.368056 0.026852 0.105556
2 0.617593 0.30625 0.024074 0.070833
2 0.300926 0.5125 0.038889 0.152778
2 0.588426 0.352083 0.025 0.093056
2 0.226389 0.432639 0.032407 0.126389
2 0.904167 0.375 0.030556 0.077778
5 0.802315 0.495139 0.119444 0.151389
5 0.931019 0.795833 0.123148 0.291667
6 0.876389 0.317361 0.09537 0.070833
6 0.290278 0.204167 0.034259 0.041667
11 0.464352 0.23125 0.047222 0.101389
0 0.975463 0.513889 0.034259 0.080556
0 0.054167 0.525694 0.025 0.073611
0 0.052315 0.429167 0.023148 0.047222
2 0.952778 0.361806 0.02963 0.073611
2 0.527315 0.234722 0.015741 0.052778
2 0.362037 0.195833 0.012963 0.044444
6 0.331481 0.195833 0.02963 0.044444
6 0.323148 0.142361 0.016667 0.026389
12 0.394907 0.117361 0.025 0.051389
