2 0.523148 0.379167 0.057407 0.1
2 0.285185 0.471528 0.035185 0.143056
2 0.651852 0.391667 0.031481 0.105556
2 0.191204 0.411806 0.026852 0.098611
2 0.317593 0.257639 0.02037 0.0625
6 0.483796 0.271528 0.052778 0.073611
2 0.356481 0.199306 0.016667 0.054167
2 0.475 0.2 0.012963 0.041667
2 0.511111 0.21875 0.014815 0.043056
2 0.459259 0.166667 0.009259 0.030556
2 0.444907 0.165278 0.008333 0.027778
2 0.436574 0.158333 0.010185 0.030556
2 0.351389 0.158333 0.008333 0.027778
6 0.549074 0.211111 0.035185 0.047222
6 0.487037 0.167361 0.02963 0.045833
6 0.427315 0.185417 0.026852 0.048611
0 0.958796 0.3 0.019444 0.069444
