6 0.484722 0.539583 0.102778 0.115278
2 0.616204 0.525694 0.034259 0.0875
2 0.745833 0.529861 0.060185 0.081944
2 0.76713 0.627083 0.056481 0.1125
2 0.935648 0.845139 0.102778 0.1625
2 0.365278 0.85 0.047222 0.180556
2 0.263889 0.688194 0.038889 0.156944
2 0.291667 0.466667 0.024074 0.088889
2 0.147222 0.4 0.02037 0.069444
2 0.242593 0.365972 0.022222 0.0625
2 0.165278 0.290972 0.013889 0.034722
2 0.325 0.325694 0.016667 0.045833
2 0.305093 0.298611 0.013889 0.036111
2 0.284259 0.321528 0.012963 0.043056
2 0.248611 0.272222 0.008333 0.033333
2 0.255093 0.265278 0.010185 0.027778
2 0.218056 0.251389 0.008333 0.025
2 0.407407 0.382639 0.022222 0.068056
2 0.437963 0.384028 0.02037 0.0625
2 0.497222 0.454861 0.024074 0.065278
2 0.474074 0.425 0.027778 0.066667
