11 0.806019 0.746528 0.373148 0.468056
2 0.184722 0.486806 0.023148 0.0875
2 0.162963 0.488194 0.018519 0.081944
2 0.151852 0.433333 0.018519 0.075
2 0.193981 0.399306 0.019444 0.065278
2 0.144907 0.332639 0.013889 0.048611
2 0.150463 0.289583 0.008333 0.0375
2 0.158796 0.263194 0.013889 0.031944
2 0.140278 0.263194 0.012037 0.034722
2 0.318519 0.313194 0.014815 0.043056
2 0.388889 0.372917 0.014815 0.051389
2 0.369907 0.345833 0.013889 0.05
2 0.35787 0.334028 0.015741 0.048611
2 0.387963 0.299306 0.025926 0.034722
2 0.278241 0.277083 0.013889 0.034722
2 0.706944 0.388194 0.025 0.056944
6 0.243056 0.380556 0.049074 0.063889
6 0.197222 0.293056 0.031481 0.052778
11 0.21713 0.238194 0.034259 0.065278
