2 0.046296 0.716667 0.061111 0.205556
2 0.292593 0.335417 0.024074 0.093056
2 0.901852 0.764583 0.081481 0.198611
2 0.172222 0.539583 0.035185 0.129167
2 0.277315 0.849306 0.056481 0.240278
2 0.961574 0.634722 0.063889 0.161111
2 0.206481 0.636806 0.042593 0.176389
2 0.250926 0.543056 0.038889 0.155556
2 0.259722 0.427778 0.030556 0.108333
2 0.753704 0.6625 0.057407 0.158333
2 0.623148 0.309722 0.042593 0.063889
2 0.85463 0.631944 0.053704 0.147222
2 0.173148 0.890972 0.066667 0.193056
2 0.834259 0.390278 0.033333 0.094444
2 0.326852 0.25625 0.016667 0.059722
2 0.89537 0.394444 0.033333 0.094444
2 0.784259 0.455556 0.033333 0.113889
2 0.883796 0.547222 0.036111 0.122222
2 0.843981 0.508333 0.047222 0.133333
2 0.565741 0.383333 0.027778 0.105556
2 0.563889 0.319444 0.027778 0.086111
2 0.413889 0.243056 0.024074 0.058333
2 0.638889 0.481944 0.038889 0.136111
6 0.747222 0.332639 0.12037 0.079167
6 0.678704 0.459028 0.111111 0.145833
6 0.454167 0.310417 0.052778 0.081944
6 0.513426 0.404861 0.087963 0.134722
6 0.338426 0.196528 0.030556 0.048611
6 0.373148 0.174306 0.024074 0.040278
2 0.954167 0.347222 0.034259 0.083333
2 0.67963 0.366667 0.027778 0.058333
2 0.771296 0.518056 0.040741 0.127778
2 0.072222 0.408333 0.061111 0.061111
2 0.386574 0.229861 0.013889 0.048611
2 0.298148 0.2375 0.014815 0.063889
2 0.447222 0.251389 0.014815 0.052778
2 0.464815 0.252083 0.014815 0.054167
2 0.49537 0.226389 0.012963 0.05
2 0.514815 0.228472 0.012963 0.045833
2 0.551852 0.234028 0.011111 0.040278
2 0.460648 0.2125 0.012037 0.038889
2 0.466667 0.1875 0.009259 0.038889
2 0.480556 0.2 0.011111 0.041667
2 0.450926 0.177778 0.009259 0.033333
2 0.735648 0.427778 0.026852 0.111111
