2 0.775926 0.713194 0.053704 0.1375
2 0.512037 0.763889 0.055556 0.163889
2 0.626852 0.594444 0.042593 0.116667
2 0.398611 0.79375 0.05463 0.179167
2 0.245833 0.822917 0.04537 0.179167
2 0.414352 0.380556 0.023148 0.066667
2 0.356481 0.661111 0.037037 0.136111
2 0.284259 0.629861 0.033333 0.129167
2 0.253704 0.667361 0.037037 0.123611
2 0.735185 0.486111 0.048148 0.077778
2 0.396759 0.357639 0.021296 0.054167
2 0.400926 0.945139 0.053704 0.084722
5 0.411574 0.618056 0.102778 0.161111
6 0.310648 0.482639 0.080556 0.126389
11 0.257407 0.365972 0.068519 0.126389
2 0.215741 0.565278 0.027778 0.111111
2 0.206944 0.622222 0.026852 0.113889
2 0.185185 0.536806 0.022222 0.084722
2 0.137037 0.507639 0.02037 0.084722
2 0.165278 0.546528 0.019444 0.079167
9 0.195833 0.409722 0.093519 0.225
