2 0.889815 0.75 0.088889 0.211111
2 0.943519 0.695833 0.077778 0.191667
2 0.831944 0.595139 0.050926 0.173611
2 0.650463 0.474306 0.032407 0.129167
2 0.701852 0.445139 0.031481 0.129167
2 0.673148 0.395139 0.027778 0.104167
2 0.656944 0.339583 0.026852 0.0875
2 0.590278 0.361806 0.028704 0.101389
2 0.509259 0.395833 0.040741 0.091667
2 0.458796 0.313889 0.025 0.075
2 0.309722 0.376389 0.047222 0.094444
2 0.316667 0.288889 0.02037 0.066667
2 0.251852 0.370139 0.024074 0.095833
2 0.200926 0.391667 0.048148 0.097222
2 0.171759 0.63125 0.075 0.170833
2 0.028241 0.497917 0.028704 0.079167
2 0.051852 0.427083 0.066667 0.101389
2 0.294907 0.221528 0.012037 0.048611
2 0.315741 0.186806 0.011111 0.034722
6 0.381944 0.568056 0.112037 0.258333
6 0.075 0.615972 0.140741 0.279167
6 0.498611 0.311111 0.050926 0.080556
6 0.472222 0.265972 0.048148 0.051389
6 0.413426 0.1625 0.025 0.038889
10 0.530556 0.238194 0.094444 0.148611
11 0.463426 0.861806 0.25463 0.243056
