2 0.816204 0.760417 0.069444 0.156944
2 0.571759 0.686806 0.052778 0.145833
2 0.606019 0.55 0.032407 0.1
2 0.505093 0.630556 0.047222 0.119444
2 0.22037 0.699306 0.038889 0.143056
2 0.305556 0.713194 0.037037 0.126389
2 0.163889 0.611806 0.027778 0.109722
2 0.659722 0.547222 0.043519 0.088889
2 0.743519 0.597917 0.051852 0.101389
2 0.334722 0.866667 0.065741 0.191667
2 0.293519 0.911806 0.046296 0.145833
2 0.4625 0.400694 0.025 0.076389
2 0.432407 0.600694 0.038889 0.109722
2 0.704167 0.433333 0.034259 0.072222
2 0.143981 0.520833 0.025 0.088889
2 0.183333 0.563194 0.025926 0.104167
2 0.927315 0.465278 0.025 0.077778
2 0.252778 0.655556 0.02963 0.119444
2 0.893981 0.461806 0.028704 0.084722
6 0.467593 0.770139 0.153704 0.209722
6 0.40787 0.449306 0.063889 0.073611
6 0.305556 0.327778 0.044444 0.055556
6 0.489815 0.935417 0.162963 0.101389
6 0.281019 0.449306 0.065741 0.095833
6 0.523148 0.495833 0.094444 0.086111
9 0.246296 0.520833 0.098148 0.188889
2 0.493519 0.435417 0.024074 0.056944
2 0.630556 0.461806 0.042593 0.068056
2 0.622685 0.503472 0.023148 0.073611
2 0.750463 0.440278 0.034259 0.069444
0 0.806944 0.486806 0.019444 0.076389
0 0.828241 0.483333 0.019444 0.075
2 0.437963 0.402778 0.018519 0.061111
2 0.418519 0.377778 0.018519 0.058333
2 0.403241 0.325694 0.017593 0.051389
2 0.169444 0.488194 0.02037 0.076389
2 0.130556 0.454167 0.018519 0.066667
2 0.158796 0.438194 0.015741 0.068056
2 0.178241 0.461806 0.013889 0.059722
2 0.181019 0.424306 0.013889 0.054167
2 0.19213 0.377083 0.012037 0.054167
2 0.172685 0.371528 0.013889 0.054167
2 0.15787 0.379167 0.013889 0.055556
2 0.138889 0.386806 0.012963 0.051389
2 0.131019 0.343056 0.012037 0.047222
2 0.148611 0.313194 0.012037 0.043056
2 0.181944 0.329167 0.010185 0.044444
6 0.244907 0.39375 0.043519 0.0625
6 0.218519 0.361806 0.035185 0.051389
6 0.220833 0.325694 0.034259 0.0375
2 0.169907 0.324306 0.008333 0.0375
2 0.122685 0.309028 0.008333 0.029167
2 0.130093 0.293056 0.006481 0.025
2 0.131019 0.311806 0.010185 0.020833
2 0.263426 0.2875 0.006481 0.033333
6 0.241204 0.279861 0.030556 0.048611
6 0.201389 0.314583 0.026852 0.045833
6 0.192593 0.2875 0.035185 0.044444
2 0.160185 0.298611 0.007407 0.033333
2 0.298148 0.29375 0.011111 0.0375
6 0.835648 0.93125 0.212037 0.1375
2 0.416667 0.555556 0.033333 0.097222
