2 0.899537 0.5625 0.060185 0.088889
2 0.246759 0.815278 0.04537 0.163889
2 0.32037 0.825694 0.051852 0.181944
2 0.289815 0.699306 0.038889 0.129167
2 0.537963 0.464583 0.02963 0.084722
2 0.223148 0.688194 0.035185 0.120833
2 0.281944 0.570139 0.034259 0.101389
2 0.366204 0.344444 0.017593 0.058333
2 0.113426 0.471528 0.019444 0.084722
2 0.15787 0.584722 0.030556 0.105556
2 0.241667 0.595139 0.033333 0.109722
2 0.164352 0.5125 0.023148 0.091667
2 0.281944 0.461806 0.026852 0.084722
6 0.684259 0.79375 0.22037 0.218056
6 0.446296 0.855556 0.174074 0.255556
6 0.242593 0.4875 0.066667 0.111111
6 0.246759 0.36875 0.050926 0.073611
9 0.383333 0.553472 0.114815 0.198611
2 0.183333 0.509028 0.02037 0.0875
2 0.196296 0.483333 0.016667 0.075
2 0.137037 0.508333 0.016667 0.080556
2 0.256481 0.431944 0.016667 0.058333
2 0.169907 0.440278 0.017593 0.058333
2 0.160648 0.461111 0.015741 0.058333
2 0.140741 0.440278 0.012963 0.063889
6 0.203241 0.411806 0.056481 0.076389
2 0.125926 0.393056 0.011111 0.038889
6 0.179167 0.352778 0.028704 0.052778
6 0.227315 0.347917 0.032407 0.054167
6 0.199537 0.304167 0.030556 0.047222
2 0.162037 0.31875 0.011111 0.048611
2 0.278241 0.280556 0.010185 0.030556
2 0.118056 0.3625 0.010185 0.052778
2 0.159722 0.403472 0.010185 0.045833
2 0.51713 0.361111 0.013889 0.058333
0 0.050463 0.476389 0.013889 0.077778
0 0.039352 0.477778 0.012037 0.080556
2 0.152778 0.368056 0.009259 0.041667
