2 0.195833 0.525694 0.037963 0.145833
2 0.828241 0.852778 0.091667 0.244444
2 0.528704 0.297917 0.022222 0.084722
2 0.058333 0.884722 0.074074 0.202778
2 0.6125 0.565278 0.047222 0.158333
2 0.600926 0.329861 0.025926 0.090278
2 0.272685 0.333333 0.023148 0.091667
2 0.496296 0.323611 0.022222 0.083333
2 0.246296 0.679167 0.05 0.2
2 0.266204 0.463194 0.032407 0.134722
2 0.247685 0.332639 0.023148 0.0875
2 0.34213 0.288194 0.019444 0.076389
2 0.822222 0.461806 0.035185 0.126389
2 0.200463 0.903472 0.071296 0.170833
2 0.592593 0.425 0.031481 0.111111
2 0.307407 0.33125 0.024074 0.084722
2 0.952778 0.564583 0.055556 0.123611
2 0.872222 0.492361 0.040741 0.118056
2 0.08287 0.455556 0.032407 0.091667
2 0.32037 0.355556 0.022222 0.088889
2 0.614815 0.509722 0.046296 0.122222
2 0.889815 0.388194 0.027778 0.093056
2 0.499074 0.236111 0.018519 0.055556
5 0.882407 0.688889 0.22037 0.263889
6 0.372685 0.257639 0.039815 0.065278
6 0.824074 0.3375 0.092593 0.086111
6 0.418981 0.813889 0.186111 0.341667
2 0.109259 0.397917 0.053704 0.0875
2 0.294907 0.249306 0.019444 0.059722
2 0.368056 0.206944 0.013889 0.041667
2 0.506481 0.203472 0.014815 0.054167
2 0.451852 0.1875 0.011111 0.047222
2 0.430556 0.179861 0.011111 0.034722
6 0.438889 0.214583 0.031481 0.051389
6 0.549074 0.214583 0.035185 0.048611
6 0.487037 0.170139 0.027778 0.040278
6 0.368519 0.143056 0.024074 0.036111
6 0.283796 0.217361 0.030556 0.054167
2 0.876852 0.436806 0.035185 0.084722
