2 0.79213 0.643056 0.058333 0.111111
2 0.864815 0.910417 0.105556 0.168056
2 0.407407 0.425694 0.025926 0.070833
2 0.924074 0.840972 0.064815 0.140278
6 0.525463 0.817361 0.156481 0.234722
6 0.354167 0.58125 0.106481 0.176389
6 0.249537 0.404167 0.049074 0.075
6 0.223148 0.354167 0.038889 0.058333
2 0.969907 0.804167 0.060185 0.133333
2 0.440741 0.39375 0.02037 0.0625
2 0.427315 0.408333 0.019444 0.069444
2 0.363426 0.361806 0.021296 0.054167
2 0.505556 0.432639 0.02037 0.065278
2 0.488426 0.444444 0.023148 0.077778
2 0.176389 0.331944 0.017593 0.058333
2 0.152778 0.356944 0.016667 0.061111
2 0.175926 0.254861 0.009259 0.0375
6 0.242593 0.277083 0.027778 0.0375
2 0.220833 0.249306 0.010185 0.029167
2 0.259259 0.259028 0.009259 0.029167
2 0.152315 0.270139 0.010185 0.029167
2 0.161574 0.236111 0.010185 0.027778
2 0.163426 0.258333 0.012037 0.030556
