0 0.53287 0.740278 0.039815 0.188889
2 0.901852 0.711806 0.083333 0.198611
2 0.288889 0.297917 0.022222 0.0875
2 0.328241 0.286806 0.021296 0.073611
2 0.625463 0.538194 0.039815 0.145833
2 0.581944 0.359028 0.026852 0.098611
2 0.670833 0.465972 0.036111 0.134722
2 0.348148 0.254861 0.018519 0.0625
2 0.616204 0.425 0.032407 0.108333
2 0.712963 0.409722 0.035185 0.111111
2 0.559259 0.322917 0.02037 0.079167
2 0.273611 0.244444 0.019444 0.058333
6 0.4 0.277083 0.048148 0.073611
9 0.4625 0.206944 0.076852 0.141667
2 0.671296 0.414583 0.02963 0.0875
2 0.556944 0.283333 0.023148 0.061111
2 0.539352 0.241667 0.015741 0.05
2 0.509259 0.220139 0.012963 0.048611
6 0.41713 0.181944 0.023148 0.038889
