2 0.295833 0.397222 0.028704 0.119444
2 0.900463 0.835417 0.10463 0.234722
2 0.556944 0.313194 0.023148 0.084722
2 0.696296 0.629167 0.055556 0.183333
2 0.924537 0.345139 0.039815 0.073611
2 0.103704 0.852778 0.092593 0.261111
2 0.87963 0.534722 0.046296 0.158333
2 0.622685 0.449306 0.036111 0.115278
2 0.506944 0.272917 0.019444 0.068056
2 0.587963 0.271528 0.018519 0.0625
2 0.530556 0.2625 0.018519 0.058333
2 0.631481 0.380556 0.031481 0.091667
2 0.675926 0.359722 0.027778 0.088889
2 0.543981 0.218056 0.013889 0.038889
2 0.453241 0.163889 0.010185 0.030556
2 0.434722 0.158333 0.008333 0.030556
2 0.323148 0.170139 0.012963 0.040278
6 0.551852 0.211111 0.02963 0.041667
6 0.488889 0.171528 0.031481 0.045833
12 0.397222 0.121528 0.025926 0.048611
