2 0.356019 0.770139 0.04537 0.184722
2 0.452778 0.565278 0.061111 0.105556
2 0.230556 0.776389 0.044444 0.158333
2 0.453704 0.752778 0.046296 0.161111
2 0.565278 0.920833 0.073148 0.133333
2 0.2875 0.578472 0.030556 0.1125
2 0.560185 0.463194 0.035185 0.073611
2 0.460185 0.405556 0.024074 0.077778
2 0.135185 0.572222 0.024074 0.108333
2 0.383796 0.551389 0.032407 0.113889
2 0.200926 0.545139 0.024074 0.098611
2 0.589815 0.435417 0.038889 0.068056
2 0.50787 0.35625 0.030556 0.059722
2 0.35463 0.485417 0.025926 0.0875
2 0.176389 0.398611 0.019444 0.069444
2 0.25463 0.484722 0.024074 0.091667
2 0.229167 0.549306 0.021296 0.0875
2 0.232407 0.476389 0.016667 0.055556
2 0.216204 0.502083 0.017593 0.068056
2 0.199074 0.476389 0.018519 0.063889
2 0.220833 0.452083 0.013889 0.056944
2 0.248148 0.445833 0.02037 0.061111
2 0.20463 0.414583 0.018519 0.0625
2 0.160185 0.497222 0.018519 0.080556
2 0.167593 0.561806 0.02037 0.090278
2 0.131481 0.495139 0.02037 0.068056
2 0.143056 0.443056 0.015741 0.058333
2 0.137963 0.388194 0.014815 0.059722
2 0.193056 0.3125 0.010185 0.041667
5 0.301389 0.49375 0.063889 0.101389
2 0.319907 0.44375 0.019444 0.070833
2 0.29537 0.425 0.02037 0.05
2 0.277778 0.407639 0.025926 0.065278
2 0.145833 0.360417 0.012037 0.051389
2 0.146759 0.321528 0.012037 0.040278
2 0.15463 0.313889 0.011111 0.044444
2 0.171759 0.285417 0.008333 0.0375
2 0.116667 0.282639 0.009259 0.0375
2 0.655556 0.389583 0.02037 0.056944
0 0.858333 0.477778 0.012963 0.072222
