2 0.831481 0.552083 0.059259 0.090278
2 0.352778 0.888194 0.051852 0.173611
2 0.622685 0.555556 0.041667 0.091667
2 0.446296 0.3875 0.022222 0.066667
2 0.250463 0.698611 0.036111 0.136111
2 0.278704 0.845139 0.05 0.190278
2 0.3125 0.675694 0.037963 0.134722
2 0.373611 0.805556 0.047222 0.169444
2 0.644444 0.496528 0.038889 0.079167
2 0.162963 0.580556 0.027778 0.108333
2 0.05787 0.547917 0.023148 0.093056
2 0.27037 0.629167 0.035185 0.127778
2 0.587963 0.4375 0.044444 0.069444
2 0.371296 0.670833 0.037037 0.108333
2 0.275926 0.900694 0.048148 0.1625
2 0.194444 0.534028 0.025926 0.095833
2 0.230093 0.5875 0.025 0.088889
2 0.230556 0.530556 0.024074 0.077778
6 0.323148 0.490972 0.072222 0.126389
2 0.143519 0.550694 0.014815 0.079167
2 0.15 0.514583 0.014815 0.0625
2 0.177778 0.488889 0.016667 0.077778
2 0.188889 0.456944 0.016667 0.058333
2 0.225463 0.477083 0.015741 0.0625
2 0.262963 0.5625 0.024074 0.083333
2 0.268981 0.523611 0.023148 0.083333
2 0.266204 0.483333 0.013889 0.069444
2 0.211111 0.44375 0.018519 0.0625
2 0.229167 0.422222 0.017593 0.058333
2 0.203241 0.366667 0.012037 0.047222
2 0.152778 0.452083 0.016667 0.065278
2 0.134259 0.502083 0.014815 0.068056
2 0.125926 0.46875 0.014815 0.0625
2 0.137037 0.409722 0.012963 0.052778
2 0.189815 0.409722 0.011111 0.047222
2 0.334259 0.631944 0.02963 0.102778
2 0.3375 0.570139 0.026852 0.093056
6 0.260185 0.400694 0.05 0.070833
2 0.268056 0.445833 0.025 0.072222
6 0.231944 0.36875 0.032407 0.059722
6 0.182407 0.382639 0.040741 0.0625
2 0.181481 0.333333 0.011111 0.038889
2 0.133333 0.31875 0.011111 0.034722
6 0.210185 0.323611 0.037037 0.055556
6 0.264352 0.284028 0.028704 0.0375
2 0.287963 0.325 0.012963 0.047222
2 0.165278 0.30625 0.010185 0.040278
6 0.184722 0.281944 0.030556 0.038889
2 0.152778 0.325694 0.011111 0.034722
2 0.655093 0.386111 0.023148 0.058333
2 0.539352 0.877778 0.058333 0.180556
2 0.530556 0.773611 0.066667 0.133333
2 0.85787 0.781944 0.102778 0.127778
2 0.837963 0.704861 0.075926 0.101389
