2 0.301389 0.597917 0.030556 0.120833
2 0.254167 0.570833 0.023148 0.108333
2 0.1625 0.594444 0.026852 0.091667
2 0.489352 0.41875 0.028704 0.068056
2 0.181019 0.534028 0.026852 0.098611
2 0.116667 0.547222 0.022222 0.088889
2 0.517593 0.368056 0.022222 0.077778
6 0.457407 0.468056 0.087037 0.088889
6 0.303704 0.48125 0.064815 0.1125
2 0.114815 0.495139 0.016667 0.056944
2 0.196759 0.520139 0.019444 0.0875
2 0.288889 0.539583 0.027778 0.090278
2 0.265278 0.505556 0.019444 0.088889
2 0.247685 0.513889 0.019444 0.069444
6 0.270833 0.439583 0.056481 0.079167
2 0.059722 0.490278 0.034259 0.083333
2 0.08287 0.497917 0.015741 0.079167
2 0.151852 0.53125 0.022222 0.0625
2 0.147685 0.49375 0.015741 0.054167
2 0.231944 0.440278 0.015741 0.061111
2 0.213889 0.456944 0.016667 0.066667
2 0.138889 0.438194 0.012963 0.056944
2 0.15787 0.480556 0.017593 0.055556
6 0.240278 0.4 0.043519 0.063889
2 0.155556 0.367361 0.012963 0.045833
2 0.209259 0.397917 0.012963 0.0625
2 0.165278 0.334028 0.012037 0.043056
2 0.179167 0.372917 0.012037 0.054167
2 0.141204 0.379167 0.013889 0.055556
2 0.126852 0.3125 0.009259 0.036111
2 0.156019 0.443056 0.010185 0.038889
2 0.182407 0.345139 0.011111 0.048611
9 0.212963 0.327778 0.033333 0.072222
2 0.15463 0.311806 0.009259 0.040278
11 0.186111 0.257639 0.031481 0.076389
0 0.928241 0.466667 0.019444 0.086111
2 0.111574 0.335417 0.010185 0.043056
2 0.116204 0.425 0.013889 0.063889
2 0.140741 0.345139 0.011111 0.043056
2 0.124074 0.358333 0.011111 0.044444
