2 0.26713 0.309028 0.023148 0.090278
2 0.657407 0.736111 0.068519 0.216667
2 0.306019 0.505556 0.034259 0.147222
2 0.646296 0.503472 0.044444 0.140278
2 0.766204 0.539583 0.04537 0.151389
2 0.516667 0.294444 0.02037 0.077778
2 0.430556 0.304167 0.02037 0.083333
2 0.579167 0.314583 0.023148 0.076389
2 0.636574 0.363194 0.028704 0.098611
2 0.814352 0.427083 0.034259 0.120833
2 0.456481 0.288194 0.024074 0.0875
2 0.85787 0.627083 0.049074 0.1625
2 0.860648 0.413194 0.030556 0.101389
2 0.604167 0.392361 0.028704 0.098611
2 0.549537 0.281944 0.019444 0.072222
2 0.958796 0.71875 0.065741 0.193056
2 0.390741 0.250694 0.018519 0.0625
2 0.881944 0.524306 0.043519 0.129167
2 0.1625 0.9 0.069444 0.177778
2 0.502778 0.254861 0.014815 0.045833
2 0.576852 0.2625 0.02037 0.052778
2 0.337037 0.198611 0.012963 0.044444
2 0.296296 0.206944 0.018519 0.05
2 0.465278 0.173611 0.010185 0.033333
6 0.548148 0.206944 0.033333 0.05
6 0.475463 0.157639 0.025 0.034722
6 0.368981 0.141667 0.021296 0.038889
0 0.04537 0.394444 0.024074 0.086111
