2 0.096759 0.504167 0.04537 0.136111
2 0.40787 0.41875 0.065741 0.134722
2 0.259722 0.421528 0.028704 0.109722
2 0.61713 0.318056 0.025 0.077778
2 0.303241 0.388194 0.023148 0.093056
2 0.660648 0.340278 0.028704 0.086111
2 0.506019 0.327778 0.023148 0.083333
2 0.577315 0.327083 0.025 0.076389
2 0.332407 0.355556 0.02037 0.088889
2 0.953241 0.570139 0.058333 0.129167
2 0.259259 0.355556 0.024074 0.075
2 0.13287 0.415278 0.065741 0.097222
2 0.281944 0.335417 0.019444 0.079167
2 0.462963 0.259028 0.02963 0.070833
2 0.544907 0.319444 0.023148 0.075
6 0.756944 0.325694 0.128704 0.090278
6 0.551389 0.447917 0.093519 0.134722
6 0.373611 0.279167 0.047222 0.086111
10 0.793519 0.705556 0.401852 0.580556
2 0.983796 0.315278 0.017593 0.075
2 0.527315 0.323611 0.019444 0.066667
2 0.533333 0.279167 0.012963 0.047222
2 0.569907 0.295139 0.015741 0.059722
2 0.5125 0.258333 0.013889 0.05
2 0.463426 0.219444 0.010185 0.036111
2 0.47037 0.214583 0.011111 0.0375
2 0.486111 0.20625 0.009259 0.043056
2 0.352778 0.329861 0.016667 0.065278
2 0.32963 0.29375 0.014815 0.056944
2 0.30463 0.316667 0.018519 0.066667
2 0.302778 0.270139 0.014815 0.048611
2 0.285185 0.244444 0.011111 0.047222
2 0.327315 0.255556 0.013889 0.052778
2 0.313889 0.248611 0.011111 0.05
2 0.34213 0.214583 0.010185 0.045833
2 0.394444 0.241667 0.012963 0.047222
2 0.386574 0.219444 0.012037 0.044444
2 0.355556 0.200694 0.011111 0.043056
2 0.067593 0.402778 0.057407 0.072222
6 0.424074 0.152778 0.018519 0.030556
