2 0.542593 0.729861 0.057407 0.215278
2 0.947222 0.741667 0.07963 0.211111
2 0.241667 0.606944 0.048148 0.183333
2 0.615741 0.41875 0.02963 0.115278
2 0.464815 0.304167 0.033333 0.072222
2 0.65463 0.376389 0.031481 0.102778
2 0.764352 0.45625 0.041667 0.123611
2 0.709722 0.502778 0.039815 0.127778
2 0.222685 0.406944 0.062037 0.1
2 0.222685 0.501389 0.034259 0.108333
2 0.0375 0.684028 0.056481 0.154167
2 0.597685 0.336111 0.023148 0.080556
2 0.375 0.2625 0.016667 0.066667
2 0.614815 0.296528 0.02037 0.073611
6 0.837963 0.861111 0.27037 0.258333
6 0.422222 0.275694 0.062963 0.068056
6 0.50787 0.290972 0.047222 0.079167
6 0.36713 0.4375 0.076852 0.15
6 0.548611 0.209028 0.034259 0.043056
6 0.438426 0.201389 0.032407 0.052778
6 0.36713 0.18125 0.026852 0.048611
6 0.372222 0.140972 0.018519 0.029167
6 0.406019 0.154861 0.019444 0.031944
2 0.522685 0.238889 0.012037 0.05
2 0.552778 0.243056 0.012963 0.05
2 0.500463 0.246528 0.015741 0.031944
2 0.487037 0.219444 0.011111 0.038889
2 0.466667 0.216667 0.007407 0.05
2 0.498148 0.213194 0.012963 0.0375
2 0.384722 0.223611 0.013889 0.05
2 0.350926 0.230556 0.014815 0.055556
2 0.328241 0.243056 0.015741 0.055556
2 0.3125 0.222917 0.012037 0.043056
2 0.331019 0.202778 0.010185 0.036111
2 0.344444 0.181944 0.011111 0.041667
0 0.591667 0.240278 0.014815 0.061111
