2 0.486574 0.775 0.069444 0.216667
2 0.147685 0.411806 0.063889 0.095833
2 0.525 0.385417 0.057407 0.104167
2 0.887963 0.711806 0.075926 0.1875
2 0.241667 0.420833 0.02963 0.119444
2 0.724074 0.621528 0.053704 0.168056
2 0.621759 0.591667 0.049074 0.169444
2 0.613889 0.440278 0.035185 0.119444
2 0.827778 0.595833 0.046296 0.155556
2 0.769444 0.54375 0.048148 0.145833
2 0.558796 0.296528 0.021296 0.076389
2 0.660185 0.388889 0.048148 0.097222
2 0.611574 0.325694 0.037963 0.073611
2 0.696759 0.375 0.04537 0.094444
2 0.893056 0.575 0.05463 0.144444
2 0.497222 0.246528 0.016667 0.0625
2 0.526852 0.249306 0.014815 0.056944
2 0.573148 0.25 0.02963 0.055556
2 0.480093 0.23125 0.015741 0.054167
2 0.367593 0.177778 0.011111 0.036111
2 0.352315 0.18125 0.010185 0.040278
2 0.336574 0.179861 0.010185 0.0375
2 0.327778 0.182639 0.011111 0.034722
2 0.314352 0.185417 0.008333 0.0375
2 0.456481 0.202778 0.011111 0.041667
6 0.549537 0.209722 0.036111 0.044444
6 0.475926 0.158333 0.024074 0.033333
11 0.431481 0.183333 0.033333 0.075
11 0.413889 0.152083 0.027778 0.051389
