2 0.665278 0.365278 0.028704 0.091667
2 0.856019 0.454861 0.034259 0.126389
2 0.608333 0.376389 0.027778 0.1
2 0.630556 0.30625 0.024074 0.081944
2 0.287037 0.334722 0.024074 0.083333
2 0.290741 0.264583 0.018519 0.059722
6 0.462037 0.2 0.02963 0.041667
6 0.293519 0.201389 0.035185 0.05
12 0.381944 0.557639 0.236111 0.790278
6 0.428241 0.176389 0.019444 0.030556
12 0.372222 0.147222 0.033333 0.088889
6 0.405093 0.153472 0.025 0.029167
2 0.527315 0.255556 0.015741 0.052778
2 0.547222 0.25 0.012963 0.044444
2 0.530093 0.218056 0.013889 0.044444
2 0.502778 0.211111 0.012963 0.047222
2 0.485185 0.213889 0.012963 0.044444
0 0.983333 0.484722 0.024074 0.119444
0 0.050926 0.396528 0.024074 0.0875
0 0.048611 0.515972 0.032407 0.070833
