2 0.426389 0.3875 0.060185 0.1
2 0.252778 0.557639 0.042593 0.179167
2 0.19537 0.4125 0.059259 0.105556
2 0.595833 0.317361 0.026852 0.073611
2 0.731944 0.43125 0.028704 0.1125
2 0.451852 0.3 0.024074 0.077778
2 0.553704 0.30625 0.02037 0.084722
0 0.94537 0.579167 0.02963 0.155556
2 0.515741 0.236806 0.011111 0.054167
2 0.536111 0.288194 0.018519 0.065278
2 0.544444 0.265972 0.011111 0.051389
2 0.602315 0.273611 0.017593 0.058333
2 0.499074 0.203472 0.011111 0.0375
2 0.473611 0.202778 0.012037 0.044444
2 0.049074 0.432639 0.057407 0.104167
2 0.290741 0.242361 0.011111 0.040278
2 0.332407 0.264583 0.011111 0.043056
2 0.313426 0.229167 0.010185 0.038889
2 0.339815 0.23125 0.011111 0.048611
2 0.299537 0.21875 0.010185 0.043056
2 0.446296 0.177778 0.007407 0.030556
6 0.548611 0.211111 0.032407 0.047222
6 0.457407 0.229861 0.033333 0.043056
6 0.487963 0.169444 0.02963 0.041667
6 0.4125 0.161111 0.019444 0.036111
11 0.387037 0.249306 0.059259 0.118056
