2 0.336111 0.755556 0.083333 0.222222
2 0.3875 0.570833 0.056481 0.161111
2 0.201852 0.356944 0.02963 0.094444
2 0.459722 0.421528 0.069444 0.123611
2 0.879167 0.720833 0.076852 0.197222
2 0.087963 0.541667 0.038889 0.144444
2 0.708796 0.90625 0.130556 0.1625
2 0.790278 0.7125 0.069444 0.180556
2 0.137037 0.842361 0.083333 0.2625
2 0.874537 0.456944 0.034259 0.119444
2 0.852778 0.399306 0.031481 0.093056
2 0.422222 0.372222 0.037037 0.1
2 0.750463 0.597917 0.050926 0.1375
2 0.676852 0.45625 0.027778 0.115278
2 0.389815 0.243056 0.018519 0.061111
2 0.724537 0.498611 0.037963 0.113889
2 0.843981 0.622917 0.082407 0.145833
2 0.437963 0.272917 0.022222 0.059722
2 0.915278 0.913194 0.106481 0.1625
2 0.422222 0.255556 0.02037 0.066667
2 0.6375 0.327778 0.023148 0.066667
2 0.8375 0.525 0.041667 0.116667
6 0.521296 0.340972 0.066667 0.093056
6 0.49213 0.295139 0.04537 0.073611
11 0.606019 0.443056 0.126852 0.211111
2 0.567593 0.307639 0.02037 0.065278
2 0.781944 0.334028 0.041667 0.073611
2 0.762963 0.484028 0.038889 0.118056
2 0.705093 0.449306 0.034259 0.101389
2 0.495833 0.234722 0.013889 0.047222
2 0.522685 0.2375 0.017593 0.052778
2 0.541667 0.258333 0.018519 0.055556
2 0.552315 0.254861 0.017593 0.059722
2 0.333796 0.213194 0.013889 0.051389
2 0.353704 0.184028 0.011111 0.040278
2 0.316204 0.185417 0.010185 0.040278
2 0.253241 0.263889 0.015741 0.052778
2 0.47037 0.175694 0.009259 0.031944
2 0.437037 0.177083 0.005556 0.034722
2 0.331944 0.169444 0.010185 0.033333
2 0.623611 0.270833 0.030556 0.055556
2 0.577778 0.242361 0.016667 0.056944
6 0.74213 0.396528 0.065741 0.106944
0 0.131944 0.386806 0.019444 0.084722
