0 0.698611 0.461806 0.017593 0.076389
2 0.819444 0.725 0.057407 0.119444
2 0.244907 0.85625 0.04537 0.179167
2 0.650926 0.554167 0.038889 0.086111
2 0.283333 0.770139 0.046296 0.154167
2 0.193056 0.672222 0.032407 0.133333
2 0.832407 0.501389 0.051852 0.080556
2 0.491667 0.436111 0.033333 0.072222
2 0.402315 0.394444 0.026852 0.075
2 0.140278 0.492361 0.023148 0.084722
2 0.166204 0.570139 0.025 0.098611
2 0.961574 0.7875 0.060185 0.166667
2 0.584259 0.436806 0.044444 0.065278
6 0.408333 0.588889 0.118519 0.191667
6 0.221296 0.344444 0.038889 0.069444
10 0.272685 0.544444 0.162037 0.325
9 0.781944 0.907639 0.265741 0.168056
2 0.154167 0.484028 0.013889 0.068056
2 0.142593 0.436111 0.016667 0.061111
2 0.123148 0.422917 0.016667 0.068056
2 0.18287 0.43125 0.012037 0.054167
2 0.174537 0.519444 0.015741 0.063889
2 0.177778 0.484028 0.014815 0.068056
2 0.171759 0.44375 0.010185 0.054167
2 0.162963 0.41875 0.011111 0.059722
2 0.172685 0.364583 0.010185 0.043056
2 0.275926 0.395833 0.016667 0.055556
2 0.144907 0.381944 0.012037 0.044444
6 0.202778 0.388194 0.038889 0.0625
0 0.755556 0.456944 0.011111 0.063889
0 0.671296 0.420833 0.011111 0.066667
2 0.121296 0.375694 0.011111 0.031944
2 0.134259 0.388194 0.011111 0.043056
2 0.158333 0.384028 0.009259 0.043056
2 0.148148 0.350694 0.009259 0.034722
2 0.192593 0.350694 0.009259 0.040278
2 0.233796 0.368056 0.013889 0.05
6 0.188889 0.291667 0.024074 0.041667
2 0.1625 0.364583 0.008333 0.0375
