2 0.166667 0.619444 0.033333 0.127778
2 0.135185 0.545833 0.031481 0.091667
2 0.195833 0.504167 0.025 0.097222
6 0.293519 0.447917 0.053704 0.0875
6 0.237037 0.461806 0.053704 0.093056
6 0.191204 0.401389 0.052778 0.075
2 0.706481 0.391667 0.024074 0.05
2 0.681019 0.393056 0.028704 0.047222
2 0.3875 0.299306 0.025 0.031944
2 0.274537 0.266667 0.010185 0.025
2 0.249537 0.254167 0.008333 0.030556
6 0.261111 0.293056 0.033333 0.05
2 0.19213 0.268056 0.013889 0.038889
2 0.174537 0.291667 0.013889 0.036111
2 0.155556 0.297917 0.011111 0.043056
2 0.160648 0.368056 0.017593 0.052778
2 0.146296 0.281944 0.009259 0.033333
2 0.101852 0.472917 0.018519 0.068056
2 0.163426 0.515278 0.017593 0.077778
2 0.175926 0.496528 0.018519 0.068056
2 0.130556 0.449306 0.014815 0.065278
2 0.151852 0.459028 0.018519 0.056944
2 0.175463 0.430556 0.019444 0.075
11 0.155556 0.216667 0.031481 0.066667
6 0.256019 0.405556 0.043519 0.069444
6 0.241204 0.36875 0.039815 0.065278
