2 0.451389 0.772917 0.052778 0.179167
2 0.826389 0.550694 0.060185 0.093056
2 0.308333 0.842361 0.051852 0.195833
2 0.405556 0.875694 0.055556 0.184722
2 0.201389 0.654861 0.037963 0.126389
2 0.412037 0.377083 0.025926 0.059722
2 0.630556 0.455556 0.044444 0.077778
2 0.138889 0.574306 0.022222 0.101389
2 0.548148 0.932639 0.068519 0.1125
6 0.293519 0.443056 0.051852 0.080556
5 0.326852 0.536806 0.087037 0.145833
6 0.237037 0.465278 0.055556 0.086111
6 0.2625 0.399306 0.041667 0.068056
6 0.193056 0.511806 0.080556 0.1375
2 0.107407 0.549306 0.022222 0.093056
2 0.101389 0.481944 0.017593 0.069444
2 0.137963 0.513889 0.016667 0.063889
2 0.147685 0.468056 0.012037 0.058333
2 0.122685 0.484028 0.017593 0.079167
2 0.131019 0.449306 0.013889 0.056944
2 0.118056 0.413194 0.015741 0.068056
6 0.181481 0.389583 0.038889 0.073611
2 0.216204 0.393056 0.017593 0.077778
6 0.241667 0.369444 0.038889 0.069444
6 0.212037 0.322917 0.035185 0.056944
2 0.286574 0.311806 0.010185 0.043056
2 0.206481 0.250694 0.018519 0.029167
2 0.118519 0.371528 0.009259 0.031944
2 0.146296 0.380556 0.009259 0.036111
6 0.1625 0.341667 0.028704 0.038889
2 0.17963 0.275694 0.0 0.001389
6 0.193056 0.294444 0.028704 0.038889
0 0.922685 0.468056 0.013889 0.080556
2 0.746296 0.441667 0.037037 0.066667
2 0.090278 0.288194 0.008333 0.031944
