2 0.297685 0.331944 0.025 0.094444
2 0.343056 0.361111 0.026852 0.102778
2 0.298148 0.5 0.035185 0.147222
2 0.255556 0.443056 0.035185 0.133333
2 0.184259 0.417361 0.066667 0.101389
2 0.728704 0.409028 0.033333 0.1125
2 0.573611 0.379167 0.025 0.097222
2 0.812037 0.54375 0.048148 0.148611
2 0.674537 0.396528 0.028704 0.106944
2 0.634722 0.442361 0.034259 0.106944
2 0.866667 0.414583 0.027778 0.093056
2 0.791204 0.370833 0.041667 0.088889
2 0.366204 0.265278 0.017593 0.063889
2 0.617593 0.361111 0.025926 0.086111
2 0.690741 0.327083 0.024074 0.079167
2 0.898611 0.358333 0.034259 0.075
2 0.321759 0.265278 0.017593 0.069444
2 0.518981 0.25 0.019444 0.061111
6 0.641667 0.652083 0.17963 0.243056
6 0.512037 0.378472 0.085185 0.126389
2 0.636574 0.377083 0.021296 0.068056
2 0.172222 0.361806 0.035185 0.073611
2 0.284722 0.234028 0.013889 0.051389
2 0.309259 0.243056 0.014815 0.052778
2 0.568981 0.325 0.019444 0.069444
2 0.620833 0.297222 0.025 0.075
2 0.594444 0.291667 0.018519 0.066667
2 0.549074 0.265972 0.018519 0.054167
2 0.494907 0.300694 0.037963 0.054167
2 0.539815 0.327083 0.022222 0.070833
2 0.448148 0.244444 0.012963 0.052778
2 0.49213 0.25 0.012037 0.055556
2 0.481944 0.238194 0.012037 0.045833
2 0.511111 0.21875 0.016667 0.054167
2 0.475 0.215972 0.012963 0.048611
2 0.456944 0.224306 0.013889 0.048611
2 0.466204 0.196528 0.012037 0.040278
2 0.384722 0.205556 0.012037 0.047222
2 0.3625 0.190972 0.012037 0.045833
2 0.325926 0.2 0.012963 0.041667
0 0.820833 0.300694 0.017593 0.068056
6 0.968056 0.309722 0.05463 0.083333
6 0.550463 0.2125 0.034259 0.05
9 0.419907 0.172222 0.026852 0.05
2 0.353241 0.18125 0.010185 0.034722
2 0.49213 0.200694 0.012037 0.040278
0 0.576389 0.209722 0.012037 0.041667
