2 0.885185 0.839583 0.090741 0.195833
2 0.694444 0.605556 0.046296 0.155556
2 0.634722 0.497222 0.036111 0.133333
2 0.73287 0.50625 0.04537 0.145833
2 0.879167 0.384028 0.036111 0.093056
2 0.592593 0.397917 0.027778 0.104167
2 0.931481 0.699306 0.062963 0.193056
2 0.588426 0.288889 0.021296 0.072222
2 0.531481 0.270833 0.02037 0.063889
2 0.97963 0.704167 0.02963 0.138889
2 0.643056 0.425 0.030556 0.094444
6 0.516667 0.365972 0.083333 0.123611
6 0.644907 0.399306 0.084259 0.101389
2 0.624074 0.325 0.040741 0.063889
2 0.480556 0.226389 0.014815 0.052778
2 0.492593 0.201389 0.012963 0.044444
2 0.45787 0.189583 0.010185 0.040278
2 0.452778 0.175 0.011111 0.038889
2 0.330556 0.191667 0.012963 0.041667
2 0.307407 0.216667 0.016667 0.052778
2 0.668519 0.279861 0.044444 0.068056
6 0.549537 0.210417 0.034259 0.051389
6 0.419444 0.167361 0.025926 0.0375
6 0.402315 0.141667 0.021296 0.036111
6 0.36713 0.188889 0.028704 0.047222
1 0.123148 0.394444 0.062963 0.111111
