2 0.134259 0.682639 0.05 0.195833
2 0.480556 0.564583 0.046296 0.168056
2 0.276389 0.647222 0.049074 0.191667
2 0.252778 0.356944 0.024074 0.091667
2 0.134722 0.433333 0.069444 0.097222
2 0.413889 0.378472 0.061111 0.098611
2 0.656481 0.389583 0.025926 0.101389
2 0.870833 0.604167 0.04537 0.15
2 0.606019 0.445833 0.034259 0.111111
2 0.683796 0.427778 0.032407 0.116667
2 0.901389 0.543056 0.043519 0.130556
2 0.536111 0.379167 0.027778 0.102778
2 0.487963 0.352778 0.037037 0.086111
2 0.043981 0.905556 0.075 0.172222
2 0.718056 0.315972 0.043519 0.068056
2 0.971296 0.657639 0.046296 0.120833
2 0.577315 0.367361 0.023148 0.090278
2 0.660185 0.597917 0.055556 0.1625
2 0.463426 0.316667 0.025 0.075
2 0.622222 0.4 0.025926 0.097222
2 0.283333 0.299306 0.016667 0.068056
2 0.856019 0.434028 0.030556 0.093056
6 0.763889 0.6125 0.162963 0.219444
5 0.853241 0.335417 0.093519 0.081944
6 0.775463 0.397222 0.086111 0.119444
6 0.321759 0.327083 0.060185 0.126389
11 0.39537 0.266667 0.059259 0.155556
2 0.055093 0.421528 0.069444 0.1125
2 0.758796 0.478472 0.043519 0.081944
2 0.5625 0.330556 0.023148 0.066667
2 0.583333 0.311806 0.042593 0.070833
2 0.264352 0.285417 0.015741 0.0625
2 0.297222 0.272222 0.012963 0.052778
2 0.355556 0.23125 0.014815 0.045833
2 0.33287 0.21875 0.010185 0.043056
2 0.527778 0.222917 0.016667 0.056944
2 0.502315 0.225 0.013889 0.05
2 0.469907 0.218056 0.012037 0.044444
2 0.452778 0.202083 0.014815 0.043056
2 0.48287 0.202778 0.010185 0.041667
2 0.450463 0.18125 0.010185 0.040278
2 0.467593 0.179167 0.011111 0.036111
6 0.552778 0.211111 0.02963 0.047222
6 0.424537 0.177778 0.025 0.044444
11 0.363889 0.196528 0.027778 0.065278
