2 0.955093 0.352083 0.041667 0.081944
2 0.239352 0.618056 0.047222 0.186111
2 0.301389 0.430556 0.036111 0.136111
2 0.327778 0.345139 0.025926 0.090278
2 0.696759 0.624306 0.049074 0.154167
2 0.693519 0.464583 0.038889 0.126389
2 0.293056 0.285417 0.021296 0.076389
2 0.606481 0.349306 0.024074 0.0875
2 0.584722 0.345139 0.025 0.093056
2 0.349537 0.475694 0.036111 0.131944
2 0.156481 0.46875 0.07037 0.126389
6 0.3875 0.315972 0.052778 0.090278
2 0.510648 0.222222 0.010185 0.044444
2 0.47963 0.183333 0.007407 0.030556
2 0.320833 0.216667 0.012037 0.044444
2 0.143056 0.427778 0.065741 0.105556
12 0.370833 0.153472 0.034259 0.104167
12 0.403704 0.125694 0.024074 0.068056
