2 0.289352 0.858333 0.050926 0.169444
2 0.204167 0.569444 0.026852 0.097222
2 0.282407 0.719444 0.037037 0.122222
2 0.720833 0.56875 0.050926 0.090278
2 0.968519 0.791667 0.048148 0.138889
2 0.633333 0.453472 0.038889 0.073611
2 0.405556 0.380556 0.022222 0.061111
2 0.588889 0.529167 0.035185 0.105556
2 0.823148 0.634722 0.051852 0.113889
2 0.49537 0.605556 0.042593 0.077778
2 0.796759 0.6625 0.071296 0.088889
2 0.14537 0.476389 0.02037 0.080556
6 0.552778 0.726389 0.196296 0.191667
6 0.759722 0.777778 0.189815 0.188889
6 0.390741 0.595139 0.114815 0.145833
6 0.458796 0.904167 0.189815 0.169444
6 0.509259 0.531944 0.114815 0.116667
6 0.365278 0.418056 0.052778 0.072222
9 0.285648 0.426389 0.115741 0.252778
2 0.198148 0.500694 0.022222 0.0625
2 0.128704 0.421528 0.016667 0.068056
2 0.154167 0.438194 0.015741 0.068056
2 0.156019 0.381944 0.012037 0.052778
2 0.142593 0.361806 0.012963 0.051389
2 0.127315 0.326389 0.010185 0.038889
2 0.175926 0.331944 0.012963 0.041667
2 0.148611 0.338194 0.010185 0.034722
2 0.189815 0.284028 0.011111 0.040278
2 0.175463 0.303472 0.010185 0.029167
2 0.353704 0.35 0.014815 0.05
2 0.296759 0.303472 0.012037 0.031944
9 0.199537 0.429167 0.056481 0.138889
5 0.468056 0.45 0.073148 0.083333
2 0.527778 0.446528 0.02963 0.054167
2 0.611111 0.511111 0.025926 0.075
0 0.601852 0.447917 0.012963 0.065278
2 0.501852 0.414583 0.016667 0.065278
2 0.444444 0.405556 0.02037 0.047222
0 0.466667 0.339583 0.011111 0.059722
0 0.452315 0.345833 0.013889 0.047222
2 0.580093 0.476389 0.025 0.069444
2 0.662963 0.603472 0.037037 0.084722
2 0.678704 0.572917 0.027778 0.084722
2 0.65 0.540972 0.031481 0.079167
0 0.828241 0.449306 0.015741 0.0875
2 0.144444 0.30625 0.011111 0.034722
2 0.158333 0.292361 0.007407 0.034722
6 0.20463 0.240278 0.018519 0.027778
6 0.171759 0.24375 0.017593 0.031944
2 0.288889 0.279861 0.009259 0.031944
