2 0.778704 0.623611 0.053704 0.111111
2 0.586111 0.4375 0.040741 0.072222
2 0.29537 0.482639 0.022222 0.0875
2 0.228241 0.53125 0.026852 0.098611
2 0.72037 0.422917 0.024074 0.070833
2 0.272222 0.491667 0.018519 0.080556
6 0.387963 0.415972 0.068519 0.076389
6 0.283796 0.426389 0.056481 0.086111
9 0.255093 0.370833 0.058333 0.091667
2 0.763889 0.441667 0.037037 0.066667
0 0.475926 0.329167 0.011111 0.047222
0 0.491667 0.336111 0.011111 0.038889
0 0.501389 0.329167 0.012037 0.055556
2 0.361111 0.335417 0.016667 0.040278
2 0.15 0.502083 0.018519 0.0875
2 0.177315 0.517361 0.015741 0.076389
2 0.19537 0.492361 0.016667 0.084722
2 0.243519 0.507639 0.022222 0.084722
2 0.253704 0.45 0.014815 0.077778
2 0.265278 0.455556 0.013889 0.066667
2 0.22037 0.475694 0.014815 0.048611
2 0.231944 0.449306 0.015741 0.054167
2 0.169444 0.490278 0.018519 0.083333
2 0.121759 0.465972 0.019444 0.076389
2 0.138426 0.485417 0.017593 0.079167
2 0.168981 0.432639 0.015741 0.051389
2 0.195833 0.438889 0.015741 0.055556
2 0.127778 0.390278 0.012963 0.066667
2 0.135185 0.426389 0.014815 0.063889
2 0.123611 0.334722 0.012037 0.047222
6 0.220833 0.350694 0.028704 0.068056
6 0.211111 0.327083 0.033333 0.068056
2 0.166204 0.394444 0.012037 0.041667
2 0.19213 0.393056 0.012037 0.044444
9 0.169444 0.320139 0.044444 0.104167
2 0.269444 0.264583 0.009259 0.034722
9 0.171759 0.254167 0.023148 0.030556
2 0.131944 0.270139 0.008333 0.034722
0 0.90787 0.4125 0.012037 0.061111
0 0.893981 0.409722 0.010185 0.063889
0 0.881944 0.40625 0.010185 0.068056
2 0.140741 0.369444 0.011111 0.058333
