2 0.861574 0.345833 0.047222 0.080556
2 0.59213 0.343056 0.028704 0.097222
2 0.875 0.480556 0.037037 0.133333
2 0.325463 0.250694 0.017593 0.059722
2 0.963426 0.327778 0.036111 0.072222
6 0.290741 0.202778 0.031481 0.047222
0 0.975 0.50625 0.035185 0.065278
0 0.046296 0.510417 0.022222 0.073611
2 0.546759 0.239583 0.015741 0.048611
2 0.450926 0.156944 0.009259 0.025
2 0.340741 0.149306 0.009259 0.029167
0 0.058333 0.434722 0.025926 0.052778
12 0.369444 0.147222 0.037037 0.083333
11 0.424537 0.16875 0.026852 0.065278
