2 0.280093 0.304167 0.021296 0.083333
2 0.1625 0.779861 0.056481 0.226389
2 0.651852 0.316667 0.025926 0.075
2 0.706019 0.489583 0.039815 0.143056
2 0.843981 0.59375 0.056481 0.159722
2 0.842593 0.445833 0.035185 0.116667
2 0.783796 0.484028 0.043519 0.131944
2 0.518519 0.259722 0.018519 0.069444
2 0.590741 0.290278 0.02037 0.063889
2 0.386574 0.23125 0.019444 0.0625
6 0.580093 0.513194 0.125 0.176389
6 0.457407 0.286111 0.085185 0.077778
6 0.901852 0.826389 0.190741 0.305556
6 0.333796 0.217361 0.034259 0.048611
2 0.860648 0.397222 0.030556 0.086111
2 0.947222 0.345833 0.033333 0.077778
2 0.786574 0.296528 0.037963 0.065278
2 0.406019 0.256944 0.023148 0.075
2 0.482407 0.229861 0.014815 0.051389
2 0.502315 0.204167 0.012037 0.044444
2 0.484259 0.196528 0.014815 0.051389
2 0.446296 0.195833 0.012963 0.041667
2 0.452778 0.163889 0.011111 0.036111
2 0.336111 0.177083 0.012963 0.043056
6 0.547685 0.209028 0.039815 0.048611
6 0.470833 0.155556 0.023148 0.030556
0 0.064352 0.456944 0.028704 0.102778
