2 0.781944 0.6125 0.056481 0.175
2 0.201852 0.631944 0.042593 0.183333
2 0.308796 0.819444 0.060185 0.252778
2 0.240741 0.377083 0.025926 0.090278
2 0.619907 0.31875 0.023148 0.084722
2 0.251852 0.504861 0.035185 0.1375
2 0.303704 0.528472 0.035185 0.1375
2 0.833796 0.460417 0.034259 0.126389
2 0.584722 0.327778 0.025 0.088889
2 0.790278 0.327083 0.04537 0.068056
2 0.077315 0.421528 0.065741 0.106944
2 0.313889 0.275694 0.018519 0.070833
2 0.05 0.895833 0.075926 0.183333
2 0.92963 0.370833 0.027778 0.080556
2 0.482407 0.258333 0.02037 0.072222
6 0.389352 0.329861 0.060185 0.118056
6 0.37963 0.240278 0.040741 0.055556
2 0.721759 0.303472 0.039815 0.068056
2 0.875463 0.308333 0.043519 0.061111
2 0.944907 0.327778 0.036111 0.063889
2 0.502778 0.274306 0.014815 0.0625
2 0.518056 0.265972 0.013889 0.059722
2 0.537963 0.224306 0.012963 0.048611
2 0.510185 0.218056 0.012963 0.044444
2 0.301852 0.265278 0.012963 0.055556
2 0.268519 0.309722 0.018519 0.066667
2 0.287037 0.24375 0.012963 0.048611
2 0.330093 0.213194 0.010185 0.040278
2 0.352315 0.197917 0.012037 0.043056
2 0.434259 0.189583 0.009259 0.0375
2 0.452315 0.185417 0.010185 0.034722
2 0.477778 0.205556 0.009259 0.033333
2 0.488889 0.2125 0.012963 0.038889
2 0.369907 0.177083 0.010185 0.034722
6 0.550926 0.2125 0.031481 0.044444
6 0.4875 0.170139 0.030556 0.0375
6 0.405093 0.151389 0.019444 0.027778
