2 0.659259 0.708333 0.057407 0.213889
2 0.090278 0.8 0.063889 0.233333
2 0.758796 0.55625 0.049074 0.154167
2 0.602315 0.306944 0.023148 0.072222
2 0.096759 0.579167 0.04537 0.158333
2 0.885648 0.372917 0.039815 0.0875
2 0.80463 0.448611 0.040741 0.136111
2 0.547222 0.294444 0.022222 0.075
2 0.2625 0.436111 0.050926 0.111111
2 0.319907 0.369444 0.028704 0.102778
2 0.491204 0.266667 0.017593 0.061111
2 0.961111 0.620833 0.057407 0.138889
2 0.525 0.272222 0.018519 0.063889
2 0.423148 0.251389 0.024074 0.063889
2 0.32037 0.280556 0.024074 0.075
2 0.363889 0.365972 0.024074 0.084722
2 0.215278 0.425694 0.030556 0.123611
2 0.59213 0.253472 0.017593 0.059722
6 0.920833 0.8125 0.14537 0.275
6 0.791667 0.318056 0.105556 0.069444
6 0.393981 0.46875 0.089815 0.184722
2 0.264815 0.376389 0.024074 0.069444
2 0.231944 0.357639 0.041667 0.079167
2 0.288889 0.245833 0.014815 0.058333
2 0.363426 0.214583 0.013889 0.051389
2 0.344907 0.215972 0.012037 0.045833
2 0.327315 0.220833 0.012037 0.044444
2 0.306019 0.219444 0.012037 0.047222
2 0.319444 0.190972 0.009259 0.0375
2 0.47963 0.193056 0.009259 0.038889
2 0.461111 0.180556 0.011111 0.033333
6 0.546759 0.209028 0.037963 0.048611
6 0.487963 0.170833 0.02963 0.038889
6 0.427778 0.145139 0.022222 0.031944
6 0.375 0.186111 0.027778 0.038889
6 0.371296 0.15 0.022222 0.033333
0 0.05 0.509722 0.024074 0.111111
