2 0.460648 0.599306 0.043519 0.126389
2 0.244907 0.677083 0.034259 0.129167
2 0.454167 0.900694 0.063889 0.168056
2 0.278704 0.797917 0.042593 0.145833
2 0.161574 0.586806 0.030556 0.115278
2 0.371759 0.896528 0.050926 0.168056
2 0.420833 0.752083 0.049074 0.148611
2 0.205093 0.76875 0.036111 0.140278
2 0.583796 0.436806 0.037963 0.0625
2 0.197685 0.652083 0.030556 0.101389
2 0.315741 0.916667 0.046296 0.138889
2 0.328241 0.741667 0.049074 0.158333
2 0.523148 0.444444 0.031481 0.069444
2 0.356481 0.349306 0.02037 0.0625
2 0.300926 0.656944 0.033333 0.105556
2 0.212037 0.593056 0.027778 0.097222
2 0.280556 0.605556 0.02963 0.105556
2 0.234722 0.566667 0.030556 0.105556
6 0.344907 0.556944 0.097222 0.169444
6 0.288426 0.457639 0.058333 0.084722
11 0.230556 0.343056 0.062963 0.122222
2 0.168519 0.500694 0.018519 0.073611
2 0.188426 0.485417 0.019444 0.081944
2 0.210185 0.516667 0.02037 0.069444
2 0.2125 0.463194 0.019444 0.059722
2 0.258333 0.547917 0.024074 0.093056
2 0.232407 0.435417 0.02037 0.065278
2 0.254167 0.482639 0.026852 0.0875
2 0.131481 0.524306 0.022222 0.081944
2 0.122222 0.474306 0.014815 0.056944
2 0.143519 0.460417 0.014815 0.0625
2 0.168519 0.440278 0.012963 0.055556
2 0.109722 0.430556 0.013889 0.066667
2 0.121296 0.418056 0.012963 0.055556
2 0.140278 0.415278 0.012037 0.036111
2 0.196759 0.429167 0.013889 0.052778
6 0.243981 0.286806 0.028704 0.040278
6 0.269444 0.274306 0.025926 0.034722
2 0.289352 0.291667 0.010185 0.030556
12 0.175 0.341667 0.040741 0.094444
11 0.184259 0.255556 0.024074 0.052778
2 0.149537 0.300694 0.006481 0.0375
2 0.115741 0.368056 0.009259 0.038889
2 0.126852 0.375694 0.009259 0.040278
2 0.182407 0.436806 0.012963 0.045833
0 0.068056 0.425694 0.013889 0.065278
2 0.505556 0.363194 0.016667 0.056944
0 0.068056 0.609028 0.017593 0.076389
