2 0.1875 0.406944 0.069444 0.119444
2 0.2625 0.381944 0.028704 0.113889
2 0.132407 0.799306 0.07037 0.2375
2 0.316667 0.578472 0.040741 0.159722
2 0.243981 0.602778 0.04537 0.177778
2 0.854167 0.670833 0.065741 0.183333
2 0.781019 0.54375 0.05463 0.151389
2 0.697222 0.365972 0.031481 0.098611
2 0.272685 0.288194 0.019444 0.070833
2 0.136111 0.632639 0.053704 0.145833
2 0.312963 0.304861 0.02037 0.081944
2 0.331944 0.281944 0.019444 0.072222
2 0.091204 0.425 0.075 0.116667
6 0.424074 0.324306 0.062963 0.101389
11 0.574537 0.338889 0.171296 0.316667
2 0.300926 0.229167 0.012963 0.038889
2 0.365741 0.19375 0.012963 0.0375
2 0.347685 0.180556 0.012037 0.038889
2 0.305556 0.278472 0.014815 0.0625
2 0.410185 0.246528 0.025926 0.051389
2 0.971296 0.666667 0.044444 0.147222
11 0.468981 0.236111 0.041667 0.077778
12 0.422222 0.154167 0.042593 0.088889
6 0.291204 0.206944 0.032407 0.05
6 0.368519 0.138194 0.02963 0.048611
0 0.975 0.509722 0.038889 0.072222
