2 0.140278 0.579861 0.058333 0.109722
2 0.314352 0.818056 0.047222 0.177778
2 0.407407 0.89375 0.051852 0.173611
2 0.675463 0.425 0.037963 0.069444
2 0.90463 0.500694 0.033333 0.090278
2 0.76713 0.651389 0.056481 0.111111
2 0.65463 0.531944 0.042593 0.083333
2 0.503704 0.44375 0.033333 0.093056
2 0.968519 0.832639 0.048148 0.126389
2 0.965278 0.497917 0.030556 0.093056
2 0.62963 0.455556 0.044444 0.072222
2 0.186574 0.585417 0.030556 0.106944
2 0.418981 0.397917 0.023148 0.076389
2 0.285648 0.448611 0.025 0.061111
2 0.155556 0.397917 0.018519 0.068056
2 0.389352 0.386806 0.021296 0.059722
6 0.711574 0.746528 0.186111 0.195833
5 0.475 0.730556 0.142593 0.2
6 0.225 0.444444 0.061111 0.102778
6 0.239352 0.369444 0.04537 0.069444
9 0.286111 0.585417 0.112963 0.240278
2 0.22037 0.536806 0.024074 0.095833
2 0.173148 0.541667 0.016667 0.072222
2 0.179167 0.481944 0.019444 0.066667
2 0.174537 0.440972 0.017593 0.054167
2 0.196296 0.395139 0.014815 0.054167
2 0.204167 0.340278 0.012037 0.05
2 0.191204 0.352778 0.013889 0.041667
2 0.170833 0.350694 0.012037 0.048611
2 0.178704 0.333333 0.009259 0.044444
2 0.184259 0.316667 0.011111 0.038889
2 0.15787 0.323611 0.008333 0.038889
2 0.373148 0.356944 0.014815 0.052778
2 0.294444 0.355556 0.012963 0.047222
2 0.284259 0.335417 0.014815 0.043056
2 0.308333 0.307639 0.009259 0.043056
2 0.314815 0.297222 0.009259 0.036111
2 0.253704 0.297917 0.012963 0.045833
2 0.163889 0.30625 0.009259 0.034722
5 0.331019 0.350694 0.050926 0.056944
2 0.161574 0.277083 0.008333 0.031944
2 0.153704 0.284722 0.007407 0.033333
2 0.146296 0.284722 0.007407 0.033333
6 0.182407 0.272222 0.024074 0.036111
2 0.513889 0.3625 0.022222 0.055556
