2 0.436111 0.89375 0.051852 0.165278
2 0.840278 0.645139 0.05463 0.118056
2 0.319444 0.726389 0.038889 0.15
2 0.40463 0.686111 0.040741 0.144444
2 0.3 0.600694 0.031481 0.1125
2 0.559259 0.892361 0.075926 0.193056
2 0.430556 0.569444 0.038889 0.119444
2 0.210185 0.595139 0.02963 0.115278
2 0.257407 0.615972 0.02963 0.118056
2 0.166667 0.494444 0.024074 0.091667
2 0.722222 0.597917 0.051852 0.098611
2 0.327315 0.4625 0.025 0.091667
2 0.287963 0.44375 0.022222 0.076389
2 0.395833 0.570833 0.030556 0.105556
2 0.358333 0.368056 0.02037 0.061111
2 0.815278 0.934028 0.065741 0.098611
2 0.300463 0.5125 0.026852 0.088889
2 0.196296 0.500694 0.022222 0.090278
2 0.248148 0.525694 0.025926 0.084722
6 0.885185 0.836806 0.22037 0.229167
10 0.59537 0.565972 0.214815 0.276389
2 0.254167 0.444444 0.017593 0.072222
2 0.264352 0.399306 0.019444 0.054167
2 0.236574 0.407639 0.017593 0.070833
2 0.224074 0.431944 0.018519 0.069444
2 0.206019 0.44375 0.013889 0.079167
2 0.185648 0.421528 0.019444 0.059722
2 0.193056 0.354167 0.012037 0.055556
2 0.177778 0.372917 0.012963 0.056944
2 0.474074 0.406944 0.022222 0.063889
2 0.47963 0.463889 0.025926 0.063889
2 0.634259 0.458333 0.040741 0.058333
2 0.151389 0.345139 0.015741 0.048611
6 0.191667 0.286111 0.027778 0.044444
6 0.244444 0.290278 0.037037 0.036111
2 0.134259 0.331944 0.011111 0.047222
2 0.170833 0.270833 0.010185 0.036111
2 0.126852 0.302083 0.011111 0.034722
2 0.160648 0.257639 0.008333 0.029167
2 0.328241 0.329167 0.008333 0.044444
0 0.094907 0.577083 0.021296 0.104167
2 0.517593 0.298611 0.024074 0.047222
2 0.152778 0.284722 0.009259 0.036111
