2 0.387037 0.773611 0.048148 0.15
2 0.306019 0.779861 0.04537 0.159722
2 0.330556 0.918056 0.051852 0.138889
2 0.350926 0.680556 0.042593 0.133333
2 0.225926 0.689583 0.037037 0.145833
2 0.552778 0.454167 0.024074 0.072222
2 0.234722 0.59375 0.030556 0.118056
2 0.482407 0.877083 0.103704 0.2125
2 0.953704 0.860417 0.077778 0.168056
2 0.174074 0.477778 0.022222 0.086111
2 0.188889 0.571528 0.025926 0.109722
2 0.147222 0.502778 0.024074 0.077778
2 0.506944 0.429167 0.030556 0.058333
2 0.153241 0.6 0.028704 0.113889
2 0.462037 0.864583 0.059259 0.184722
6 0.434722 0.652083 0.121296 0.159722
6 0.302778 0.484722 0.077778 0.133333
6 0.216667 0.454167 0.057407 0.083333
11 0.206481 0.2875 0.068519 0.141667
2 0.128704 0.463194 0.016667 0.070833
2 0.138889 0.436111 0.014815 0.061111
2 0.160648 0.450694 0.015741 0.065278
2 0.152315 0.424306 0.015741 0.0625
2 0.138889 0.388194 0.014815 0.043056
2 0.114815 0.353472 0.022222 0.051389
2 0.134259 0.356944 0.014815 0.052778
2 0.149537 0.315278 0.013889 0.05
2 0.178241 0.415972 0.019444 0.0625
2 0.218981 0.386111 0.021296 0.058333
2 0.708796 0.389583 0.025 0.059722
2 0.387037 0.3 0.024074 0.047222
2 0.255556 0.259722 0.011111 0.030556
2 0.248148 0.249306 0.007407 0.029167
2 0.263889 0.243056 0.009259 0.025
2 0.210648 0.55 0.028704 0.1
6 0.255556 0.401389 0.053704 0.077778
