2 0.490278 0.591667 0.078704 0.161111
2 0.957407 0.629861 0.07037 0.165278
2 0.459259 0.417361 0.066667 0.106944
2 0.739352 0.354167 0.032407 0.091667
2 0.75787 0.565278 0.049074 0.152778
2 0.872685 0.568056 0.041667 0.138889
2 0.780556 0.411111 0.031481 0.102778
2 0.618519 0.343056 0.024074 0.080556
2 0.854167 0.490972 0.036111 0.118056
2 0.793056 0.549306 0.030556 0.140278
2 0.906944 0.525694 0.039815 0.129167
2 0.432407 0.285417 0.018519 0.076389
2 0.817593 0.461806 0.031481 0.106944
2 0.671296 0.424306 0.033333 0.104167
2 0.381481 0.238889 0.02037 0.055556
2 0.651389 0.384722 0.028704 0.088889
2 0.75463 0.477083 0.037037 0.093056
6 0.639352 0.547222 0.143519 0.194444
6 0.208333 0.860417 0.194444 0.2625
9 0.527778 0.313889 0.140741 0.255556
6 0.842593 0.30625 0.12037 0.073611
6 0.356019 0.211806 0.025 0.040278
6 0.411574 0.150694 0.017593 0.0375
6 0.369907 0.161806 0.026852 0.040278
2 0.962037 0.355556 0.037037 0.077778
2 0.921759 0.3375 0.041667 0.072222
2 0.893056 0.363194 0.032407 0.070833
2 0.842593 0.378472 0.035185 0.073611
2 0.863426 0.43125 0.030556 0.090278
2 0.681944 0.370139 0.021296 0.090278
2 0.660185 0.320139 0.024074 0.079167
2 0.640741 0.29375 0.018519 0.0625
2 0.613889 0.288194 0.02037 0.065278
2 0.347685 0.228472 0.012037 0.0375
2 0.315278 0.215278 0.010185 0.038889
2 0.32963 0.204167 0.011111 0.044444
2 0.450926 0.175 0.014815 0.041667
2 0.070833 0.404167 0.062037 0.072222
