2 0.229167 0.418056 0.025 0.097222
2 0.168056 0.440972 0.032407 0.123611
2 0.508796 0.407639 0.060185 0.1125
2 0.265278 0.415972 0.026852 0.118056
2 0.811574 0.415278 0.034259 0.108333
2 0.193981 0.392361 0.025 0.081944
2 0.958333 0.604167 0.061111 0.155556
2 0.635648 0.298611 0.021296 0.072222
2 0.335185 0.926389 0.131481 0.133333
2 0.365741 0.443056 0.068519 0.108333
2 0.922685 0.368056 0.037963 0.080556
2 0.419444 0.411111 0.057407 0.1
2 0.869907 0.425694 0.025 0.084722
2 0.88287 0.513889 0.041667 0.119444
2 0.471296 0.260417 0.031481 0.0625
2 0.43287 0.354167 0.039815 0.102778
2 0.291667 0.390972 0.022222 0.093056
2 0.312963 0.3625 0.022222 0.091667
6 0.666204 0.622222 0.156481 0.208333
6 0.88287 0.697917 0.206481 0.240278
6 0.371296 0.222917 0.037037 0.0625
4 0.533796 0.282639 0.071296 0.090278
1 0.593519 0.304861 0.048148 0.079167
2 0.841667 0.308333 0.048148 0.069444
2 0.369907 0.342361 0.021296 0.093056
2 0.349537 0.358333 0.023148 0.077778
2 0.332407 0.344444 0.02037 0.086111
2 0.265741 0.31875 0.018519 0.073611
2 0.234722 0.3625 0.021296 0.072222
2 0.247222 0.30625 0.014815 0.068056
2 0.271759 0.251389 0.017593 0.055556
2 0.3 0.29375 0.016667 0.054167
2 0.288889 0.327083 0.018519 0.0625
2 0.286111 0.281944 0.016667 0.058333
2 0.314815 0.308333 0.014815 0.058333
2 0.308333 0.233333 0.012963 0.052778
2 0.29213 0.217361 0.012037 0.043056
2 0.488426 0.225 0.013889 0.05
2 0.525 0.228472 0.014815 0.045833
2 0.465741 0.175 0.012963 0.033333
6 0.3375 0.174306 0.019444 0.0375
6 0.975 0.304861 0.035185 0.0625
2 0.069907 0.402778 0.056481 0.066667
2 0.351389 0.279861 0.017593 0.0625
