2 0.593056 0.302083 0.039815 0.076389
2 0.903704 0.527778 0.05 0.111111
2 0.303241 0.270833 0.019444 0.069444
2 0.560648 0.252083 0.019444 0.059722
2 0.624537 0.294444 0.021296 0.072222
2 0.404167 0.243056 0.021296 0.058333
6 0.888889 0.675694 0.207407 0.234722
6 0.482407 0.302083 0.059259 0.093056
6 0.60463 0.409028 0.105556 0.123611
6 0.444444 0.21875 0.035185 0.059722
2 0.340278 0.188889 0.010185 0.038889
2 0.322222 0.230556 0.014815 0.044444
2 0.303241 0.228472 0.012037 0.040278
2 0.373611 0.163889 0.010185 0.033333
6 0.547685 0.211111 0.036111 0.044444
6 0.487963 0.173611 0.02963 0.041667
6 0.448148 0.172222 0.033333 0.036111
6 0.284259 0.215972 0.035185 0.051389
2 0.105093 0.409722 0.065741 0.113889
