2 0.942593 0.715278 0.068519 0.116667
2 0.540278 0.575 0.050926 0.105556
2 0.279167 0.632639 0.036111 0.1375
2 0.435648 0.419444 0.028704 0.069444
2 0.341667 0.684028 0.040741 0.129167
2 0.223148 0.520139 0.024074 0.093056
2 0.205556 0.648611 0.035185 0.133333
2 0.174537 0.528472 0.021296 0.084722
2 0.193056 0.5625 0.028704 0.097222
2 0.576389 0.528472 0.028704 0.084722
2 0.20787 0.413194 0.021296 0.070833
2 0.151389 0.483333 0.013889 0.086111
2 0.177778 0.442361 0.011111 0.0625
6 0.556944 0.847222 0.186111 0.255556
6 0.36713 0.866667 0.152778 0.236111
6 0.388426 0.355556 0.062037 0.063889
6 0.31713 0.363889 0.043519 0.058333
6 0.259259 0.495833 0.059259 0.1
6 0.499537 0.4875 0.087963 0.088889
5 0.269444 0.316667 0.035185 0.047222
6 0.225926 0.375694 0.048148 0.070833
11 0.371759 0.553472 0.134259 0.254167
2 0.556481 0.486111 0.02963 0.066667
2 0.582407 0.488194 0.024074 0.065278
2 0.5875 0.440972 0.04537 0.059722
2 0.656944 0.388889 0.023148 0.058333
6 0.378241 0.432639 0.065741 0.076389
2 0.342593 0.338194 0.011111 0.054167
0 0.060648 0.525 0.017593 0.086111
2 0.125 0.390972 0.014815 0.056944
2 0.150926 0.40625 0.014815 0.0625
2 0.136574 0.445833 0.015741 0.077778
2 0.165741 0.381944 0.011111 0.063889
2 0.180093 0.395139 0.013889 0.048611
6 0.210648 0.3375 0.034259 0.055556
2 0.140278 0.331944 0.010185 0.044444
6 0.233796 0.279861 0.023148 0.031944
2 0.155093 0.334722 0.010185 0.038889
2 0.314352 0.327083 0.012037 0.029167
2 0.306019 0.30625 0.010185 0.0375
2 0.168056 0.343056 0.010185 0.038889
