2 0.163426 0.577083 0.041667 0.159722
2 0.696759 0.522917 0.049074 0.1375
2 0.435648 0.295139 0.025 0.079167
2 0.347222 0.377778 0.035185 0.127778
2 0.770833 0.448611 0.041667 0.127778
2 0.161111 0.435417 0.027778 0.106944
2 0.410185 0.304167 0.022222 0.091667
2 0.958333 0.751389 0.066667 0.194444
2 0.24537 0.321528 0.024074 0.084722
2 0.712963 0.450694 0.037037 0.106944
2 0.653704 0.380556 0.027778 0.097222
2 0.584722 0.29375 0.026852 0.068056
2 0.311574 0.265278 0.017593 0.061111
2 0.275463 0.286806 0.019444 0.056944
2 0.624074 0.308333 0.022222 0.069444
6 0.282407 0.379861 0.066667 0.140278
6 0.838889 0.918056 0.288889 0.141667
11 0.556944 0.44375 0.137963 0.2875
2 0.653241 0.327778 0.028704 0.066667
2 0.493981 0.275694 0.015741 0.056944
2 0.523148 0.26875 0.018519 0.054167
2 0.543981 0.284028 0.019444 0.048611
2 0.502315 0.25 0.017593 0.05
2 0.477778 0.234028 0.012963 0.045833
2 0.337963 0.206944 0.011111 0.044444
2 0.319444 0.226389 0.012963 0.05
2 0.493519 0.21875 0.009259 0.043056
2 0.350926 0.288194 0.024074 0.073611
6 0.549537 0.211806 0.034259 0.048611
6 0.44537 0.220139 0.033333 0.045833
6 0.489815 0.170139 0.031481 0.040278
11 0.423611 0.170139 0.030556 0.068056
0 0.560185 0.259028 0.016667 0.0625
