2 0.440741 0.275694 0.02963 0.070833
2 0.309259 0.423611 0.02963 0.122222
2 0.290278 0.540972 0.036111 0.148611
2 0.2625 0.407639 0.030556 0.118056
2 0.306944 0.324306 0.023148 0.084722
2 0.333796 0.313889 0.021296 0.086111
2 0.256944 0.293056 0.021296 0.077778
2 0.418056 0.258333 0.019444 0.063889
2 0.185648 0.931944 0.069444 0.116667
2 0.390278 0.228472 0.015741 0.051389
6 0.3875 0.371528 0.078704 0.154167
6 0.50463 0.204861 0.038889 0.056944
0 0.692593 0.297917 0.012963 0.065278
0 0.703241 0.311111 0.013889 0.047222
0 0.215741 0.254861 0.014815 0.056944
1 0.069907 0.415278 0.071296 0.116667
2 0.106481 0.405556 0.066667 0.091667
2 0.280093 0.264583 0.015741 0.0625
2 0.293519 0.215278 0.012963 0.047222
2 0.319907 0.210417 0.012037 0.048611
2 0.334722 0.213889 0.012037 0.05
2 0.366204 0.196528 0.010185 0.048611
2 0.348611 0.185417 0.010185 0.043056
2 0.430093 0.148611 0.008333 0.033333
6 0.547685 0.208333 0.034259 0.047222
6 0.487963 0.174306 0.031481 0.040278
6 0.371759 0.161111 0.021296 0.036111
