2 0.114352 0.607639 0.04537 0.168056
2 0.169444 0.392361 0.061111 0.101389
2 0.281481 0.448611 0.033333 0.130556
2 0.798611 0.615278 0.049074 0.172222
2 0.255556 0.384028 0.025926 0.098611
2 0.723611 0.497917 0.041667 0.143056
2 0.234722 0.653472 0.041667 0.181944
2 0.895833 0.654861 0.071296 0.170833
2 0.853241 0.514583 0.049074 0.1375
2 0.980556 0.348611 0.025926 0.075
2 0.950463 0.772222 0.078704 0.175
2 0.202778 0.5125 0.040741 0.155556
2 0.96713 0.6375 0.049074 0.144444
2 0.262963 0.304167 0.022222 0.072222
6 0.832407 0.397222 0.075926 0.119444
12 0.414352 0.60625 0.250926 0.770833
11 0.609259 0.434722 0.188889 0.322222
12 0.466667 0.199306 0.083333 0.170833
2 0.786111 0.491667 0.046296 0.125
2 0.296759 0.273611 0.013889 0.069444
2 0.270833 0.259028 0.015741 0.056944
2 0.315741 0.243056 0.011111 0.047222
2 0.542593 0.234722 0.014815 0.041667
2 0.513426 0.215972 0.013889 0.051389
2 0.641204 0.288889 0.019444 0.058333
11 0.37037 0.127778 0.02963 0.075
6 0.549074 0.208333 0.033333 0.047222
