2 0.408796 0.386806 0.056481 0.101389
2 0.300926 0.343056 0.025926 0.091667
2 0.119444 0.554861 0.042593 0.148611
2 0.264352 0.400694 0.030556 0.120833
2 0.855093 0.722222 0.071296 0.166667
2 0.625463 0.402083 0.030556 0.109722
2 0.712963 0.4 0.038889 0.108333
2 0.942593 0.874306 0.103704 0.218056
2 0.602315 0.294444 0.019444 0.063889
2 0.629167 0.321528 0.025 0.076389
4 0.122685 0.402778 0.134259 0.113889
2 0.394444 0.315972 0.02963 0.081944
6 0.688426 0.709722 0.20463 0.258333
6 0.847685 0.598611 0.173148 0.202778
6 0.472222 0.271528 0.048148 0.070833
6 0.451852 0.228472 0.042593 0.059722
11 0.543056 0.40625 0.112037 0.215278
11 0.35787 0.2125 0.04537 0.111111
2 0.562963 0.279861 0.016667 0.051389
2 0.569907 0.259028 0.017593 0.054167
2 0.530556 0.238194 0.012963 0.054167
2 0.478241 0.211111 0.015741 0.047222
2 0.498148 0.2 0.012963 0.038889
2 0.331944 0.1875 0.010185 0.044444
6 0.550463 0.209722 0.032407 0.047222
6 0.414352 0.167361 0.025 0.043056
6 0.477315 0.159028 0.026852 0.0375
