2 0.946296 0.723611 0.064815 0.125
2 0.221759 0.765972 0.039815 0.156944
2 0.286111 0.902083 0.048148 0.165278
2 0.187963 0.588194 0.02963 0.106944
2 0.428704 0.888889 0.055556 0.172222
2 0.726852 0.471528 0.033333 0.081944
2 0.247685 0.666667 0.034259 0.119444
2 0.852315 0.704861 0.050926 0.126389
2 0.359722 0.752083 0.04537 0.143056
2 0.572685 0.484722 0.032407 0.072222
2 0.466204 0.579167 0.043519 0.094444
2 0.528704 0.64375 0.053704 0.123611
2 0.294907 0.678472 0.036111 0.1375
2 0.478241 0.659028 0.058333 0.134722
2 0.366667 0.677778 0.040741 0.122222
2 0.742593 0.597917 0.048148 0.079167
2 0.141667 0.520833 0.025926 0.094444
2 0.218519 0.565972 0.024074 0.095833
6 0.321759 0.485417 0.082407 0.129167
6 0.312037 0.571528 0.075926 0.1375
6 0.247685 0.370833 0.043519 0.069444
11 0.69537 0.764583 0.290741 0.3375
2 0.185185 0.528472 0.02037 0.068056
2 0.170833 0.452778 0.019444 0.080556
2 0.146759 0.458333 0.017593 0.077778
2 0.248148 0.588889 0.022222 0.080556
2 0.25463 0.555556 0.02037 0.080556
2 0.258333 0.504167 0.02037 0.091667
2 0.243056 0.436806 0.021296 0.073611
2 0.223611 0.488194 0.021296 0.073611
2 0.200926 0.476389 0.025926 0.102778
2 0.216667 0.436111 0.014815 0.055556
2 0.155093 0.400694 0.013889 0.054167
2 0.137963 0.409722 0.014815 0.066667
2 0.121296 0.359722 0.011111 0.05
2 0.143519 0.368056 0.012963 0.044444
6 0.193056 0.388194 0.041667 0.073611
2 0.131944 0.353472 0.010185 0.040278
6 0.216667 0.330556 0.037037 0.061111
2 0.156944 0.324306 0.008333 0.031944
2 0.159259 0.2875 0.009259 0.038889
6 0.202315 0.30625 0.026852 0.048611
2 0.115741 0.308333 0.007407 0.033333
2 0.121296 0.328472 0.007407 0.029167
2 0.140741 0.327778 0.007407 0.033333
2 0.149537 0.345139 0.012037 0.0375
2 0.277315 0.275 0.012037 0.033333
2 0.318981 0.304861 0.012037 0.040278
2 0.587037 0.440972 0.038889 0.065278
2 0.503241 0.494444 0.030556 0.077778
2 0.502778 0.439583 0.025926 0.059722
0 0.905093 0.425694 0.017593 0.070833
0 0.922222 0.443056 0.016667 0.066667
2 0.765278 0.443056 0.032407 0.058333
