2 0.225 0.652778 0.040741 0.191667
2 0.643981 0.379167 0.026852 0.1
2 0.264352 0.486111 0.032407 0.133333
2 0.290278 0.302083 0.019444 0.079167
2 0.540278 0.370833 0.025 0.105556
2 0.860185 0.431944 0.035185 0.122222
2 0.297222 0.417361 0.031481 0.118056
2 0.564815 0.356944 0.022222 0.094444
2 0.31713 0.250694 0.017593 0.059722
2 0.203241 0.384028 0.026852 0.101389
2 0.899074 0.55 0.048148 0.161111
2 0.585185 0.323611 0.022222 0.088889
2 0.5375 0.273611 0.019444 0.066667
2 0.217593 0.343056 0.025926 0.086111
5 0.823611 0.377778 0.080556 0.105556
11 0.478704 0.236111 0.077778 0.161111
0 0.216204 0.253472 0.015741 0.0625
2 0.62963 0.270833 0.033333 0.061111
2 0.558333 0.253472 0.018519 0.054167
2 0.345833 0.193056 0.019444 0.05
6 0.547685 0.210417 0.036111 0.054167
