2 0.84537 0.773611 0.068519 0.197222
2 0.30463 0.636111 0.046296 0.166667
2 0.297685 0.836806 0.062037 0.259722
2 0.941667 0.808333 0.072222 0.216667
2 0.723148 0.626389 0.05 0.15
2 0.2125 0.746528 0.062037 0.220833
2 0.197685 0.51875 0.037963 0.129167
2 0.741667 0.357639 0.025926 0.0875
2 0.543519 0.365972 0.025926 0.090278
2 0.346759 0.3625 0.025 0.094444
2 0.221296 0.323611 0.024074 0.083333
2 0.231944 0.584028 0.037963 0.129167
2 0.496296 0.371528 0.048148 0.098611
2 0.284722 0.352778 0.025 0.088889
2 0.188889 0.398611 0.062963 0.097222
2 0.644444 0.400694 0.02963 0.106944
2 0.301852 0.526389 0.035185 0.105556
2 0.321296 0.324306 0.02037 0.084722
2 0.85787 0.36875 0.028704 0.095833
2 0.686574 0.361806 0.052778 0.0875
2 0.923148 0.594444 0.044444 0.138889
2 0.715741 0.441667 0.038889 0.102778
2 0.871759 0.617361 0.063889 0.1375
2 0.813889 0.671528 0.062963 0.151389
2 0.812037 0.536111 0.053704 0.130556
2 0.909259 0.70625 0.062963 0.129167
2 0.784259 0.470139 0.055556 0.106944
2 0.298611 0.295833 0.017593 0.066667
2 0.729167 0.544444 0.043519 0.113889
6 0.818519 0.918056 0.274074 0.144444
6 0.502315 0.302083 0.099074 0.076389
2 0.05463 0.427778 0.051852 0.102778
2 0.642593 0.348611 0.044444 0.066667
2 0.621759 0.301389 0.017593 0.072222
2 0.646296 0.295139 0.025926 0.068056
2 0.470833 0.259722 0.023148 0.047222
2 0.411574 0.25625 0.023148 0.0625
2 0.332407 0.292361 0.018519 0.068056
2 0.578241 0.255556 0.013889 0.055556
2 0.509259 0.232639 0.014815 0.0625
2 0.535648 0.23125 0.019444 0.051389
2 0.586111 0.311111 0.038889 0.075
2 0.597222 0.283333 0.016667 0.05
6 0.415741 0.167361 0.02963 0.051389
2 0.327778 0.235417 0.012963 0.051389
2 0.356481 0.198611 0.012963 0.044444
2 0.343056 0.198611 0.012037 0.038889
2 0.373148 0.18125 0.011111 0.040278
2 0.308333 0.211111 0.009259 0.041667
11 0.451852 0.15625 0.02963 0.0625
0 0.893519 0.357639 0.016667 0.081944
0 0.929167 0.368056 0.017593 0.080556
