2 0.818519 0.545833 0.055556 0.080556
2 0.227315 0.834722 0.060185 0.163889
2 0.748148 0.586806 0.05 0.109722
2 0.219444 0.710417 0.074074 0.129167
2 0.155093 0.529167 0.023148 0.088889
2 0.206019 0.466667 0.023148 0.075
2 0.198611 0.568056 0.028704 0.102778
2 0.158333 0.434028 0.02037 0.070833
2 0.170833 0.596528 0.030556 0.115278
2 0.184259 0.493056 0.027778 0.080556
0 0.966667 0.627778 0.022222 0.086111
6 0.605093 0.880556 0.180556 0.213889
6 0.443981 0.626389 0.119444 0.186111
5 0.843981 0.851389 0.252778 0.25
5 0.396296 0.436806 0.074074 0.093056
9 0.575 0.532639 0.203704 0.265278
10 0.270833 0.393056 0.100926 0.194444
9 0.3625 0.756944 0.208333 0.444444
10 0.325 0.327083 0.092593 0.131944
2 0.190741 0.638194 0.024074 0.131944
2 0.175926 0.416667 0.018519 0.063889
2 0.210648 0.431944 0.013889 0.069444
2 0.254167 0.514583 0.026852 0.0875
2 0.278241 0.495833 0.028704 0.077778
2 0.352778 0.503472 0.022222 0.0875
0 0.484259 0.366667 0.012963 0.055556
0 0.496759 0.365278 0.012037 0.061111
0 0.519907 0.363194 0.012037 0.0625
2 0.423148 0.374306 0.018519 0.056944
2 0.380556 0.347917 0.014815 0.054167
6 0.199074 0.295833 0.02963 0.041667
2 0.131019 0.361806 0.013889 0.045833
2 0.163889 0.375694 0.014815 0.048611
6 0.213426 0.361806 0.019444 0.059722
2 0.131019 0.327778 0.010185 0.038889
2 0.248148 0.280556 0.02963 0.038889
2 0.953704 0.795833 0.062963 0.141667
2 0.198611 0.331944 0.019444 0.044444
2 0.168056 0.341667 0.010185 0.041667
2 0.156019 0.301389 0.010185 0.036111
6 0.177778 0.256944 0.02037 0.033333
2 0.169907 0.288194 0.012037 0.031944
2 0.17037 0.316667 0.009259 0.038889
2 0.275463 0.279167 0.008333 0.038889
