2 0.32963 0.640278 0.042593 0.138889
2 0.274537 0.699306 0.043519 0.145833
2 0.29537 0.863194 0.048148 0.179167
2 0.843056 0.643056 0.056481 0.111111
2 0.1875 0.53125 0.026852 0.101389
2 0.306481 0.543056 0.02963 0.102778
2 0.758796 0.642361 0.062037 0.123611
2 0.229167 0.605556 0.030556 0.125
2 0.50463 0.504861 0.027778 0.093056
2 0.581019 0.509722 0.037963 0.086111
2 0.453704 0.492361 0.025926 0.076389
2 0.92963 0.713194 0.075926 0.106944
2 0.426389 0.551389 0.04537 0.077778
2 0.271296 0.511806 0.024074 0.093056
2 0.669444 0.546528 0.037037 0.081944
2 0.710648 0.552083 0.025 0.0875
2 0.24537 0.53125 0.024074 0.101389
2 0.206944 0.439583 0.021296 0.081944
2 0.135185 0.461806 0.024074 0.081944
2 0.615741 0.496528 0.02963 0.068056
2 0.906944 0.639583 0.047222 0.090278
2 0.268981 0.411111 0.021296 0.063889
2 0.761111 0.56875 0.051852 0.109722
6 0.900926 0.834028 0.187037 0.179167
6 0.462963 0.659028 0.133333 0.156944
10 0.425463 0.386806 0.136111 0.170833
9 0.29537 0.315972 0.068519 0.1125
2 0.1875 0.414583 0.013889 0.0625
2 0.230556 0.360417 0.014815 0.054167
2 0.175926 0.377083 0.012963 0.045833
2 0.178241 0.320833 0.012037 0.038889
2 0.197685 0.309722 0.010185 0.038889
2 0.151389 0.308333 0.010185 0.041667
2 0.162037 0.282639 0.007407 0.034722
6 0.248611 0.292361 0.028704 0.043056
9 0.227315 0.252083 0.043519 0.073611
2 0.553704 0.457639 0.025926 0.059722
2 0.512037 0.442361 0.022222 0.065278
2 0.635185 0.4625 0.033333 0.072222
