2 0.214352 0.588194 0.043519 0.173611
2 0.60787 0.320139 0.026852 0.084722
2 0.7375 0.532639 0.047222 0.156944
2 0.332407 0.868056 0.055556 0.213889
2 0.426389 0.855556 0.050926 0.225
2 0.265741 0.43125 0.031481 0.123611
2 0.335185 0.584722 0.042593 0.161111
2 0.536111 0.31875 0.025926 0.079167
2 0.396296 0.596528 0.038889 0.145833
2 0.140278 0.425 0.065741 0.094444
2 0.434722 0.271528 0.021296 0.068056
2 0.222222 0.397917 0.048148 0.084722
2 0.972222 0.643056 0.037037 0.116667
2 0.865278 0.532639 0.039815 0.118056
2 0.244907 0.321528 0.021296 0.073611
2 0.307407 0.377778 0.027778 0.088889
2 0.977778 0.524306 0.025926 0.081944
2 0.830093 0.302778 0.04537 0.066667
2 0.877778 0.380556 0.02963 0.088889
2 0.406019 0.273611 0.019444 0.061111
6 0.701852 0.314583 0.112963 0.076389
5 0.391204 0.432639 0.082407 0.179167
11 0.363889 0.235417 0.040741 0.1125
2 0.939815 0.344444 0.031481 0.086111
2 0.985185 0.35625 0.02037 0.0625
2 0.218519 0.353472 0.027778 0.0625
2 0.283796 0.322222 0.021296 0.083333
2 0.300463 0.275 0.017593 0.052778
2 0.275463 0.273611 0.017593 0.058333
2 0.31713 0.342361 0.017593 0.073611
2 0.299074 0.219444 0.012963 0.044444
2 0.457407 0.197917 0.012963 0.048611
2 0.555556 0.299306 0.016667 0.065278
6 0.549074 0.211806 0.037037 0.048611
6 0.333333 0.208333 0.025926 0.058333
