2 0.768519 0.716667 0.066667 0.136111
2 0.943056 0.802083 0.056481 0.159722
2 0.237963 0.734028 0.083333 0.134722
2 0.823611 0.461806 0.037963 0.081944
2 0.917593 0.629167 0.066667 0.119444
2 0.402778 0.559028 0.044444 0.1125
2 0.179167 0.580556 0.034259 0.102778
2 0.629167 0.457639 0.047222 0.076389
2 0.267593 0.507639 0.025926 0.090278
2 0.941667 0.565972 0.057407 0.076389
2 0.406481 0.371528 0.022222 0.0625
2 0.360185 0.527083 0.02963 0.095833
6 0.462037 0.433333 0.07037 0.077778
6 0.393056 0.450694 0.069444 0.081944
6 0.326389 0.372222 0.052778 0.061111
6 0.276389 0.453472 0.060185 0.0875
6 0.255556 0.400694 0.048148 0.068056
2 0.236574 0.485417 0.021296 0.076389
2 0.213426 0.499306 0.019444 0.079167
2 0.199074 0.520833 0.02963 0.083333
2 0.165741 0.534028 0.022222 0.079167
2 0.142593 0.529167 0.025926 0.097222
2 0.130556 0.484028 0.02037 0.065278
2 0.118056 0.425694 0.019444 0.070833
2 0.125 0.399306 0.014815 0.056944
2 0.143519 0.402778 0.012963 0.05
2 0.177315 0.464583 0.013889 0.0625
2 0.155556 0.477778 0.014815 0.047222
2 0.181019 0.409028 0.015741 0.056944
2 0.14537 0.3375 0.012963 0.05
2 0.131019 0.330556 0.012037 0.044444
2 0.173148 0.340972 0.012963 0.051389
2 0.194444 0.380556 0.014815 0.041667
2 0.266667 0.272222 0.011111 0.038889
2 0.25 0.252083 0.007407 0.023611
2 0.259259 0.249306 0.009259 0.026389
2 0.953241 0.480556 0.023148 0.066667
2 0.15463 0.280556 0.009259 0.033333
6 0.239815 0.370139 0.037037 0.051389
6 0.220833 0.347917 0.032407 0.045833
6 0.199537 0.330556 0.036111 0.055556
6 0.192593 0.289583 0.025926 0.0375
6 0.182407 0.272222 0.025926 0.038889
6 0.207407 0.249306 0.02037 0.029167
6 0.281019 0.332639 0.039815 0.048611
2 0.2375 0.249306 0.006481 0.020833
2 0.12037 0.300694 0.009259 0.031944
0 0.06713 0.427778 0.015741 0.069444
