2 0.796759 0.665972 0.058333 0.120833
2 0.939815 0.7125 0.068519 0.122222
2 0.220833 0.634722 0.034259 0.125
2 0.668056 0.553472 0.039815 0.0875
2 0.210185 0.529861 0.025926 0.098611
2 0.3375 0.776389 0.049074 0.180556
2 0.464815 0.644444 0.048148 0.138889
2 0.406481 0.572917 0.037037 0.1125
2 0.18287 0.49375 0.025 0.093056
2 0.59213 0.536111 0.039815 0.088889
2 0.148611 0.450694 0.023148 0.0875
2 0.940741 0.840278 0.088889 0.152778
2 0.78287 0.9 0.078704 0.166667
2 0.197685 0.434722 0.023148 0.086111
2 0.387037 0.927083 0.051852 0.134722
2 0.354167 0.336806 0.025 0.056944
2 0.764815 0.884722 0.048148 0.152778
6 0.524537 0.860417 0.175 0.251389
6 0.257407 0.426389 0.053704 0.080556
6 0.209722 0.341667 0.041667 0.058333
6 0.381944 0.427778 0.056481 0.077778
9 0.311111 0.5625 0.116667 0.225
11 0.493981 0.473611 0.136111 0.186111
2 0.165741 0.402778 0.016667 0.061111
2 0.149537 0.370833 0.013889 0.047222
2 0.173148 0.340278 0.011111 0.047222
2 0.167593 0.291667 0.011111 0.036111
2 0.164815 0.328472 0.012963 0.040278
2 0.297685 0.314583 0.013889 0.0375
2 0.325 0.327083 0.012963 0.045833
2 0.386574 0.363194 0.021296 0.056944
2 0.311111 0.299306 0.011111 0.040278
2 0.293056 0.2875 0.012037 0.038889
2 0.130093 0.328472 0.012037 0.045833
2 0.147222 0.328472 0.014815 0.045833
2 0.22963 0.270833 0.009259 0.038889
2 0.259722 0.284722 0.010185 0.033333
2 0.275926 0.301389 0.011111 0.038889
2 0.239815 0.274306 0.009259 0.031944
2 0.146759 0.289583 0.012037 0.0375
2 0.135185 0.285417 0.011111 0.031944
0 0.937037 0.4875 0.024074 0.077778
6 0.489815 0.301389 0.038889 0.05
2 0.601389 0.495833 0.025 0.072222
