2 0.562963 0.922222 0.085185 0.136111
2 0.327315 0.650694 0.034259 0.134722
2 0.631019 0.456944 0.043519 0.080556
2 0.436574 0.789583 0.047222 0.145833
2 0.280556 0.790972 0.048148 0.151389
2 0.369444 0.825 0.051852 0.172222
2 0.248148 0.661806 0.035185 0.115278
2 0.294444 0.919444 0.05 0.136111
2 0.180093 0.616667 0.026852 0.105556
2 0.220833 0.838889 0.043519 0.152778
2 0.35463 0.593056 0.031481 0.116667
2 0.144444 0.539583 0.025926 0.101389
2 0.210648 0.711111 0.036111 0.125
2 0.269907 0.575 0.026852 0.111111
2 0.466667 0.929167 0.051852 0.116667
2 0.375463 0.348611 0.019444 0.058333
2 0.235185 0.576389 0.027778 0.088889
2 0.448148 0.553472 0.040741 0.079167
2 0.364352 0.720139 0.041667 0.090278
6 0.449074 0.659722 0.133333 0.186111
10 0.251852 0.357639 0.072222 0.131944
11 0.311574 0.470833 0.089815 0.183333
2 0.200463 0.501389 0.019444 0.086111
2 0.238426 0.502778 0.019444 0.077778
2 0.165278 0.446528 0.017593 0.079167
2 0.195833 0.59375 0.017593 0.084722
2 0.124074 0.465278 0.016667 0.063889
2 0.137037 0.444444 0.014815 0.058333
2 0.143519 0.39375 0.011111 0.054167
2 0.178704 0.398611 0.014815 0.058333
2 0.181481 0.523611 0.02037 0.080556
2 0.184259 0.468056 0.014815 0.069444
2 0.203241 0.438889 0.017593 0.058333
9 0.193519 0.300694 0.031481 0.070833
6 0.165741 0.321528 0.035185 0.051389
2 0.166204 0.356944 0.012037 0.041667
2 0.158796 0.376389 0.015741 0.044444
2 0.118056 0.293056 0.010185 0.033333
2 0.118056 0.370833 0.010185 0.041667
2 0.123611 0.415278 0.013889 0.05
2 0.134259 0.390278 0.011111 0.044444
2 0.276852 0.271528 0.009259 0.031944
2 0.134722 0.268056 0.008333 0.030556
