2 0.83287 0.654861 0.060185 0.179167
2 0.269907 0.631944 0.043519 0.183333
2 0.118981 0.840972 0.067593 0.2625
2 0.146759 0.41875 0.067593 0.098611
2 0.203704 0.416667 0.031481 0.116667
2 0.351389 0.535417 0.039815 0.148611
2 0.615741 0.454167 0.037037 0.130556
2 0.369907 0.448611 0.034259 0.130556
2 0.344907 0.355556 0.025 0.091667
2 0.375463 0.309028 0.019444 0.076389
2 0.690741 0.384722 0.02963 0.105556
2 0.189352 0.902778 0.080556 0.177778
2 0.950463 0.354167 0.036111 0.088889
2 0.540741 0.3875 0.02963 0.1
2 0.779167 0.460417 0.030556 0.123611
2 0.2875 0.352083 0.04537 0.090278
2 0.517593 0.297222 0.040741 0.072222
2 0.750926 0.533333 0.040741 0.136111
2 0.555093 0.265278 0.019444 0.061111
2 0.605556 0.302778 0.040741 0.055556
2 0.736574 0.461806 0.036111 0.095833
2 0.478704 0.277778 0.042593 0.072222
6 0.658333 0.686806 0.17037 0.240278
6 0.62963 0.394444 0.094444 0.113889
2 0.750926 0.401389 0.02963 0.1
2 0.287037 0.256944 0.016667 0.058333
2 0.347685 0.289583 0.019444 0.059722
2 0.413426 0.243056 0.021296 0.058333
2 0.486574 0.209028 0.013889 0.040278
2 0.345833 0.238889 0.012037 0.047222
2 0.32037 0.234028 0.014815 0.054167
2 0.306944 0.204167 0.015741 0.05
2 0.335648 0.205556 0.013889 0.061111
2 0.4625 0.18125 0.010185 0.034722
6 0.371759 0.19375 0.034259 0.054167
6 0.427315 0.182639 0.032407 0.048611
6 0.488889 0.171528 0.033333 0.043056
6 0.549074 0.211111 0.037037 0.047222
2 0.644907 0.323611 0.041667 0.069444
0 0.221296 0.264583 0.016667 0.059722
