2 0.544907 0.602778 0.065741 0.125
2 0.248148 0.504861 0.025926 0.093056
2 0.545833 0.447222 0.025 0.077778
2 0.587963 0.4375 0.040741 0.072222
2 0.28287 0.497917 0.025 0.093056
2 0.413889 0.404861 0.022222 0.0625
2 0.173148 0.513194 0.025926 0.0875
6 0.277315 0.45 0.056481 0.083333
2 0.211111 0.507639 0.018519 0.0875
2 0.221759 0.4875 0.017593 0.080556
2 0.197222 0.497222 0.018519 0.080556
2 0.134722 0.54375 0.026852 0.090278
2 0.137037 0.498611 0.014815 0.055556
2 0.11713 0.488194 0.017593 0.076389
2 0.152315 0.478472 0.013889 0.0625
2 0.139815 0.450694 0.012963 0.059722
2 0.165741 0.444444 0.012963 0.055556
2 0.120833 0.407639 0.010185 0.051389
6 0.199074 0.429861 0.044444 0.070833
6 0.247222 0.408333 0.042593 0.080556
2 0.216204 0.401389 0.012037 0.05
6 0.239815 0.370139 0.033333 0.054167
6 0.1875 0.389583 0.034259 0.045833
2 0.147685 0.425 0.012037 0.05
2 0.196759 0.349306 0.012037 0.051389
6 0.225 0.345833 0.031481 0.05
6 0.175926 0.3625 0.033333 0.058333
6 0.215278 0.329167 0.028704 0.044444
6 0.199074 0.310417 0.027778 0.0375
6 0.191667 0.298611 0.022222 0.038889
6 0.175926 0.290972 0.02037 0.034722
2 0.298148 0.284722 0.011111 0.041667
