2 0.792593 0.685417 0.055556 0.129167
2 0.439352 0.883333 0.056481 0.169444
2 0.21713 0.748611 0.037963 0.136111
2 0.369907 0.775 0.047222 0.155556
2 0.588426 0.434722 0.043519 0.072222
2 0.427315 0.645139 0.041667 0.120833
2 0.336574 0.654861 0.030556 0.104167
2 0.430556 0.749306 0.038889 0.120833
2 0.412037 0.3875 0.022222 0.066667
2 0.192593 0.608333 0.031481 0.116667
2 0.311111 0.708333 0.035185 0.133333
2 0.260185 0.918056 0.046296 0.138889
2 0.253241 0.654167 0.034259 0.105556
2 0.281019 0.755556 0.039815 0.147222
2 0.379167 0.657639 0.034259 0.115278
2 0.507407 0.446528 0.031481 0.079167
2 0.531944 0.486111 0.030556 0.077778
2 0.319907 0.89375 0.052778 0.170833
2 0.289815 0.509722 0.033333 0.105556
6 0.549074 0.801389 0.175926 0.258333
6 0.194907 0.413889 0.050926 0.072222
11 0.364815 0.515278 0.101852 0.197222
2 0.381019 0.947917 0.050926 0.076389
2 0.256481 0.542361 0.025926 0.098611
2 0.240278 0.595833 0.023148 0.086111
2 0.23287 0.545139 0.023148 0.084722
2 0.252778 0.488889 0.02037 0.066667
2 0.190278 0.519444 0.021296 0.086111
6 0.260648 0.436806 0.05463 0.084722
6 0.249537 0.376389 0.050926 0.072222
2 0.162963 0.501389 0.018519 0.088889
2 0.14213 0.484028 0.021296 0.079167
2 0.127315 0.457639 0.019444 0.079167
2 0.148148 0.391667 0.012963 0.052778
2 0.160185 0.429861 0.014815 0.068056
2 0.171759 0.465972 0.013889 0.073611
2 0.161574 0.368056 0.015741 0.055556
6 0.211111 0.327778 0.02963 0.05
2 0.508796 0.356944 0.030556 0.047222
0 0.883333 0.3875 0.011111 0.063889
