2 0.594907 0.580556 0.041667 0.15
2 0.263889 0.346528 0.025926 0.0875
2 0.928704 0.848611 0.133333 0.2
2 0.735185 0.464583 0.040741 0.129167
2 0.668056 0.434722 0.034259 0.108333
2 0.519907 0.316667 0.023148 0.086111
2 0.564815 0.479861 0.040741 0.129167
2 0.838889 0.361806 0.031481 0.093056
2 0.647685 0.317361 0.023148 0.073611
2 0.692593 0.38125 0.042593 0.104167
2 0.437037 0.260417 0.022222 0.059722
2 0.882407 0.375 0.031481 0.091667
2 0.228704 0.330556 0.02037 0.069444
2 0.653704 0.941667 0.075926 0.094444
2 0.614352 0.339583 0.037963 0.070833
2 0.693981 0.341667 0.030556 0.075
2 0.933333 0.353472 0.027778 0.073611
2 0.862037 0.483333 0.035185 0.127778
2 0.462037 0.244444 0.018519 0.061111
6 0.369444 0.444444 0.096296 0.188889
6 0.893056 0.696528 0.202778 0.2625
6 0.330556 0.299306 0.05 0.090278
6 0.901389 0.321528 0.087963 0.068056
6 0.355556 0.254861 0.040741 0.0625
2 0.58287 0.313194 0.062037 0.079167
2 0.964352 0.40625 0.050926 0.073611
2 0.271296 0.267361 0.022222 0.068056
2 0.230093 0.2875 0.019444 0.05
2 0.508796 0.219444 0.015741 0.047222
2 0.536111 0.244444 0.022222 0.047222
2 0.538889 0.290278 0.024074 0.066667
2 0.54213 0.228472 0.013889 0.043056
2 0.764352 0.430556 0.023148 0.086111
2 0.7625 0.372222 0.032407 0.058333
6 0.36713 0.220139 0.032407 0.048611
6 0.337037 0.202778 0.02963 0.052778
6 0.375463 0.183333 0.030556 0.036111
