2 0.1125 0.840972 0.071296 0.251389
2 0.889815 0.8 0.087037 0.219444
2 0.788426 0.761111 0.073148 0.205556
2 0.936574 0.619444 0.071296 0.175
2 0.351852 0.351389 0.025926 0.102778
2 0.200463 0.620833 0.047222 0.177778
2 0.176389 0.435417 0.056481 0.115278
2 0.518519 0.290278 0.02037 0.072222
2 0.822685 0.479167 0.036111 0.136111
2 0.283333 0.520139 0.035185 0.134722
2 0.893056 0.370139 0.032407 0.093056
2 0.351852 0.49375 0.037037 0.129167
2 0.900926 0.531944 0.048148 0.144444
2 0.765278 0.558333 0.050926 0.119444
2 0.238426 0.477778 0.034259 0.125
2 0.273611 0.414583 0.026852 0.098611
2 0.276852 0.309028 0.02037 0.070833
2 0.577315 0.269444 0.017593 0.061111
2 0.411574 0.255556 0.019444 0.066667
5 0.402778 0.69375 0.138889 0.348611
6 0.447222 0.223611 0.042593 0.061111
6 0.747222 0.458333 0.088889 0.125
2 0.311111 0.267361 0.016667 0.0625
2 0.48287 0.203472 0.013889 0.045833
2 0.498148 0.197917 0.011111 0.043056
2 0.381481 0.243056 0.018519 0.058333
2 0.340741 0.232639 0.014815 0.051389
2 0.385648 0.195833 0.013889 0.041667
2 0.443981 0.170139 0.010185 0.031944
2 0.302778 0.229167 0.016667 0.061111
6 0.548148 0.210417 0.037037 0.051389
6 0.474074 0.160417 0.025926 0.0375
11 0.369444 0.152778 0.027778 0.061111
0 0.598148 0.261111 0.016667 0.063889
