2 0.830556 0.661111 0.068519 0.108333
2 0.717593 0.559028 0.044444 0.093056
2 0.893056 0.618056 0.058333 0.1
2 0.321759 0.843056 0.047222 0.194444
2 0.218519 0.465972 0.025926 0.093056
2 0.181019 0.557639 0.030556 0.118056
2 0.4375 0.461111 0.030556 0.088889
2 0.57963 0.482639 0.037037 0.079167
2 0.416204 0.406944 0.023148 0.075
2 0.386111 0.372222 0.02037 0.066667
2 0.502778 0.422917 0.025926 0.070833
2 0.280093 0.341667 0.010185 0.044444
2 0.445833 0.4 0.023148 0.069444
2 0.588889 0.436111 0.038889 0.063889
2 0.184259 0.320139 0.012963 0.043056
2 0.158796 0.331944 0.012037 0.044444
2 0.14537 0.325 0.011111 0.038889
2 0.140278 0.280556 0.010185 0.033333
2 0.267593 0.310417 0.011111 0.043056
2 0.30463 0.338889 0.012963 0.044444
2 0.323148 0.335417 0.012963 0.048611
2 0.349074 0.332639 0.016667 0.048611
2 0.293056 0.291667 0.010185 0.027778
2 0.306481 0.301389 0.012963 0.038889
2 0.242593 0.280556 0.011111 0.033333
0 0.358796 0.279167 0.008333 0.036111
2 0.255556 0.263194 0.009259 0.029167
2 0.656944 0.388889 0.023148 0.063889
