2 0.202778 0.670139 0.053704 0.190278
2 0.949537 0.754167 0.082407 0.213889
2 0.144444 0.434028 0.07037 0.098611
2 0.328704 0.510417 0.042593 0.165278
2 0.793056 0.490972 0.04537 0.140278
2 0.559259 0.385417 0.02963 0.104167
2 0.226389 0.880556 0.075 0.211111
2 0.630556 0.416667 0.025926 0.097222
2 0.678241 0.396528 0.025 0.098611
2 0.274074 0.476389 0.033333 0.116667
2 0.2 0.423611 0.062963 0.105556
2 0.718981 0.394444 0.032407 0.088889
2 0.278704 0.352083 0.024074 0.076389
2 0.922222 0.360417 0.035185 0.093056
2 0.944907 0.624306 0.060185 0.134722
2 0.968981 0.429861 0.050926 0.095833
2 0.325463 0.302778 0.021296 0.083333
2 0.717593 0.530556 0.066667 0.116667
2 0.618519 0.359028 0.024074 0.084722
2 0.30463 0.316667 0.018519 0.080556
2 0.272222 0.410417 0.031481 0.079167
2 0.460185 0.342361 0.027778 0.090278
6 0.701852 0.720833 0.227778 0.327778
6 0.4875 0.325 0.071296 0.091667
6 0.375926 0.286806 0.046296 0.084722
6 0.449074 0.934028 0.161111 0.109722
6 0.598611 0.311111 0.108333 0.069444
6 0.37037 0.183333 0.024074 0.047222
6 0.369444 0.157639 0.018519 0.031944
2 0.70787 0.363889 0.026852 0.069444
2 0.272685 0.280556 0.015741 0.058333
2 0.305093 0.275694 0.019444 0.054167
2 0.350463 0.260417 0.015741 0.059722
2 0.39213 0.232639 0.015741 0.051389
2 0.530093 0.304167 0.017593 0.066667
2 0.545833 0.350694 0.015741 0.0625
2 0.574074 0.348611 0.016667 0.069444
2 0.586111 0.329167 0.018519 0.072222
2 0.649537 0.375694 0.019444 0.076389
2 0.657407 0.35 0.016667 0.066667
2 0.661574 0.303472 0.036111 0.0625
2 0.585185 0.25625 0.016667 0.0375
2 0.556944 0.271528 0.034259 0.034722
2 0.526852 0.228472 0.02037 0.051389
2 0.506019 0.2375 0.017593 0.058333
2 0.55463 0.228472 0.012963 0.040278
2 0.459722 0.183333 0.012037 0.036111
2 0.417593 0.170139 0.011111 0.034722
2 0.338889 0.21875 0.011111 0.045833
2 0.369907 0.213194 0.012037 0.045833
2 0.314352 0.219444 0.012037 0.041667
2 0.312037 0.192361 0.011111 0.031944
2 0.331019 0.195139 0.010185 0.0375
