2 0.677778 0.575694 0.038889 0.098611
9 0.447222 0.427778 0.17963 0.25
6 0.368519 0.615972 0.098148 0.156944
2 0.381019 0.885417 0.067593 0.2125
2 0.216204 0.572917 0.034259 0.118056
2 0.266667 0.408333 0.02037 0.066667
2 0.210648 0.472917 0.019444 0.079167
2 0.167593 0.476389 0.022222 0.075
2 0.168519 0.419444 0.018519 0.069444
2 0.184259 0.379167 0.02037 0.063889
2 0.164815 0.352778 0.014815 0.058333
6 0.191204 0.303472 0.037963 0.054167
2 0.148148 0.302083 0.012963 0.034722
2 0.313426 0.327778 0.013889 0.05
2 0.327778 0.338194 0.012963 0.048611
2 0.29213 0.290278 0.012037 0.038889
6 0.252315 0.279861 0.030556 0.040278
11 0.668981 0.863889 0.273148 0.25
2 0.163426 0.240278 0.010185 0.030556
