2 0.256481 0.476389 0.025926 0.091667
2 0.847685 0.672917 0.050926 0.123611
2 0.79537 0.695833 0.055556 0.138889
2 0.162037 0.347917 0.016667 0.059722
2 0.211111 0.398611 0.022222 0.072222
6 0.541667 0.701389 0.177778 0.205556
5 0.372222 0.409028 0.055556 0.073611
11 0.485648 0.472917 0.134259 0.181944
2 0.14537 0.304167 0.011111 0.041667
2 0.301389 0.288194 0.015741 0.048611
2 0.365741 0.348611 0.022222 0.05
6 0.210185 0.242361 0.018519 0.026389
6 0.227315 0.25625 0.019444 0.034722
2 0.139352 0.231944 0.008333 0.025
2 0.165741 0.243056 0.007407 0.025
2 0.154167 0.258333 0.010185 0.025
2 0.247222 0.233333 0.009259 0.025
