2 0.301852 0.420139 0.02963 0.126389
2 0.331944 0.296528 0.019444 0.079167
2 0.859722 0.404167 0.030556 0.1
2 0.615741 0.4625 0.035185 0.130556
2 0.658796 0.398611 0.032407 0.111111
2 0.826389 0.565972 0.050926 0.154167
2 0.573148 0.334028 0.024074 0.084722
2 0.881481 0.557639 0.048148 0.151389
2 0.274537 0.395139 0.028704 0.1125
2 0.264815 0.30625 0.022222 0.073611
2 0.426389 0.25625 0.019444 0.065278
2 0.314815 0.271528 0.016667 0.070833
2 0.58287 0.286806 0.034259 0.059722
6 0.795833 0.368056 0.082407 0.094444
6 0.37037 0.265278 0.042593 0.066667
2 0.511111 0.216667 0.012963 0.047222
2 0.388889 0.225 0.012963 0.05
2 0.37037 0.214583 0.011111 0.043056
2 0.34213 0.226389 0.012037 0.047222
2 0.3125 0.226389 0.012037 0.036111
2 0.293981 0.218056 0.012037 0.05
2 0.26713 0.268056 0.015741 0.047222
2 0.446296 0.165972 0.009259 0.043056
2 0.431481 0.156944 0.007407 0.033333
2 0.361111 0.191667 0.009259 0.038889
6 0.549074 0.2125 0.035185 0.05
6 0.487963 0.172917 0.033333 0.043056
