2 0.638889 0.44375 0.027778 0.115278
2 0.758333 0.499306 0.059259 0.126389
2 0.768056 0.438889 0.034259 0.097222
2 0.814815 0.434722 0.024074 0.063889
2 0.744444 0.404861 0.033333 0.115278
2 0.678704 0.375694 0.02963 0.095833
2 0.637963 0.370139 0.027778 0.095833
2 0.600463 0.354861 0.030556 0.101389
2 0.668056 0.265972 0.030556 0.059722
2 0.569444 0.291667 0.018519 0.077778
2 0.535648 0.279861 0.019444 0.073611
2 0.361111 0.278472 0.018519 0.076389
2 0.278241 0.3875 0.026852 0.113889
2 0.298148 0.333333 0.024074 0.075
2 0.301389 0.286111 0.019444 0.072222
2 0.326389 0.240278 0.015741 0.052778
2 0.031019 0.488889 0.030556 0.1
2 0.060185 0.420139 0.061111 0.093056
2 0.480556 0.229167 0.012963 0.05
2 0.416204 0.407639 0.067593 0.098611
2 0.513426 0.217361 0.015741 0.054167
2 0.543981 0.234028 0.025 0.076389
2 0.387963 0.188889 0.011111 0.033333
6 0.546296 0.445833 0.085185 0.130556
6 0.39537 0.263194 0.075926 0.098611
6 0.446296 0.254167 0.077778 0.066667
6 0.238889 0.304167 0.051852 0.094444
11 0.865278 0.645139 0.197222 0.4375
11 0.791204 0.311806 0.126852 0.148611
11 0.439815 0.199306 0.033333 0.059722
4 0.352778 0.384722 0.111111 0.138889
