2 0.209722 0.786111 0.049074 0.163889
2 0.513889 0.460417 0.038889 0.081944
2 0.544907 0.460417 0.025 0.079167
2 0.588426 0.436111 0.041667 0.069444
2 0.463426 0.427778 0.023148 0.069444
2 0.346759 0.472917 0.026852 0.0875
2 0.445833 0.392361 0.025 0.0625
2 0.062037 0.547917 0.02963 0.093056
2 0.2625 0.49375 0.023148 0.093056
2 0.158333 0.713889 0.046296 0.138889
6 0.303704 0.477083 0.062963 0.095833
6 0.309722 0.339583 0.04537 0.051389
2 0.228241 0.497917 0.019444 0.0875
2 0.244444 0.477778 0.016667 0.083333
6 0.273611 0.408333 0.036111 0.058333
2 0.40787 0.397917 0.017593 0.056944
2 0.396296 0.369444 0.016667 0.055556
2 0.328241 0.446528 0.013889 0.048611
2 0.307407 0.419444 0.024074 0.044444
2 0.192593 0.508333 0.024074 0.086111
2 0.200463 0.471528 0.023148 0.076389
2 0.164815 0.529167 0.022222 0.083333
2 0.143981 0.535417 0.023148 0.0875
2 0.131481 0.476389 0.02037 0.072222
2 0.148611 0.490972 0.017593 0.068056
2 0.106944 0.479861 0.019444 0.070833
2 0.115741 0.4125 0.02037 0.061111
6 0.197685 0.376389 0.041667 0.063889
6 0.171296 0.466667 0.014815 0.061111
6 0.251852 0.376389 0.037037 0.063889
