2 0.8875 0.738194 0.078704 0.201389
2 0.323611 0.347917 0.025 0.098611
2 0.283796 0.367361 0.026852 0.098611
2 0.305093 0.640278 0.04537 0.186111
2 0.202315 0.513194 0.050926 0.156944
2 0.491667 0.240278 0.016667 0.055556
2 0.561111 0.268056 0.018519 0.061111
2 0.299074 0.495833 0.037037 0.133333
2 0.327778 0.257639 0.018519 0.065278
2 0.231481 0.363194 0.042593 0.081944
6 0.290741 0.204861 0.033333 0.048611
2 0.240278 0.304861 0.026852 0.045833
2 0.275926 0.258333 0.018519 0.05
2 0.34213 0.213889 0.013889 0.05
2 0.38287 0.213194 0.008333 0.040278
2 0.398611 0.229167 0.013889 0.055556
2 0.356481 0.16875 0.009259 0.029167
2 0.4375 0.175 0.008333 0.027778
2 0.474537 0.18125 0.010185 0.034722
2 0.42963 0.140972 0.007407 0.023611
0 0.976389 0.509028 0.034259 0.068056
0 0.256944 0.259722 0.015741 0.055556
0 0.054167 0.422222 0.028704 0.041667
12 0.36713 0.108333 0.021296 0.052778
