1 0.131944 0.446528 0.019444 0.081944
2 0.701852 0.566667 0.048148 0.105556
2 0.279167 0.730556 0.037963 0.158333
2 0.593981 0.509028 0.037963 0.084722
2 0.277778 0.570833 0.02963 0.102778
2 0.868981 0.470833 0.039815 0.077778
2 0.192593 0.506944 0.022222 0.086111
2 0.234722 0.543056 0.026852 0.105556
2 0.485648 0.466667 0.030556 0.083333
2 0.630556 0.455556 0.040741 0.072222
2 0.530556 0.468056 0.027778 0.083333
2 0.431019 0.402778 0.023148 0.072222
2 0.561111 0.454167 0.031481 0.069444
2 0.175926 0.416667 0.018519 0.075
2 0.216204 0.439583 0.021296 0.079167
2 0.456481 0.418056 0.025926 0.094444
6 0.511111 0.824306 0.17037 0.243056
5 0.369907 0.604861 0.100926 0.148611
6 0.268519 0.466667 0.055556 0.105556
6 0.3 0.347222 0.042593 0.05
9 0.900463 0.755556 0.186111 0.377778
2 0.5 0.429861 0.02037 0.056944
2 0.272222 0.386111 0.014815 0.052778
1 0.1375 0.352083 0.012037 0.054167
2 0.112963 0.331944 0.011111 0.044444
2 0.060648 0.522222 0.04537 0.091667
2 0.194444 0.425694 0.014815 0.065278
2 0.196759 0.398611 0.013889 0.044444
2 0.193519 0.352083 0.037037 0.051389
2 0.200463 0.320139 0.013889 0.0375
2 0.404167 0.4 0.023148 0.063889
2 0.473611 0.347917 0.028704 0.048611
0 0.497222 0.363194 0.012963 0.059722
2 0.384722 0.373611 0.021296 0.058333
2 0.364352 0.350694 0.019444 0.065278
2 0.272685 0.3 0.012037 0.041667
2 0.284722 0.29375 0.010185 0.0375
2 0.273611 0.247917 0.010185 0.034722
6 0.231019 0.275694 0.025 0.031944
2 0.133796 0.264583 0.008333 0.029167
