2 0.189352 0.624306 0.032407 0.120833
2 0.236574 0.832639 0.041667 0.151389
2 0.519907 0.699306 0.063889 0.143056
2 0.431944 0.884722 0.04537 0.175
2 0.17963 0.5125 0.025926 0.080556
2 0.358796 0.865278 0.047222 0.163889
2 0.555556 0.663194 0.059259 0.1375
2 0.241204 0.525694 0.025 0.084722
2 0.623148 0.8625 0.068519 0.155556
2 0.280093 0.926389 0.04537 0.122222
2 0.274537 0.552083 0.026852 0.104167
2 0.285648 0.722917 0.039815 0.129167
2 0.183333 0.429167 0.022222 0.080556
2 0.510648 0.468056 0.034259 0.088889
2 0.256481 0.606944 0.02963 0.102778
2 0.152778 0.488889 0.016667 0.083333
2 0.368519 0.9125 0.055556 0.147222
2 0.265741 0.667361 0.027778 0.104167
2 0.281944 0.8125 0.043519 0.152778
2 0.869907 0.471528 0.039815 0.079167
6 0.568519 0.911111 0.212963 0.161111
6 0.899537 0.574306 0.143519 0.090278
6 0.373148 0.422222 0.061111 0.077778
6 0.37963 0.710417 0.140741 0.229167
6 0.348148 0.534028 0.07963 0.1375
6 0.296296 0.468056 0.055556 0.091667
9 0.6125 0.597917 0.163889 0.204167
11 0.860185 0.767361 0.275926 0.3125
11 0.821296 0.80625 0.192593 0.220833
2 0.414815 0.647222 0.046296 0.127778
2 0.448148 0.597222 0.066667 0.130556
2 0.397222 0.538889 0.025926 0.105556
2 0.252778 0.484722 0.02037 0.088889
2 0.209722 0.422917 0.017593 0.056944
2 0.156019 0.416667 0.017593 0.063889
2 0.931019 0.475694 0.034259 0.084722
2 0.630093 0.459722 0.039815 0.066667
11 0.311574 0.3375 0.047222 0.086111
9 0.278241 0.295833 0.034259 0.066667
6 0.241667 0.286111 0.027778 0.038889
6 0.206944 0.347917 0.037963 0.051389
6 0.244444 0.372917 0.037037 0.051389
6 0.265278 0.403472 0.050926 0.084722
2 0.378241 0.354167 0.013889 0.047222
2 0.347685 0.336111 0.013889 0.047222
2 0.365278 0.334722 0.015741 0.047222
0 0.460648 0.33125 0.017593 0.051389
0 0.867593 0.404167 0.014815 0.072222
0 0.933333 0.415278 0.014815 0.052778
2 0.141204 0.467361 0.013889 0.076389
0 0.097222 0.53125 0.014815 0.101389
2 0.163889 0.311806 0.025926 0.048611
