0 0.908333 0.513889 0.02963 0.094444
2 0.524537 0.894444 0.058333 0.169444
2 0.231481 0.845139 0.046296 0.1625
2 0.356944 0.659722 0.037963 0.133333
2 0.188426 0.589583 0.032407 0.1125
2 0.773148 0.477083 0.033333 0.073611
2 0.469907 0.39375 0.026852 0.070833
2 0.170833 0.496528 0.025 0.093056
2 0.40463 0.369444 0.022222 0.058333
2 0.215741 0.704861 0.042593 0.123611
2 0.316204 0.654167 0.037963 0.116667
0 0.58287 0.480556 0.023148 0.072222
2 0.140278 0.457639 0.019444 0.073611
2 0.182407 0.424306 0.022222 0.073611
2 0.226852 0.640972 0.033333 0.106944
2 0.732407 0.475694 0.040741 0.084722
6 0.376389 0.852083 0.178704 0.2625
6 0.247222 0.511111 0.077778 0.141667
11 0.421759 0.580556 0.156481 0.288889
11 0.301389 0.453472 0.089815 0.170833
2 0.298611 0.924306 0.058333 0.123611
2 0.287037 0.622917 0.025926 0.120833
2 0.253704 0.629861 0.033333 0.115278
0 0.668056 0.489583 0.015741 0.076389
2 0.148148 0.409028 0.016667 0.056944
2 0.221296 0.41875 0.018519 0.059722
6 0.256019 0.393056 0.036111 0.077778
5 0.338426 0.381944 0.04537 0.066667
2 0.287963 0.354861 0.014815 0.029167
6 0.231481 0.364583 0.037037 0.0625
2 0.152315 0.359028 0.012037 0.051389
2 0.136111 0.358333 0.016667 0.069444
2 0.133333 0.311111 0.009259 0.036111
11 0.186111 0.263194 0.031481 0.073611
6 0.181019 0.365278 0.039815 0.072222
6 0.158796 0.296528 0.028704 0.048611
2 0.175 0.322222 0.011111 0.030556
6 0.236574 0.282639 0.025 0.0375
6 0.277778 0.319444 0.035185 0.044444
2 0.372685 0.361806 0.015741 0.045833
2 0.359722 0.338889 0.012037 0.038889
2 0.274537 0.288889 0.010185 0.030556
2 0.282407 0.289583 0.007407 0.0375
2 0.303704 0.288194 0.009259 0.0375
2 0.309722 0.318056 0.012037 0.038889
2 0.347685 0.321528 0.010185 0.040278
0 0.82963 0.473611 0.022222 0.080556
2 0.121759 0.274306 0.008333 0.029167
2 0.252778 0.260417 0.009259 0.031944
