2 0.431481 0.583333 0.053704 0.161111
2 0.636111 0.423611 0.033333 0.125
2 0.27963 0.29375 0.022222 0.076389
2 0.256019 0.500694 0.039815 0.1625
2 0.534259 0.252083 0.02037 0.068056
2 0.670833 0.399306 0.030556 0.106944
2 0.5 0.240972 0.022222 0.0625
2 0.945833 0.729167 0.082407 0.169444
2 0.933333 0.870833 0.112963 0.236111
2 0.310185 0.25 0.016667 0.055556
6 0.446296 0.211111 0.040741 0.052778
2 0.330556 0.234028 0.014815 0.054167
2 0.318981 0.209722 0.013889 0.047222
2 0.480556 0.193056 0.016667 0.041667
2 0.441667 0.159028 0.011111 0.0375
2 0.462963 0.190278 0.011111 0.036111
2 0.436111 0.181944 0.011111 0.033333
6 0.375926 0.186111 0.027778 0.047222
6 0.343981 0.170833 0.026852 0.041667
6 0.289352 0.208333 0.032407 0.05
0 0.978241 0.515278 0.034259 0.072222
