2 0.90787 0.729861 0.069444 0.131944
2 0.751852 0.657639 0.057407 0.120833
2 0.347222 0.809028 0.051852 0.1875
2 0.683333 0.588889 0.035185 0.1
2 0.538889 0.521528 0.033333 0.098611
2 0.849537 0.471528 0.056481 0.081944
2 0.820833 0.74375 0.065741 0.131944
2 0.248611 0.772917 0.041667 0.143056
2 0.650926 0.634722 0.048148 0.116667
2 0.187963 0.636806 0.031481 0.123611
2 0.281481 0.705556 0.037037 0.138889
2 0.30787 0.647222 0.034259 0.122222
2 0.184722 0.508333 0.025 0.091667
2 0.226852 0.611111 0.02963 0.111111
2 0.255093 0.58125 0.026852 0.109722
2 0.264815 0.915972 0.05 0.140278
6 0.514815 0.84375 0.185185 0.281944
6 0.388889 0.601389 0.116667 0.183333
6 0.687037 0.788194 0.187037 0.204167
5 0.901852 0.895833 0.188889 0.183333
6 0.285185 0.446528 0.057407 0.0875
6 0.22963 0.5 0.061111 0.102778
6 0.2 0.420139 0.048148 0.079167
6 0.252778 0.382639 0.05 0.079167
2 0.965741 0.790972 0.059259 0.123611
2 0.222222 0.352083 0.033333 0.059722
2 0.25463 0.279167 0.02963 0.047222
2 0.35463 0.3375 0.014815 0.041667
2 0.150463 0.5125 0.019444 0.088889
2 0.150463 0.458333 0.015741 0.063889
2 0.164352 0.415278 0.015741 0.058333
6 0.196296 0.307639 0.031481 0.054167
2 0.588889 0.440972 0.044444 0.065278
