0 0.496296 0.368056 0.016667 0.066667
2 0.724537 0.720139 0.082407 0.148611
2 0.823148 0.665278 0.064815 0.105556
2 0.956481 0.793056 0.068519 0.161111
2 0.404167 0.410417 0.021296 0.070833
2 0.919907 0.707639 0.065741 0.106944
2 0.584259 0.438889 0.040741 0.066667
2 0.463426 0.45625 0.026852 0.0875
2 0.202315 0.536806 0.026852 0.0875
2 0.172685 0.523611 0.025 0.097222
2 0.108796 0.527083 0.026852 0.093056
2 0.768519 0.677083 0.05 0.126389
2 0.435185 0.420139 0.022222 0.070833
2 0.14213 0.497917 0.019444 0.076389
6 0.947222 0.588889 0.090741 0.097222
10 0.7375 0.531944 0.286111 0.216667
11 0.262037 0.397222 0.059259 0.122222
2 0.781481 0.661806 0.044444 0.101389
2 0.243056 0.499306 0.019444 0.084722
2 0.261574 0.4875 0.015741 0.072222
2 0.276852 0.511806 0.02037 0.093056
2 0.230556 0.465278 0.014815 0.069444
2 0.214815 0.5 0.014815 0.063889
2 0.212963 0.452778 0.016667 0.052778
2 0.201389 0.410417 0.017593 0.056944
2 0.390278 0.369444 0.013889 0.063889
2 0.364352 0.372917 0.015741 0.045833
6 0.327315 0.370833 0.047222 0.072222
2 0.452778 0.394444 0.014815 0.058333
0 0.512963 0.375 0.011111 0.058333
2 0.159259 0.470139 0.014815 0.059722
2 0.14537 0.448611 0.012963 0.044444
2 0.133333 0.4375 0.012963 0.055556
2 0.161111 0.424306 0.011111 0.045833
2 0.19213 0.479167 0.017593 0.061111
2 0.150463 0.40625 0.013889 0.059722
2 0.184259 0.429861 0.012963 0.045833
2 0.175463 0.383333 0.012037 0.038889
6 0.198611 0.35 0.032407 0.052778
5 0.248611 0.29375 0.026852 0.040278
6 0.285648 0.331944 0.037963 0.047222
2 0.131019 0.340972 0.010185 0.045833
2 0.133796 0.315278 0.006481 0.025
2 0.175 0.347917 0.011111 0.045833
6 0.176389 0.308333 0.021296 0.038889
6 0.184722 0.26875 0.023148 0.034722
6 0.208333 0.311806 0.031481 0.0375
9 0.238889 0.3625 0.05 0.088889
2 0.166667 0.357639 0.011111 0.045833
2 0.144444 0.347222 0.011111 0.044444
