0 0.543056 0.652778 0.034259 0.172222
2 0.431481 0.398611 0.059259 0.111111
2 0.896759 0.613194 0.067593 0.170833
2 0.227778 0.760417 0.061111 0.248611
2 0.65 0.5 0.042593 0.130556
2 0.261111 0.600694 0.046296 0.168056
2 0.377315 0.320833 0.023148 0.091667
2 0.333796 0.315972 0.021296 0.084722
2 0.226852 0.388889 0.025926 0.1
2 0.650463 0.340972 0.025 0.084722
2 0.275463 0.386806 0.047222 0.098611
2 0.751389 0.502778 0.039815 0.127778
2 0.737963 0.41875 0.035185 0.098611
2 0.67963 0.395139 0.031481 0.104167
2 0.663889 0.442361 0.031481 0.101389
2 0.270833 0.322917 0.021296 0.065278
2 0.314352 0.278472 0.019444 0.068056
9 0.847222 0.813194 0.3 0.351389
6 0.548611 0.209028 0.032407 0.043056
6 0.584722 0.332639 0.078704 0.101389
6 0.37037 0.204167 0.02963 0.047222
6 0.449074 0.229167 0.031481 0.055556
6 0.431019 0.196528 0.025 0.031944
6 0.501389 0.19375 0.034259 0.040278
2 0.076389 0.421528 0.076852 0.115278
2 0.293056 0.313194 0.019444 0.070833
2 0.298611 0.247222 0.013889 0.052778
2 0.328704 0.245139 0.014815 0.056944
2 0.529167 0.249306 0.013889 0.051389
2 0.513426 0.221528 0.013889 0.045833
2 0.552778 0.28125 0.022222 0.048611
2 0.62963 0.279167 0.031481 0.047222
2 0.340741 0.1875 0.011111 0.041667
11 0.486574 0.261806 0.062037 0.109722
