2 0.234722 0.58125 0.043519 0.159722
2 0.2125 0.425 0.071296 0.105556
2 0.372222 0.579861 0.042593 0.176389
2 0.792593 0.577083 0.048148 0.154167
2 0.290741 0.585417 0.044444 0.170833
2 0.858333 0.429167 0.031481 0.105556
2 0.693519 0.579167 0.048148 0.155556
2 0.643981 0.444444 0.032407 0.111111
2 0.570833 0.359722 0.025 0.094444
2 0.546759 0.413194 0.030556 0.104167
2 0.695833 0.432639 0.032407 0.098611
2 0.252778 0.31875 0.025926 0.0875
2 0.336111 0.361111 0.031481 0.105556
2 0.736111 0.486806 0.027778 0.120833
2 0.859259 0.906944 0.096296 0.158333
2 0.264352 0.48125 0.032407 0.118056
2 0.709722 0.50625 0.037963 0.120833
2 0.223148 0.378472 0.048148 0.076389
6 0.590278 0.597917 0.136111 0.1875
6 0.462037 0.274306 0.087037 0.070833
6 0.854167 0.350694 0.078704 0.081944
6 0.65 0.333333 0.131481 0.097222
6 0.94213 0.305556 0.099074 0.080556
6 0.336111 0.290972 0.053704 0.0875
6 0.366667 0.225694 0.033333 0.056944
6 0.414352 0.15625 0.023148 0.034722
6 0.549074 0.2125 0.037037 0.047222
2 0.47963 0.2125 0.014815 0.047222
2 0.469444 0.190278 0.011111 0.041667
2 0.457407 0.183333 0.009259 0.030556
2 0.443056 0.178472 0.010185 0.034722
2 0.435185 0.159722 0.009259 0.030556
2 0.366204 0.183333 0.012037 0.036111
2 0.375463 0.167361 0.010185 0.034722
2 0.390278 0.202778 0.015741 0.047222
2 0.307407 0.235417 0.012963 0.054167
2 0.30787 0.19375 0.010185 0.034722
2 0.330556 0.202083 0.014815 0.048611
2 0.615278 0.392361 0.032407 0.093056
2 0.6375 0.374306 0.025 0.070833
