0 0.956481 0.590278 0.042593 0.161111
2 0.653704 0.351389 0.027778 0.086111
2 0.268056 0.374306 0.025 0.098611
2 0.676389 0.309722 0.041667 0.075
2 0.770833 0.484028 0.043519 0.131944
2 0.638426 0.427083 0.032407 0.109722
2 0.201389 0.472917 0.032407 0.131944
2 0.959722 0.329861 0.041667 0.073611
2 0.292593 0.347917 0.022222 0.0875
6 0.714815 0.786111 0.227778 0.308333
11 0.384259 0.443056 0.138889 0.383333
2 0.1 0.415972 0.07037 0.118056
2 0.512963 0.234722 0.02037 0.055556
2 0.474074 0.190278 0.014815 0.038889
2 0.497685 0.196528 0.017593 0.045833
2 0.289815 0.283333 0.018519 0.058333
2 0.314352 0.281944 0.015741 0.061111
2 0.300463 0.204167 0.012037 0.044444
2 0.331481 0.222222 0.012963 0.047222
6 0.441204 0.163194 0.021296 0.031944
6 0.406944 0.157639 0.025 0.0375
11 0.375463 0.225 0.047222 0.077778
11 0.374537 0.158333 0.034259 0.063889
0 0.975926 0.476389 0.02037 0.113889
