2 0.483333 0.486806 0.025926 0.093056
2 0.501389 0.438889 0.028704 0.072222
6 0.231019 0.486111 0.060185 0.094444
6 0.191667 0.383333 0.046296 0.069444
6 0.287037 0.289583 0.038889 0.051389
9 0.294907 0.434028 0.075 0.151389
2 0.163426 0.548611 0.021296 0.091667
2 0.222222 0.534722 0.031481 0.086111
6 0.20463 0.436806 0.048148 0.056944
6 0.25463 0.4 0.05 0.080556
7 0.235648 0.338889 0.041667 0.047222
2 0.137037 0.504167 0.016667 0.072222
2 0.169907 0.498611 0.013889 0.061111
6 0.206944 0.328472 0.028704 0.045833
2 0.144907 0.452083 0.012037 0.045833
2 0.121759 0.455556 0.015741 0.061111
2 0.355093 0.334028 0.015741 0.045833
0 0.599537 0.436111 0.013889 0.075
2 0.589352 0.446528 0.041667 0.048611
0 0.637963 0.404167 0.012963 0.058333
2 0.098148 0.413889 0.012963 0.061111
2 0.208333 0.546528 0.02037 0.081944
