2 0.737037 0.6 0.064815 0.102778
2 0.418519 0.556944 0.024074 0.072222
2 0.335648 0.477778 0.021296 0.080556
2 0.218519 0.516667 0.022222 0.080556
2 0.192593 0.522917 0.024074 0.079167
6 0.211111 0.445139 0.055556 0.101389
2 0.174074 0.500694 0.018519 0.076389
2 0.172222 0.425694 0.018519 0.056944
2 0.147222 0.463889 0.018519 0.077778
2 0.151852 0.404167 0.016667 0.052778
2 0.166204 0.469444 0.017593 0.086111
2 0.130556 0.490972 0.018519 0.0875
2 0.116204 0.46875 0.021296 0.076389
2 0.131944 0.326389 0.017593 0.047222
11 0.2875 0.419444 0.071296 0.108333
6 0.24537 0.398611 0.025926 0.075
2 0.286111 0.275 0.012963 0.041667
2 0.166204 0.266667 0.010185 0.038889
2 0.159259 0.232639 0.009259 0.026389
2 0.24213 0.245833 0.008333 0.025
2 0.252778 0.263194 0.011111 0.031944
2 0.232407 0.250694 0.007407 0.026389
