2 0.623148 0.750694 0.053704 0.148611
2 0.241204 0.790278 0.041667 0.158333
2 0.3 0.804167 0.044444 0.169444
2 0.459259 0.669444 0.048148 0.144444
2 0.438889 0.90625 0.07037 0.156944
2 0.360648 0.827083 0.049074 0.143056
2 0.613426 0.918056 0.065741 0.130556
2 0.891667 0.6125 0.057407 0.094444
2 0.187963 0.663889 0.031481 0.119444
2 0.350463 0.899306 0.05463 0.159722
2 0.17037 0.583333 0.024074 0.083333
2 0.23287 0.619444 0.032407 0.102778
2 0.560185 0.490972 0.02963 0.079167
2 0.664352 0.536806 0.043519 0.095833
2 0.155556 0.498611 0.022222 0.080556
2 0.730556 0.471528 0.040741 0.084722
2 0.255556 0.550694 0.024074 0.093056
2 0.52963 0.943056 0.057407 0.097222
2 0.233796 0.470139 0.023148 0.081944
2 0.243981 0.691667 0.028704 0.097222
2 0.314815 0.360417 0.018519 0.059722
2 0.196296 0.486111 0.025926 0.086111
2 0.2 0.568056 0.025926 0.097222
2 0.517593 0.492361 0.025926 0.084722
6 0.380556 0.695139 0.116667 0.181944
5 0.453704 0.500694 0.098148 0.1125
6 0.341667 0.536806 0.098148 0.134722
9 0.6 0.61875 0.148148 0.181944
11 0.82963 0.764583 0.325926 0.354167
11 0.227778 0.329167 0.048148 0.108333
2 0.304167 0.719444 0.030556 0.116667
2 0.289815 0.656944 0.024074 0.097222
2 0.291204 0.609028 0.021296 0.070833
2 0.302778 0.567361 0.024074 0.106944
2 0.277315 0.582639 0.021296 0.0875
2 0.131944 0.429861 0.017593 0.079167
2 0.149537 0.440972 0.013889 0.056944
2 0.150926 0.395139 0.012963 0.051389
2 0.170833 0.418056 0.012037 0.044444
6 0.183796 0.366667 0.039815 0.066667
2 0.207407 0.447222 0.018519 0.080556
2 0.131019 0.330556 0.012037 0.041667
2 0.143056 0.345139 0.010185 0.043056
2 0.155093 0.332639 0.010185 0.045833
6 0.188889 0.304167 0.02963 0.044444
11 0.265741 0.397222 0.059259 0.133333
2 0.312963 0.453472 0.022222 0.048611
2 0.808796 0.4875 0.026852 0.077778
2 0.773611 0.472917 0.032407 0.081944
2 0.586111 0.438889 0.037037 0.066667
2 0.453241 0.415972 0.023148 0.054167
2 0.476852 0.407639 0.018519 0.054167
2 0.497222 0.459028 0.02037 0.0625
2 0.353704 0.364583 0.016667 0.056944
2 0.27963 0.294444 0.011111 0.033333
2 0.364352 0.340278 0.010185 0.041667
2 0.162963 0.309028 0.009259 0.0375
2 0.156481 0.290278 0.009259 0.036111
2 0.124537 0.277778 0.008333 0.036111
0 0.896296 0.393056 0.011111 0.072222
