2 0.697685 0.636806 0.067593 0.109722
2 0.269907 0.865972 0.052778 0.1875
2 0.569444 0.479861 0.033333 0.073611
2 0.429167 0.770833 0.052778 0.161111
2 0.365278 0.702083 0.041667 0.151389
2 0.422222 0.894444 0.059259 0.177778
2 0.280556 0.74375 0.040741 0.156944
2 0.193981 0.629861 0.030556 0.115278
2 0.246296 0.657639 0.035185 0.126389
2 0.396759 0.630556 0.036111 0.113889
2 0.251389 0.559722 0.028704 0.102778
6 0.283796 0.489583 0.073148 0.106944
6 0.19537 0.426389 0.05 0.091667
2 0.143981 0.545833 0.017593 0.069444
2 0.201389 0.539583 0.021296 0.084722
2 0.166204 0.538889 0.017593 0.083333
2 0.154167 0.628472 0.026852 0.084722
2 0.185648 0.501389 0.017593 0.069444
2 0.184722 0.559028 0.019444 0.073611
2 0.202778 0.488194 0.02037 0.070833
2 0.146296 0.490972 0.02037 0.068056
2 0.114815 0.443056 0.014815 0.066667
2 0.128241 0.465278 0.015741 0.061111
6 0.2625 0.420139 0.058333 0.073611
6 0.239815 0.388889 0.038889 0.055556
6 0.396759 0.380556 0.065741 0.072222
6 0.231944 0.345139 0.037963 0.048611
2 0.120833 0.392361 0.013889 0.056944
2 0.588889 0.440972 0.040741 0.059722
2 0.272685 0.547222 0.025 0.086111
2 0.14213 0.421528 0.013889 0.054167
