2 0.938889 0.891667 0.105556 0.169444
2 0.643519 0.711806 0.07037 0.129167
2 0.771296 0.780556 0.090741 0.155556
2 0.241667 0.736806 0.035185 0.126389
2 0.185185 0.697917 0.031481 0.118056
2 0.40787 0.734722 0.041667 0.119444
2 0.356019 0.743056 0.043519 0.130556
2 0.798611 0.686806 0.056481 0.1125
2 0.9125 0.772917 0.067593 0.118056
2 0.208796 0.641667 0.026852 0.094444
2 0.241204 0.593056 0.030556 0.105556
2 0.656481 0.547917 0.031481 0.090278
2 0.268056 0.849306 0.04537 0.1625
2 0.543519 0.524306 0.02963 0.0875
2 0.173148 0.506944 0.02037 0.086111
2 0.290741 0.577778 0.02963 0.1
2 0.799074 0.610417 0.055556 0.0875
2 0.168056 0.621528 0.025 0.090278
2 0.697222 0.552778 0.038889 0.083333
2 0.508333 0.485417 0.027778 0.081944
2 0.192593 0.564583 0.024074 0.0875
2 0.631944 0.455556 0.036111 0.072222
6 0.362963 0.580556 0.094444 0.136111
6 0.433333 0.456944 0.087037 0.1
6 0.192593 0.399306 0.044444 0.070833
6 0.303241 0.477778 0.073148 0.113889
6 0.244907 0.365278 0.043519 0.061111
11 0.300463 0.335417 0.056481 0.098611
2 0.281019 0.926389 0.04537 0.125
2 0.152778 0.449306 0.0 0.001389
2 0.148611 0.574306 0.019444 0.098611
2 0.143056 0.505556 0.023148 0.069444
2 0.198611 0.482639 0.019444 0.0625
2 0.205556 0.541667 0.016667 0.083333
2 0.224074 0.518056 0.018519 0.075
2 0.230093 0.461806 0.017593 0.056944
2 0.243519 0.536806 0.012963 0.054167
2 0.252778 0.515278 0.016667 0.075
2 0.225926 0.422917 0.018519 0.056944
2 0.216667 0.443056 0.016667 0.077778
2 0.140741 0.434028 0.016667 0.068056
2 0.156019 0.443056 0.015741 0.066667
2 0.164352 0.385417 0.012037 0.056944
2 0.725463 0.589583 0.043519 0.098611
2 0.272685 0.538194 0.019444 0.0875
2 0.538889 0.709028 0.068519 0.120833
2 0.543519 0.634722 0.066667 0.1
2 0.591667 0.546528 0.035185 0.081944
2 0.623611 0.576389 0.037963 0.088889
2 0.602315 0.499306 0.030556 0.079167
2 0.523611 0.434722 0.025 0.061111
2 0.469444 0.414583 0.018519 0.0625
2 0.437037 0.396528 0.022222 0.043056
2 0.747222 0.44375 0.037037 0.0625
2 0.755556 0.564583 0.031481 0.095833
6 0.268056 0.40625 0.047222 0.0625
2 0.2625 0.438194 0.025 0.065278
2 0.356944 0.357639 0.012037 0.048611
2 0.341204 0.352083 0.012037 0.054167
2 0.395833 0.405556 0.017593 0.058333
2 0.155556 0.368056 0.011111 0.047222
2 0.174537 0.361806 0.013889 0.051389
6 0.17963 0.327083 0.02963 0.045833
6 0.215741 0.338194 0.031481 0.056944
6 0.247685 0.290278 0.032407 0.038889
2 0.262037 0.268056 0.009259 0.030556
2 0.368519 0.355556 0.011111 0.047222
2 0.131019 0.393056 0.012037 0.058333
2 0.121759 0.366667 0.010185 0.044444
2 0.136111 0.347917 0.009259 0.034722
2 0.140741 0.375694 0.009259 0.040278
2 0.128704 0.320833 0.009259 0.038889
6 0.154167 0.283333 0.025 0.038889
6 0.212037 0.249306 0.022222 0.034722
2 0.124537 0.285417 0.008333 0.031944
