2 0.508333 0.792361 0.081481 0.226389
2 0.202315 0.731944 0.056481 0.216667
2 0.390741 0.564583 0.064815 0.156944
2 0.816667 0.475694 0.044444 0.134722
2 0.536574 0.384028 0.058333 0.093056
2 0.140741 0.563194 0.042593 0.156944
2 0.33287 0.28125 0.017593 0.073611
2 0.590741 0.310417 0.02037 0.076389
2 0.48287 0.616667 0.060185 0.166667
2 0.449537 0.305556 0.034259 0.077778
2 0.702315 0.432639 0.039815 0.120833
2 0.851852 0.432639 0.02963 0.1125
2 0.639352 0.395139 0.028704 0.106944
2 0.356481 0.263194 0.016667 0.065278
2 0.890278 0.379167 0.036111 0.088889
2 0.291667 0.2875 0.018519 0.069444
2 0.156019 0.41875 0.073148 0.104167
2 0.398611 0.240972 0.017593 0.059722
2 0.566667 0.289583 0.018519 0.070833
2 0.076852 0.479861 0.031481 0.093056
2 0.546296 0.309028 0.018519 0.065278
2 0.968981 0.703472 0.047222 0.154167
1 0.95787 0.361111 0.043519 0.088889
6 0.463889 0.244444 0.05 0.069444
2 0.37037 0.227778 0.012963 0.058333
2 0.312963 0.240278 0.012963 0.05
2 0.301852 0.20625 0.009259 0.0375
2 0.324537 0.216667 0.012037 0.044444
2 0.350926 0.196528 0.011111 0.045833
2 0.530093 0.266667 0.017593 0.058333
2 0.476389 0.190972 0.013889 0.0375
0 0.512037 0.221528 0.012963 0.051389
6 0.549537 0.209722 0.034259 0.044444
6 0.476389 0.161111 0.025 0.036111
