2 0.599537 0.684722 0.062037 0.194444
2 0.268519 0.411111 0.033333 0.122222
2 0.2 0.736111 0.053704 0.227778
2 0.946296 0.654861 0.07037 0.173611
2 0.601389 0.34375 0.028704 0.0875
2 0.598611 0.446528 0.030556 0.115278
2 0.838889 0.516667 0.046296 0.15
2 0.511111 0.276389 0.031481 0.066667
2 0.241667 0.351389 0.025926 0.091667
2 0.900463 0.301389 0.039815 0.066667
2 0.121759 0.426389 0.050926 0.097222
2 0.778241 0.447917 0.039815 0.1125
2 0.036574 0.904167 0.069444 0.175
2 0.949074 0.361111 0.038889 0.091667
2 0.483333 0.2375 0.018519 0.058333
6 0.718519 0.5125 0.15 0.177778
6 0.521759 0.382639 0.086111 0.120833
6 0.361574 0.366667 0.067593 0.15
6 0.871296 0.925 0.240741 0.130556
9 0.431944 0.759722 0.202778 0.461111
2 0.610185 0.294444 0.018519 0.055556
2 0.062037 0.439583 0.064815 0.1125
2 0.326852 0.231944 0.014815 0.05
2 0.298148 0.225694 0.014815 0.048611
2 0.471296 0.220139 0.011111 0.045833
2 0.506481 0.225694 0.014815 0.045833
2 0.436574 0.1625 0.012037 0.036111
6 0.368981 0.238194 0.039815 0.054167
6 0.549074 0.211111 0.035185 0.05
6 0.487037 0.168056 0.02963 0.041667
6 0.341667 0.184028 0.025926 0.045833
6 0.361111 0.175 0.024074 0.038889
6 0.37037 0.152083 0.022222 0.034722
6 0.405093 0.140278 0.021296 0.025
