2 0.759722 0.641667 0.063889 0.188889
2 0.194444 0.693056 0.05 0.208333
2 0.302778 0.584028 0.040741 0.176389
2 0.1625 0.577778 0.043519 0.152778
2 0.632407 0.455556 0.033333 0.122222
2 0.571759 0.491667 0.037963 0.136111
2 0.262037 0.4875 0.035185 0.136111
2 0.362037 0.443056 0.031481 0.136111
2 0.941667 0.636806 0.066667 0.170833
2 0.275 0.389583 0.027778 0.104167
2 0.731944 0.486111 0.037963 0.138889
2 0.579167 0.359028 0.052778 0.079167
2 0.864815 0.442361 0.035185 0.120833
2 0.712037 0.384028 0.02963 0.095833
2 0.494444 0.263889 0.018519 0.063889
2 0.47037 0.381944 0.066667 0.1
2 0.7875 0.447917 0.043519 0.126389
2 0.616667 0.342361 0.024074 0.084722
2 0.650926 0.330556 0.025926 0.086111
2 0.928704 0.363889 0.027778 0.083333
2 0.299074 0.286111 0.02037 0.069444
2 0.540278 0.268056 0.019444 0.063889
2 0.576389 0.309028 0.021296 0.065278
2 0.601852 0.295139 0.02037 0.065278
2 0.45787 0.209722 0.013889 0.047222
2 0.341204 0.236111 0.015741 0.058333
2 0.319907 0.245833 0.013889 0.047222
2 0.344907 0.190278 0.010185 0.041667
2 0.360185 0.167361 0.009259 0.0375
2 0.434722 0.170833 0.008333 0.036111
2 0.449537 0.166667 0.012037 0.036111
6 0.548611 0.210417 0.030556 0.048611
6 0.475 0.156944 0.024074 0.041667
2 0.67037 0.281944 0.042593 0.066667
1 0.119444 0.391667 0.053704 0.130556
