2 0.402315 0.560417 0.034259 0.120833
2 0.735648 0.475694 0.050926 0.090278
2 0.925 0.616667 0.061111 0.105556
2 0.280556 0.520833 0.025926 0.091667
2 0.177778 0.545833 0.02963 0.102778
2 0.243981 0.5125 0.028704 0.097222
2 0.135185 0.516667 0.022222 0.088889
2 0.140278 0.433333 0.021296 0.077778
5 0.306481 0.477778 0.062963 0.102778
6 0.271759 0.417361 0.060185 0.098611
11 0.230093 0.336111 0.071296 0.122222
2 0.206944 0.516667 0.025 0.080556
2 0.159259 0.505556 0.018519 0.080556
2 0.165278 0.466667 0.017593 0.063889
2 0.182407 0.452083 0.018519 0.070833
2 0.212037 0.460417 0.022222 0.0625
2 0.323611 0.303472 0.017593 0.0375
2 0.277778 0.285417 0.014815 0.031944
6 0.189815 0.288194 0.02963 0.043056
6 0.16713 0.275694 0.025 0.0375
6 0.203241 0.240278 0.019444 0.030556
2 0.233796 0.472222 0.019444 0.069444
