2 0.902778 0.705556 0.072222 0.186111
2 0.136574 0.802778 0.067593 0.236111
2 0.744907 0.642361 0.069444 0.181944
2 0.489352 0.325 0.023148 0.088889
2 0.301852 0.535417 0.035185 0.145833
2 0.197685 0.577778 0.043519 0.169444
2 0.368519 0.50625 0.040741 0.159722
2 0.148611 0.422917 0.065741 0.104167
2 0.75463 0.481944 0.042593 0.138889
2 0.211574 0.4 0.05463 0.097222
2 0.365741 0.322917 0.024074 0.090278
2 0.959259 0.620139 0.062963 0.168056
2 0.641204 0.425694 0.036111 0.115278
2 0.599074 0.35625 0.044444 0.0875
2 0.694444 0.435417 0.038889 0.118056
2 0.266667 0.304861 0.02037 0.079167
2 0.72037 0.385417 0.025926 0.0875
2 0.311574 0.417361 0.026852 0.101389
2 0.216204 0.33125 0.026852 0.076389
2 0.575463 0.33125 0.034259 0.076389
6 0.680556 0.286806 0.090741 0.0625
6 0.447222 0.2375 0.040741 0.055556
6 0.431019 0.197917 0.025 0.051389
6 0.463889 0.199306 0.025926 0.056944
6 0.552778 0.204861 0.031481 0.045833
11 0.376389 0.164583 0.028704 0.068056
2 0.636111 0.345139 0.025926 0.079167
2 0.668519 0.330556 0.031481 0.077778
2 0.672685 0.391667 0.032407 0.094444
2 0.341667 0.291667 0.022222 0.077778
2 0.508333 0.277083 0.018519 0.068056
2 0.55 0.285417 0.027778 0.073611
2 0.580093 0.265972 0.013889 0.0625
2 0.591204 0.272222 0.017593 0.055556
2 0.5125 0.249306 0.017593 0.054167
2 0.538426 0.238194 0.017593 0.056944
2 0.481481 0.236111 0.014815 0.047222
2 0.31713 0.23125 0.015741 0.059722
2 0.3375 0.216667 0.012037 0.05
2 0.344907 0.197222 0.010185 0.044444
2 0.260648 0.249306 0.017593 0.048611
2 0.325 0.202778 0.011111 0.041667
4 0.311111 0.315972 0.042593 0.098611
2 0.029167 0.506944 0.037963 0.1
