2 0.815278 0.754861 0.069444 0.206944
2 0.2375 0.679167 0.047222 0.205556
2 0.1625 0.799306 0.063889 0.245833
2 0.366667 0.590972 0.040741 0.1625
2 0.956481 0.679861 0.074074 0.179167
2 0.28287 0.364583 0.026852 0.101389
2 0.610185 0.403472 0.02963 0.109722
2 0.672685 0.443056 0.034259 0.127778
2 0.578704 0.319444 0.022222 0.077778
2 0.776389 0.407639 0.032407 0.106944
2 0.345833 0.356944 0.028704 0.1
2 0.530093 0.290972 0.021296 0.076389
2 0.646296 0.372917 0.027778 0.090278
2 0.853241 0.420833 0.030556 0.102778
2 0.371759 0.252083 0.019444 0.070833
2 0.172685 0.417361 0.056481 0.109722
2 0.906019 0.382639 0.032407 0.084722
6 0.440741 0.284722 0.081481 0.077778
name 0.322685 0.267361 0.049074 0.081944
2 0.89213 0.572917 0.102778 0.181944
2 0.803241 0.327083 0.052778 0.076389
2 0.832407 0.309722 0.040741 0.066667
2 0.868981 0.319444 0.041667 0.075
2 0.729167 0.320833 0.047222 0.072222
2 0.69213 0.319444 0.043519 0.072222
2 0.666667 0.297917 0.035185 0.059722
2 0.701389 0.297917 0.036111 0.070833
2 0.567593 0.277778 0.037037 0.052778
2 0.542593 0.265278 0.018519 0.055556
2 0.595833 0.265278 0.015741 0.061111
2 0.105556 0.439583 0.07963 0.104167
2 0.124074 0.420139 0.061111 0.081944
2 0.274074 0.256944 0.014815 0.063889
2 0.289815 0.2375 0.014815 0.058333
2 0.343056 0.2375 0.015741 0.052778
2 0.452778 0.245833 0.035185 0.052778
2 0.492593 0.2 0.009259 0.038889
2 0.502778 0.191667 0.012963 0.036111
2 0.347222 0.954861 0.053704 0.076389
6 0.551389 0.211111 0.036111 0.044444
6 0.457407 0.189583 0.025926 0.043056
6 0.428241 0.170833 0.028704 0.041667
2 0.480093 0.184722 0.010185 0.036111
0 0.097222 0.495833 0.02963 0.122222
