2 0.65 0.708333 0.07037 0.144444
2 0.411111 0.577778 0.059259 0.125
2 0.779167 0.769444 0.047222 0.147222
2 0.193519 0.629861 0.042593 0.126389
2 0.631481 0.524306 0.037037 0.076389
2 0.533796 0.453472 0.034259 0.073611
2 0.747685 0.573611 0.050926 0.102778
2 0.423148 0.386806 0.025926 0.068056
2 0.629167 0.459722 0.043519 0.072222
2 0.177315 0.511111 0.023148 0.088889
2 0.152315 0.507639 0.021296 0.081944
2 0.268519 0.495139 0.027778 0.101389
6 0.476389 0.518056 0.099074 0.105556
6 0.283333 0.447917 0.062963 0.098611
6 0.215741 0.402083 0.051852 0.081944
2 0.223611 0.515972 0.017593 0.090278
2 0.241204 0.488194 0.021296 0.081944
2 0.200463 0.495833 0.019444 0.097222
2 0.121296 0.479861 0.016667 0.081944
2 0.1375 0.484028 0.015741 0.0875
2 0.119907 0.417361 0.015741 0.0625
2 0.16713 0.45 0.013889 0.05
2 0.277778 0.274306 0.012963 0.045833
2 0.247222 0.280556 0.011111 0.036111
2 0.22963 0.259028 0.009259 0.029167
2 0.129167 0.280556 0.010185 0.033333
2 0.141204 0.314583 0.010185 0.034722
0 0.514352 0.363889 0.013889 0.055556
0 0.502315 0.360417 0.013889 0.0625
0 0.490741 0.368056 0.011111 0.055556
0 0.474074 0.351389 0.011111 0.052778
6 0.221296 0.325 0.035185 0.055556
6 0.276389 0.390972 0.047222 0.0375
2 0.243519 0.397222 0.016667 0.055556
2 0.141667 0.403472 0.012963 0.054167
9 0.180093 0.264583 0.036111 0.076389
