0 0.908796 0.439583 0.019444 0.081944
2 0.245833 0.766667 0.041667 0.155556
2 0.585648 0.436111 0.041667 0.072222
2 0.340278 0.918056 0.052778 0.141667
2 0.214815 0.620139 0.031481 0.118056
2 0.764352 0.439583 0.034259 0.065278
2 0.176389 0.724306 0.037963 0.120833
2 0.279167 0.595833 0.025 0.086111
2 0.170833 0.639583 0.028704 0.081944
2 0.246296 0.608333 0.025926 0.1
2 0.257407 0.922917 0.057407 0.134722
2 0.178704 0.577778 0.027778 0.094444
6 0.375926 0.690278 0.140741 0.216667
5 0.397685 0.577083 0.119444 0.154167
6 0.305093 0.451389 0.063889 0.097222
5 0.254167 0.402778 0.058333 0.077778
6 0.457407 0.391667 0.057407 0.075
6 0.389352 0.629167 0.130556 0.180556
2 0.27963 0.730556 0.031481 0.15
2 0.287037 0.679861 0.02963 0.118056
2 0.133796 0.598611 0.025 0.108333
2 0.144444 0.567361 0.02037 0.104167
2 0.108796 0.5625 0.023148 0.1
2 0.126389 0.520139 0.017593 0.070833
2 0.133796 0.479167 0.013889 0.061111
2 0.206481 0.545139 0.022222 0.073611
2 0.252315 0.560417 0.019444 0.0875
2 0.261574 0.527083 0.025 0.0875
2 0.295833 0.514583 0.021296 0.070833
2 0.310648 0.563889 0.028704 0.088889
2 0.252315 0.469444 0.023148 0.075
2 0.22963 0.522222 0.022222 0.072222
2 0.215741 0.481944 0.022222 0.058333
2 0.190278 0.509722 0.021296 0.075
2 0.163426 0.53125 0.021296 0.076389
2 0.165278 0.478472 0.019444 0.048611
2 0.142593 0.446528 0.02037 0.065278
2 0.191204 0.413889 0.015741 0.055556
2 0.194444 0.459028 0.016667 0.054167
2 0.163889 0.422222 0.02037 0.055556
6 0.188426 0.386111 0.036111 0.061111
2 0.211574 0.426389 0.013889 0.052778
6 0.227778 0.340278 0.033333 0.047222
6 0.243056 0.28125 0.028704 0.040278
2 0.109722 0.436111 0.013889 0.05
2 0.123148 0.456944 0.011111 0.05
0 0.935648 0.465278 0.015741 0.077778
