2 0.879167 0.551389 0.063889 0.094444
2 0.537037 0.459722 0.035185 0.077778
2 0.147222 0.417361 0.02037 0.070833
2 0.159722 0.370139 0.019444 0.070833
6 0.477778 0.727778 0.161111 0.236111
6 0.261111 0.385417 0.053704 0.081944
5 0.406944 0.430556 0.069444 0.080556
6 0.200463 0.391667 0.049074 0.091667
6 0.305093 0.490278 0.075 0.127778
11 0.709722 0.695833 0.330556 0.408333
2 0.3625 0.339583 0.015741 0.051389
2 0.297222 0.3 0.012963 0.041667
2 0.310185 0.295139 0.012963 0.040278
2 0.28287 0.289583 0.013889 0.0375
2 0.271759 0.269444 0.012037 0.038889
2 0.249537 0.26875 0.015741 0.0375
2 0.224537 0.319444 0.017593 0.047222
2 0.206944 0.310417 0.015741 0.048611
2 0.175926 0.342361 0.012963 0.048611
2 0.180556 0.311806 0.014815 0.043056
2 0.157407 0.295139 0.012963 0.040278
2 0.146296 0.266667 0.012963 0.033333
2 0.1375 0.307639 0.013889 0.045833
