2 0.73287 0.350694 0.049074 0.079167
2 0.611574 0.335417 0.052778 0.081944
2 0.868519 0.498611 0.037037 0.133333
2 0.287037 0.290972 0.02037 0.073611
2 0.517593 0.283333 0.027778 0.066667
2 0.554167 0.304167 0.036111 0.077778
6 0.356944 0.402778 0.071296 0.127778
6 0.921296 0.807639 0.142593 0.301389
6 0.490278 0.242361 0.049074 0.056944
2 0.612963 0.280556 0.02037 0.058333
2 0.568981 0.277778 0.017593 0.058333
2 0.546759 0.254861 0.013889 0.065278
2 0.448148 0.192361 0.009259 0.0375
2 0.45787 0.181944 0.010185 0.033333
6 0.358796 0.224306 0.034259 0.065278
6 0.488889 0.170139 0.033333 0.040278
6 0.548611 0.213194 0.037963 0.048611
2 0.375463 0.180556 0.012037 0.047222
9 0.418056 0.163194 0.025 0.054167
0 0.21713 0.253472 0.013889 0.068056
