2 0.280093 0.825694 0.049074 0.181944
2 0.323148 0.656944 0.040741 0.144444
2 0.648611 0.590972 0.037963 0.104167
2 0.866204 0.66875 0.062037 0.115278
2 0.221759 0.640278 0.032407 0.122222
2 0.165741 0.566667 0.027778 0.105556
2 0.756019 0.608333 0.050926 0.105556
2 0.457407 0.422222 0.027778 0.075
2 0.26713 0.581944 0.030556 0.116667
2 0.936574 0.74375 0.073148 0.148611
2 0.375926 0.394444 0.024074 0.066667
2 0.319907 0.502778 0.026852 0.094444
2 0.673611 0.572222 0.032407 0.094444
2 0.730093 0.479167 0.039815 0.061111
2 0.16713 0.474306 0.023148 0.084722
2 0.575463 0.502083 0.050926 0.073611
2 0.819907 0.492361 0.041667 0.090278
2 0.208796 0.480556 0.025 0.075
6 0.841667 0.850694 0.244444 0.234722
6 0.546759 0.564583 0.117593 0.120833
9 0.643519 0.768056 0.505556 0.463889
2 0.375926 0.503472 0.024074 0.065278
6 0.371759 0.598611 0.075 0.141667
2 0.225463 0.579167 0.021296 0.080556
2 0.210185 0.544444 0.022222 0.083333
2 0.187963 0.450694 0.018519 0.079167
6 0.263426 0.460417 0.05463 0.106944
2 0.294907 0.411111 0.019444 0.075
11 0.239815 0.378472 0.057407 0.109722
2 0.156019 0.410417 0.013889 0.059722
2 0.168519 0.386111 0.011111 0.058333
2 0.17963 0.364583 0.011111 0.051389
2 0.162963 0.33125 0.011111 0.045833
2 0.141667 0.346528 0.011111 0.048611
2 0.139352 0.390972 0.012037 0.051389
2 0.130093 0.307639 0.008333 0.0375
2 0.146296 0.3125 0.009259 0.033333
2 0.174537 0.314583 0.008333 0.031944
6 0.194907 0.302778 0.028704 0.05
2 0.171759 0.294444 0.008333 0.025
2 0.160185 0.302083 0.009259 0.031944
2 0.169444 0.264583 0.007407 0.031944
2 0.303704 0.3125 0.011111 0.044444
2 0.310185 0.297222 0.011111 0.044444
2 0.290741 0.317361 0.011111 0.0375
2 0.343056 0.350694 0.013889 0.048611
2 0.359722 0.359028 0.017593 0.054167
2 0.349074 0.315278 0.016667 0.044444
2 0.293056 0.282639 0.012037 0.031944
2 0.247222 0.267361 0.009259 0.026389
2 0.266204 0.265278 0.010185 0.030556
2 0.586574 0.44375 0.043519 0.068056
0 0.523611 0.367361 0.012037 0.065278
2 0.103241 0.274306 0.008333 0.031944
2 0.138426 0.271528 0.008333 0.031944
