2 0.818981 0.602778 0.062037 0.102778
2 0.310648 0.486111 0.028704 0.094444
2 0.164352 0.48125 0.023148 0.090278
2 0.211111 0.497917 0.027778 0.095833
2 0.240741 0.4625 0.025926 0.091667
2 0.180556 0.398611 0.02037 0.072222
2 0.199074 0.369444 0.02037 0.069444
2 0.156481 0.324306 0.012963 0.051389
6 0.158333 0.31875 0.0 0.001389
2 0.141204 0.30625 0.012037 0.043056
2 0.181944 0.313194 0.012037 0.045833
2 0.193519 0.295139 0.012963 0.040278
2 0.177315 0.252778 0.012037 0.027778
2 0.245833 0.249306 0.008333 0.031944
6 0.189352 0.221528 0.015741 0.026389
