0 0.355556 0.590278 0.031481 0.113889
2 0.721759 0.724306 0.075 0.129167
2 0.762037 0.576389 0.051852 0.102778
2 0.179167 0.522917 0.026852 0.104167
4 0.657407 0.549306 0.062963 0.106944
2 0.435185 0.401389 0.025926 0.066667
2 0.570833 0.461806 0.036111 0.073611
2 0.385648 0.390972 0.015741 0.065278
2 0.164815 0.405556 0.02037 0.069444
2 0.3625 0.376389 0.017593 0.055556
6 0.463426 0.50625 0.091667 0.101389
2 0.190278 0.472917 0.025 0.081944
2 0.222685 0.495833 0.025 0.1
2 0.237037 0.474306 0.018519 0.084722
2 0.20463 0.400694 0.016667 0.068056
2 0.202315 0.3 0.010185 0.041667
2 0.147685 0.299306 0.013889 0.045833
2 0.160648 0.288194 0.010185 0.034722
2 0.279167 0.3 0.012037 0.038889
2 0.306944 0.303472 0.010185 0.034722
6 0.322685 0.346528 0.043519 0.051389
2 0.38287 0.349306 0.015741 0.040278
0 0.90463 0.396528 0.012963 0.070833
2 0.188426 0.376389 0.012037 0.052778
2 0.193519 0.35 0.011111 0.041667
2 0.137963 0.24375 0.005556 0.023611
2 0.115278 0.376389 0.017593 0.055556
