2 0.358333 0.7375 0.083333 0.136111
2 0.883333 0.663889 0.057407 0.119444
2 0.70787 0.545833 0.043519 0.091667
2 0.224074 0.665278 0.077778 0.116667
2 0.356944 0.622222 0.065741 0.108333
2 0.584259 0.558333 0.031481 0.108333
2 0.665278 0.548611 0.036111 0.094444
2 0.399537 0.377083 0.023148 0.070833
2 0.427315 0.482639 0.026852 0.084722
2 0.623148 0.5625 0.027778 0.105556
2 0.444444 0.396528 0.022222 0.0625
2 0.127315 0.610417 0.037963 0.131944
2 0.474074 0.401389 0.024074 0.072222
2 0.2625 0.49375 0.026852 0.093056
2 0.061574 0.55 0.030556 0.097222
2 0.525463 0.444444 0.028704 0.080556
6 0.30787 0.480556 0.052778 0.091667
6 0.313889 0.353472 0.051852 0.059722
2 0.19213 0.505556 0.021296 0.088889
2 0.229167 0.5 0.017593 0.086111
2 0.240741 0.464583 0.018519 0.079167
2 0.246296 0.424306 0.016667 0.059722
2 0.280556 0.403472 0.016667 0.054167
2 0.340741 0.475 0.02037 0.072222
2 0.362037 0.370833 0.016667 0.063889
2 0.372685 0.352083 0.013889 0.056944
2 0.34537 0.334028 0.012963 0.048611
2 0.119907 0.441667 0.017593 0.075
2 0.140278 0.459722 0.013889 0.075
2 0.161574 0.511111 0.026852 0.091667
2 0.173148 0.480556 0.018519 0.077778
2 0.201389 0.468056 0.021296 0.069444
2 0.150463 0.429861 0.013889 0.0625
2 0.146759 0.38125 0.015741 0.056944
2 0.212963 0.382639 0.014815 0.051389
2 0.175926 0.424306 0.012963 0.056944
2 0.170833 0.379861 0.012037 0.045833
6 0.167593 0.327083 0.035185 0.051389
6 0.247222 0.376389 0.044444 0.061111
6 0.212963 0.318056 0.037037 0.052778
11 0.257407 0.288194 0.037037 0.073611
2 0.128241 0.331944 0.010185 0.044444
2 0.493981 0.457639 0.025 0.059722
2 0.611111 0.503472 0.035185 0.0625
2 0.587963 0.441667 0.046296 0.063889
