2 0.310648 0.834722 0.058333 0.180556
2 0.124537 0.535417 0.026852 0.090278
2 0.154167 0.523611 0.025 0.088889
2 0.198148 0.510417 0.025926 0.076389
2 0.256019 0.540278 0.025 0.094444
2 0.227778 0.522917 0.024074 0.0875
2 0.240741 0.492361 0.02037 0.079167
2 0.141204 0.457639 0.015741 0.0625
2 0.151389 0.425694 0.019444 0.065278
2 0.128241 0.375694 0.012037 0.054167
2 0.138889 0.390278 0.018519 0.058333
2 0.144444 0.332639 0.014815 0.048611
2 0.166667 0.370139 0.018519 0.056944
2 0.158796 0.327778 0.015741 0.047222
2 0.300926 0.282639 0.016667 0.045833
2 0.319907 0.313194 0.015741 0.043056
2 0.254167 0.252083 0.013889 0.040278
2 0.955093 0.575694 0.071296 0.095833
2 0.605556 0.41875 0.027778 0.054167
2 0.216204 0.227778 0.008333 0.025
2 0.121759 0.349306 0.010185 0.043056
2 0.127778 0.331944 0.011111 0.036111
2 0.169907 0.3125 0.010185 0.036111
6 0.266204 0.450694 0.062037 0.093056
6 0.222685 0.338889 0.039815 0.05
6 0.202315 0.436111 0.052778 0.075
6 0.191204 0.393056 0.047222 0.072222
11 0.258333 0.388194 0.066667 0.109722
2 0.155093 0.274306 0.010185 0.031944
2 0.232407 0.25625 0.007407 0.026389
2 0.125 0.265972 0.007407 0.026389
2 0.118056 0.293056 0.012037 0.030556
2 0.177778 0.498611 0.016667 0.063889
2 0.147222 0.292361 0.009259 0.031944
