2 0.684722 0.509028 0.049074 0.081944
2 0.869907 0.475694 0.039815 0.076389
2 0.142593 0.540278 0.022222 0.083333
2 0.630093 0.459028 0.043519 0.073611
2 0.200463 0.501389 0.021296 0.088889
2 0.1625 0.513194 0.021296 0.090278
2 0.261111 0.49375 0.024074 0.090278
2 0.394444 0.545833 0.02963 0.102778
2 0.315741 0.31875 0.012963 0.040278
2 0.4 0.322917 0.012963 0.045833
6 0.293981 0.469444 0.063889 0.108333
2 0.239815 0.497917 0.018519 0.084722
2 0.214815 0.488194 0.016667 0.076389
2 0.188889 0.470833 0.014815 0.066667
2 0.261111 0.263889 0.009259 0.030556
2 0.289352 0.291667 0.010185 0.033333
2 0.117593 0.438889 0.014815 0.061111
6 0.272685 0.409028 0.067593 0.079167
6 0.213889 0.422222 0.046296 0.075
2 0.24537 0.440278 0.018519 0.055556
6 0.231019 0.377083 0.039815 0.0625
11 0.2 0.293056 0.035185 0.080556
6 0.225463 0.334028 0.039815 0.045833
2 0.168056 0.44375 0.013889 0.043056
2 0.148611 0.438889 0.013889 0.052778
6 0.178704 0.390278 0.038889 0.075
11 0.156944 0.296528 0.041667 0.081944
2 0.099074 0.4125 0.012963 0.05
2 0.274074 0.248611 0.009259 0.030556
