2 0.927315 0.814583 0.076852 0.154167
2 0.82963 0.643056 0.057407 0.122222
2 0.77037 0.655556 0.051852 0.094444
2 0.282407 0.726389 0.040741 0.152778
2 0.715741 0.65 0.042593 0.108333
2 0.675 0.425694 0.038889 0.068056
2 0.534722 0.513889 0.028704 0.086111
2 0.183333 0.625694 0.033333 0.118056
2 0.630093 0.45625 0.04537 0.076389
2 0.158796 0.482639 0.017593 0.079167
2 0.709259 0.566667 0.042593 0.069444
2 0.507407 0.464583 0.02963 0.076389
2 0.300926 0.934722 0.053704 0.108333
2 0.186111 0.395139 0.016667 0.065278
2 0.04537 0.527083 0.046296 0.095833
2 0.186111 0.519444 0.027778 0.083333
2 0.139815 0.38125 0.012963 0.056944
2 0.189815 0.585417 0.033333 0.106944
6 0.394907 0.615278 0.108333 0.158333
6 0.40463 0.45 0.07963 0.097222
6 0.723148 0.929167 0.187037 0.119444
6 0.303241 0.479167 0.052778 0.094444
11 0.279167 0.572222 0.112037 0.241667
6 0.228704 0.393056 0.048148 0.077778
6 0.223148 0.335417 0.031481 0.048611
6 0.19213 0.319444 0.030556 0.052778
6 0.200926 0.292361 0.024074 0.0375
11 0.165741 0.261111 0.025926 0.055556
2 0.163426 0.425 0.013889 0.061111
2 0.166204 0.372917 0.013889 0.056944
2 0.408796 0.395139 0.015741 0.0375
2 0.315278 0.302083 0.010185 0.0375
2 0.275463 0.309722 0.010185 0.036111
2 0.298611 0.311111 0.012037 0.041667
2 0.14213 0.325 0.012037 0.036111
2 0.371296 0.376389 0.012963 0.05
2 0.374537 0.345139 0.013889 0.054167
2 0.564352 0.50625 0.028704 0.073611
2 0.533796 0.456944 0.025 0.058333
2 0.474074 0.417361 0.014815 0.056944
2 0.458796 0.426389 0.021296 0.066667
2 0.104167 0.401389 0.015741 0.063889
2 0.062963 0.463889 0.044444 0.063889
2 0.158796 0.33125 0.010185 0.040278
2 0.163889 0.309722 0.009259 0.033333
2 0.257407 0.2625 0.009259 0.030556
