2 0.156481 0.704861 0.048148 0.201389
2 0.165741 0.417361 0.064815 0.104167
2 0.62963 0.677778 0.059259 0.172222
2 0.221296 0.559028 0.040741 0.165278
2 0.349074 0.58125 0.057407 0.154167
2 0.296296 0.367361 0.025926 0.101389
2 0.526852 0.454167 0.033333 0.122222
2 0.793056 0.765972 0.086111 0.1875
2 0.306481 0.502778 0.061111 0.113889
2 0.654167 0.445833 0.032407 0.116667
2 0.554167 0.386111 0.025 0.097222
2 0.473148 0.327083 0.024074 0.081944
2 0.9625 0.696528 0.058333 0.170833
2 0.735185 0.597917 0.046296 0.143056
2 0.791667 0.497917 0.048148 0.120833
2 0.579167 0.436806 0.026852 0.1125
2 0.206019 0.395139 0.049074 0.090278
2 0.606944 0.400694 0.028704 0.101389
2 0.364352 0.334028 0.025 0.084722
2 0.845833 0.465972 0.030556 0.1125
2 0.617593 0.520139 0.035185 0.098611
2 0.81713 0.382639 0.028704 0.093056
2 0.881019 0.670833 0.047222 0.15
2 0.645833 0.315278 0.025 0.077778
2 0.88287 0.405556 0.036111 0.094444
2 0.511111 0.331944 0.024074 0.075
2 0.337963 0.399306 0.033333 0.109722
2 0.689352 0.342361 0.039815 0.070833
2 0.505556 0.391667 0.022222 0.088889
2 0.840741 0.405556 0.031481 0.091667
2 0.838426 0.698611 0.047222 0.138889
2 0.670833 0.619444 0.049074 0.147222
2 0.875 0.547917 0.053704 0.118056
2 0.802315 0.588194 0.049074 0.106944
6 0.414815 0.442361 0.096296 0.1875
6 0.725 0.41875 0.074074 0.1125
2 0.715278 0.484028 0.04537 0.115278
2 0.871759 0.347917 0.030556 0.0625
2 0.579167 0.313889 0.04537 0.066667
2 0.540741 0.290278 0.033333 0.069444
2 0.575926 0.268056 0.018519 0.052778
2 0.593981 0.26875 0.015741 0.051389
2 0.329167 0.338889 0.021296 0.069444
2 0.339815 0.290278 0.014815 0.055556
2 0.307407 0.274306 0.014815 0.059722
2 0.286574 0.252778 0.015741 0.058333
2 0.276852 0.235417 0.014815 0.043056
2 0.399074 0.238194 0.014815 0.051389
2 0.476389 0.279167 0.025 0.052778
2 0.47037 0.234028 0.016667 0.051389
2 0.518056 0.243056 0.013889 0.041667
2 0.530556 0.232639 0.012963 0.043056
2 0.547685 0.25 0.013889 0.041667
2 0.500926 0.2 0.012963 0.044444
2 0.456481 0.188194 0.011111 0.040278
2 0.343981 0.206944 0.010185 0.038889
2 0.340741 0.249306 0.012963 0.043056
2 0.315741 0.250694 0.012963 0.054167
2 0.437963 0.190972 0.011111 0.0375
2 0.069907 0.402083 0.067593 0.076389
2 0.316204 0.205556 0.008333 0.036111
6 0.37037 0.211111 0.031481 0.061111
6 0.403704 0.1375 0.02037 0.038889
