2 0.573611 0.670139 0.078704 0.123611
2 0.925463 0.661806 0.065741 0.106944
2 0.457407 0.495833 0.02963 0.094444
2 0.869907 0.541667 0.047222 0.105556
2 0.560648 0.472917 0.032407 0.073611
2 0.730093 0.470139 0.041667 0.0875
2 0.48287 0.425694 0.025 0.079167
2 0.187037 0.519444 0.025926 0.1
2 0.142593 0.542361 0.024074 0.081944
2 0.368056 0.376389 0.019444 0.061111
5 0.653704 0.586806 0.157407 0.134722
11 0.276389 0.408333 0.067593 0.111111
2 0.165741 0.551389 0.02037 0.088889
2 0.165278 0.502083 0.013889 0.059722
2 0.138426 0.489583 0.015741 0.059722
2 0.150463 0.453472 0.015741 0.070833
2 0.139815 0.398611 0.014815 0.077778
2 0.163426 0.411806 0.013889 0.070833
2 0.202315 0.475694 0.015741 0.070833
2 0.216204 0.504167 0.015741 0.088889
2 0.230093 0.483333 0.017593 0.088889
2 0.250926 0.499306 0.024074 0.0875
2 0.252778 0.4625 0.018519 0.066667
2 0.266667 0.461806 0.022222 0.076389
2 0.212963 0.415278 0.014815 0.069444
2 0.198148 0.420139 0.014815 0.065278
2 0.189815 0.372917 0.012963 0.051389
2 0.169907 0.39375 0.012037 0.056944
2 0.172685 0.315278 0.010185 0.047222
2 0.176852 0.452778 0.016667 0.066667
2 0.115278 0.390972 0.017593 0.056944
2 0.15463 0.342361 0.011111 0.0375
2 0.14213 0.309028 0.008333 0.029167
2 0.157407 0.289583 0.007407 0.029167
6 0.236111 0.382639 0.042593 0.084722
6 0.223611 0.349306 0.036111 0.051389
6 0.216667 0.321528 0.02963 0.040278
6 0.203704 0.309722 0.02963 0.052778
6 0.247222 0.292361 0.02963 0.040278
11 0.284259 0.323611 0.042593 0.066667
2 0.765278 0.439583 0.032407 0.068056
2 0.5875 0.440278 0.039815 0.061111
2 0.390278 0.361806 0.015741 0.056944
2 0.40787 0.384028 0.017593 0.054167
2 0.403241 0.352778 0.012037 0.038889
2 0.343981 0.380556 0.013889 0.055556
2 0.324537 0.356944 0.017593 0.052778
2 0.313889 0.314583 0.011111 0.0375
6 0.311111 0.297917 0.033333 0.043056
2 0.293056 0.277778 0.013889 0.038889
2 0.098148 0.428472 0.014815 0.070833
2 0.118519 0.268056 0.007407 0.022222
2 0.128704 0.264583 0.005556 0.026389
2 0.149537 0.272222 0.006481 0.030556
