2 0.84537 0.9 0.101852 0.180556
2 0.580093 0.500694 0.037963 0.081944
2 0.793981 0.633333 0.058333 0.111111
2 0.338426 0.872917 0.050926 0.195833
2 0.239352 0.780556 0.047222 0.130556
2 0.175926 0.575694 0.02963 0.1125
2 0.387037 0.79375 0.05 0.148611
2 0.419444 0.904861 0.061111 0.159722
2 0.394907 0.577778 0.030556 0.108333
2 0.27963 0.865972 0.048148 0.181944
2 0.341667 0.572222 0.027778 0.108333
2 0.631481 0.457639 0.040741 0.076389
2 0.302778 0.579861 0.02963 0.109722
2 0.697222 0.529167 0.046296 0.083333
2 0.39537 0.352778 0.018519 0.055556
2 0.258333 0.613889 0.037037 0.102778
2 0.235648 0.656944 0.030556 0.1
2 0.378704 0.514583 0.027778 0.090278
2 0.365278 0.34375 0.017593 0.056944
2 0.118981 0.50625 0.025 0.093056
10 0.219444 0.452083 0.096296 0.201389
10 0.243981 0.351389 0.060185 0.111111
0 0.080093 0.545139 0.015741 0.095833
0 0.060648 0.531944 0.019444 0.077778
2 0.098611 0.428472 0.013889 0.070833
2 0.126852 0.455556 0.014815 0.069444
2 0.150463 0.513889 0.023148 0.091667
2 0.141667 0.433333 0.012963 0.055556
2 0.159259 0.448611 0.016667 0.072222
6 0.280556 0.308333 0.042593 0.055556
2 0.341667 0.468056 0.018519 0.052778
2 0.340278 0.5 0.021296 0.055556
2 0.27963 0.483333 0.02037 0.080556
2 0.310185 0.48125 0.018519 0.073611
2 0.30463 0.527778 0.025926 0.069444
2 0.288889 0.4375 0.016667 0.055556
2 0.140741 0.388889 0.014815 0.047222
2 0.180556 0.513194 0.018519 0.065278
0 0.446296 0.3375 0.012963 0.047222
2 0.309722 0.423611 0.017593 0.055556
2 0.291204 0.395833 0.015741 0.055556
2 0.120833 0.372222 0.012037 0.041667
2 0.125463 0.402778 0.010185 0.038889
10 0.162963 0.300694 0.038889 0.076389
6 0.198148 0.295833 0.025926 0.038889
2 0.129167 0.275694 0.008333 0.029167
2 0.161111 0.384028 0.012963 0.040278
2 0.316667 0.309028 0.011111 0.029167
2 0.331481 0.329861 0.009259 0.040278
