2 0.630556 0.547917 0.037037 0.101389
2 0.783796 0.490278 0.037963 0.066667
2 0.388889 0.595833 0.044444 0.122222
2 0.493056 0.619444 0.05463 0.122222
2 0.937037 0.615972 0.057407 0.098611
2 0.413426 0.422917 0.025 0.079167
2 0.10787 0.502083 0.025 0.093056
2 0.562037 0.5 0.025926 0.086111
2 0.46713 0.420833 0.025 0.072222
2 0.081944 0.495833 0.025 0.094444
2 0.412037 0.549306 0.048148 0.095833
5 0.49213 0.534028 0.102778 0.123611
6 0.294444 0.461111 0.061111 0.094444
2 0.147685 0.534028 0.030556 0.095833
2 0.170833 0.506944 0.017593 0.088889
2 0.187037 0.504861 0.02037 0.084722
2 0.198148 0.486806 0.016667 0.084722
2 0.122222 0.451389 0.014815 0.069444
2 0.133796 0.434722 0.013889 0.058333
2 0.167593 0.309722 0.012963 0.038889
2 0.136574 0.31875 0.012037 0.048611
2 0.273148 0.501389 0.022222 0.088889
2 0.234722 0.472222 0.017593 0.05
2 0.21713 0.413889 0.013889 0.05
6 0.264352 0.434028 0.047222 0.079167
2 0.203241 0.438194 0.019444 0.070833
2 0.195833 0.385417 0.013889 0.054167
2 0.236574 0.521528 0.023148 0.076389
2 0.22037 0.469444 0.014815 0.080556
2 0.153241 0.354861 0.010185 0.043056
2 0.138426 0.372917 0.010185 0.048611
6 0.237963 0.399306 0.042593 0.0625
6 0.233333 0.358333 0.035185 0.044444
6 0.331481 0.378472 0.05 0.065278
2 0.368981 0.365972 0.013889 0.054167
6 0.208796 0.335417 0.037963 0.068056
2 0.176852 0.368056 0.016667 0.052778
2 0.117593 0.374306 0.014815 0.056944
6 0.194444 0.292361 0.024074 0.0375
2 0.143519 0.48125 0.016667 0.051389
2 0.305556 0.328472 0.014815 0.045833
2 0.389352 0.352083 0.015741 0.045833
2 0.321296 0.323611 0.012963 0.036111
2 0.325926 0.300694 0.009259 0.031944
2 0.292593 0.2875 0.012963 0.044444
6 0.242593 0.284722 0.027778 0.038889
11 0.175463 0.248611 0.028704 0.061111
6 0.225 0.268056 0.02037 0.030556
6 0.2125 0.256944 0.019444 0.030556
2 0.453241 0.564583 0.041667 0.0875
2 0.269907 0.292361 0.008333 0.0375
2 0.405093 0.368056 0.015741 0.044444
