2 0.255093 0.765278 0.04537 0.166667
2 0.711574 0.835417 0.069444 0.1875
2 0.743981 0.677778 0.052778 0.116667
2 0.910185 0.78125 0.077778 0.156944
2 0.199537 0.672917 0.034259 0.131944
2 0.146759 0.580556 0.026852 0.102778
2 0.425463 0.593056 0.039815 0.122222
2 0.87037 0.693056 0.066667 0.127778
2 0.463889 0.577778 0.046296 0.125
2 0.493519 0.480556 0.02963 0.083333
2 0.552778 0.709028 0.051852 0.140278
2 0.384722 0.834722 0.05463 0.152778
2 0.173611 0.549306 0.025 0.093056
2 0.356481 0.911806 0.072222 0.143056
2 0.671296 0.621528 0.040741 0.109722
2 0.217593 0.613889 0.027778 0.111111
2 0.770833 0.930556 0.080556 0.116667
2 0.451389 0.446528 0.026852 0.073611
6 0.92963 0.93125 0.131481 0.123611
2 0.512963 0.448611 0.025926 0.080556
2 0.693981 0.581944 0.041667 0.102778
2 0.580556 0.471528 0.037037 0.065278
6 0.574537 0.604167 0.113889 0.111111
6 0.516204 0.827083 0.19537 0.309722
6 0.296759 0.624306 0.115741 0.181944
6 0.382407 0.424306 0.059259 0.076389
6 0.327778 0.526389 0.074074 0.113889
6 0.287037 0.436111 0.055556 0.077778
6 0.260648 0.388889 0.047222 0.080556
2 0.481019 0.9375 0.062037 0.108333
2 0.269444 0.491667 0.025926 0.097222
2 0.208796 0.536111 0.025 0.088889
2 0.216204 0.491667 0.025 0.091667
2 0.185648 0.505556 0.023148 0.094444
2 0.165741 0.471528 0.018519 0.081944
2 0.147222 0.428472 0.02037 0.076389
2 0.169907 0.415278 0.015741 0.063889
2 0.1875 0.431944 0.015741 0.075
2 0.210648 0.411806 0.015741 0.056944
2 0.146296 0.361111 0.014815 0.055556
2 0.164352 0.358333 0.015741 0.047222
2 0.191667 0.309722 0.011111 0.036111
2 0.17963 0.30625 0.011111 0.0375
2 0.133796 0.322222 0.012037 0.038889
2 0.315278 0.329861 0.015741 0.048611
2 0.345833 0.338194 0.012037 0.043056
2 0.356481 0.328472 0.011111 0.045833
2 0.230556 0.346528 0.011111 0.0375
6 0.207407 0.352083 0.035185 0.0625
2 0.176852 0.352778 0.011111 0.038889
2 0.145833 0.29375 0.013889 0.045833
2 0.167593 0.296528 0.009259 0.0375
1 0.42037 0.384722 0.02037 0.05
2 0.437963 0.411806 0.018519 0.0625
2 0.63287 0.455556 0.047222 0.061111
2 0.643519 0.565972 0.031481 0.0875
2 0.641204 0.502778 0.041667 0.063889
0 0.0625 0.600694 0.023148 0.098611
