2 0.681481 0.618056 0.062963 0.097222
2 0.337037 0.658333 0.074074 0.125
2 0.234722 0.69375 0.076852 0.131944
2 0.174537 0.626389 0.034259 0.116667
2 0.442593 0.605556 0.053704 0.105556
2 0.562037 0.636111 0.035185 0.119444
2 0.477315 0.403472 0.028704 0.070833
2 0.381019 0.582639 0.034259 0.115278
2 0.131481 0.579861 0.025926 0.098611
2 0.35 0.5 0.02963 0.102778
0 0.788889 0.451389 0.02037 0.066667
2 0.374074 0.380556 0.018519 0.066667
0 0.551852 0.530556 0.025926 0.1
2 0.17037 0.531944 0.024074 0.077778
6 0.688889 0.552778 0.125926 0.094444
10 0.217593 0.449306 0.094444 0.204167
2 0.414352 0.556944 0.036111 0.094444
2 0.310185 0.509722 0.018519 0.097222
2 0.325463 0.491667 0.023148 0.094444
2 0.29213 0.495139 0.023148 0.098611
2 0.280093 0.511111 0.023148 0.088889
2 0.310185 0.4375 0.018519 0.063889
2 0.295833 0.446528 0.017593 0.0625
2 0.302778 0.316667 0.012963 0.047222
2 0.321296 0.315278 0.014815 0.041667
2 0.202315 0.288889 0.010185 0.036111
2 0.24213 0.272917 0.008333 0.029167
2 0.181481 0.335417 0.012963 0.045833
2 0.180093 0.290278 0.010185 0.036111
2 0.186111 0.275 0.009259 0.033333
2 0.117593 0.429167 0.014815 0.075
2 0.128704 0.40625 0.009259 0.045833
2 0.138889 0.375694 0.012963 0.051389
0 0.127778 0.359028 0.011111 0.051389
0 0.116667 0.363194 0.012963 0.059722
2 0.142593 0.3125 0.011111 0.041667
2 0.163426 0.375 0.013889 0.058333
2 0.156019 0.422222 0.013889 0.052778
2 0.140278 0.429861 0.013889 0.045833
2 0.133333 0.507639 0.018519 0.076389
2 0.148148 0.488889 0.018519 0.069444
2 0.1625 0.475694 0.017593 0.079167
2 0.196296 0.339583 0.011111 0.034722
2 0.272222 0.283333 0.007407 0.033333
