2 0.160648 0.552778 0.026852 0.097222
2 0.468056 0.465278 0.028704 0.091667
2 0.218056 0.532639 0.023148 0.093056
2 0.134259 0.525 0.022222 0.091667
2 0.584722 0.4375 0.041667 0.069444
2 0.974074 0.582639 0.035185 0.073611
2 0.273148 0.498611 0.024074 0.083333
2 0.241204 0.513889 0.025 0.080556
2 0.189815 0.523611 0.024074 0.102778
2 0.977315 0.691667 0.030556 0.075
6 0.833333 0.572222 0.148148 0.108333
6 0.314352 0.479167 0.065741 0.097222
6 0.191204 0.390278 0.036111 0.063889
2 0.166667 0.490972 0.02037 0.073611
2 0.161574 0.431944 0.019444 0.058333
2 0.193056 0.452778 0.015741 0.055556
2 0.210648 0.490278 0.019444 0.072222
2 0.23287 0.457639 0.019444 0.059722
2 0.209722 0.431944 0.017593 0.061111
6 0.258796 0.4375 0.049074 0.080556
6 0.263426 0.397917 0.041667 0.056944
2 0.134722 0.390972 0.013889 0.059722
2 0.122685 0.380556 0.012037 0.058333
2 0.159259 0.372917 0.014815 0.054167
6 0.233796 0.375694 0.036111 0.059722
2 0.270833 0.367361 0.013889 0.040278
2 0.18287 0.345833 0.013889 0.036111
6 0.171759 0.297222 0.028704 0.044444
6 0.211111 0.322222 0.031481 0.047222
2 0.123611 0.300694 0.008333 0.034722
2 0.317593 0.311111 0.011111 0.038889
2 0.299537 0.298611 0.008333 0.038889
2 0.271296 0.267361 0.009259 0.029167
2 0.288889 0.311806 0.011111 0.034722
6 0.17037 0.261806 0.024074 0.031944
2 0.141204 0.325 0.010185 0.041667
1 0.548611 0.595833 0.056481 0.1
0 0.5625 0.603472 0.019444 0.106944
