2 0.81713 0.726389 0.075 0.125
2 0.722222 0.6375 0.05 0.122222
2 0.794444 0.527083 0.05 0.084722
2 0.300926 0.902083 0.048148 0.1625
2 0.404167 0.890972 0.05463 0.179167
2 0.303241 0.789583 0.04537 0.151389
2 0.245833 0.675 0.032407 0.122222
2 0.168981 0.534028 0.026852 0.098611
2 0.631019 0.458333 0.043519 0.077778
2 0.975 0.677778 0.037037 0.127778
2 0.543056 0.482639 0.030556 0.076389
2 0.413889 0.790972 0.042593 0.131944
2 0.324074 0.625 0.035185 0.125
2 0.272685 0.578472 0.025 0.095833
2 0.300926 0.668056 0.037037 0.122222
2 0.515278 0.430556 0.030556 0.066667
2 0.693519 0.578472 0.040741 0.081944
2 0.115741 0.625 0.044444 0.088889
2 0.860648 0.678472 0.04537 0.115278
2 0.160185 0.738194 0.044444 0.098611
2 0.211111 0.540972 0.022222 0.090278
2 0.232407 0.603472 0.027778 0.090278
2 0.268056 0.51875 0.026852 0.079167
2 0.181481 0.479167 0.024074 0.091667
6 0.516204 0.820833 0.165741 0.25
6 0.346759 0.525 0.099074 0.15
6 0.376852 0.396528 0.066667 0.079167
2 0.22963 0.517361 0.02037 0.090278
2 0.25463 0.482639 0.022222 0.076389
2 0.200926 0.445833 0.022222 0.072222
1 0.143056 0.472917 0.017593 0.079167
2 0.130556 0.406944 0.016667 0.058333
0 0.112963 0.357639 0.012963 0.051389
2 0.148148 0.413889 0.014815 0.061111
2 0.146759 0.3625 0.012037 0.05
2 0.153241 0.334028 0.012037 0.045833
2 0.190741 0.378472 0.014815 0.054167
2 0.17037 0.389583 0.012963 0.056944
2 0.181019 0.409028 0.015741 0.059722
0 0.568519 0.409722 0.012963 0.069444
2 0.384722 0.349306 0.015741 0.034722
6 0.323611 0.345833 0.041667 0.05
5 0.271759 0.315972 0.037963 0.040278
2 0.228241 0.434722 0.025 0.075
2 0.178241 0.334028 0.012037 0.043056
10 0.137963 0.254167 0.027778 0.058333
6 0.24213 0.285417 0.026852 0.0375
6 0.208796 0.245139 0.023148 0.031944
2 0.172222 0.276389 0.009259 0.027778
2 0.302315 0.304167 0.010185 0.033333
0 0.37963 0.285417 0.007407 0.034722
2 0.506944 0.436111 0.002778 0.002778
