2 0.24537 0.410417 0.02963 0.115278
2 0.198611 0.395139 0.062037 0.093056
2 0.650463 0.375 0.028704 0.097222
2 0.793056 0.615972 0.049074 0.156944
2 0.606944 0.381944 0.026852 0.091667
2 0.753704 0.478472 0.042593 0.129167
2 0.47963 0.444444 0.057407 0.111111
2 0.268056 0.34375 0.023148 0.0875
2 0.853704 0.515972 0.044444 0.131944
2 0.906481 0.428472 0.033333 0.1125
2 0.687963 0.3 0.040741 0.058333
2 0.875926 0.409028 0.031481 0.093056
2 0.925463 0.617361 0.04537 0.151389
2 0.86713 0.359028 0.036111 0.084722
2 0.893056 0.633333 0.071296 0.158333
2 0.588426 0.294444 0.032407 0.061111
2 0.449537 0.444444 0.032407 0.122222
2 0.960185 0.334028 0.040741 0.070833
2 0.569907 0.274306 0.032407 0.0625
6 0.525 0.393056 0.081481 0.105556
6 0.363889 0.360417 0.059259 0.118056
6 0.364352 0.259722 0.043519 0.063889
11 0.473148 0.275 0.066667 0.138889
2 0.8125 0.502778 0.050926 0.116667
2 0.804167 0.413889 0.030556 0.091667
2 0.825926 0.406944 0.027778 0.1
2 0.126852 0.389583 0.061111 0.093056
2 0.262963 0.290278 0.02037 0.061111
2 0.287963 0.26875 0.014815 0.0625
2 0.302315 0.292361 0.025 0.079167
2 0.330556 0.275 0.02037 0.072222
2 0.626389 0.308333 0.043519 0.066667
2 0.6125 0.273611 0.030556 0.044444
6 0.841667 0.313194 0.111111 0.079167
6 0.47963 0.197222 0.033333 0.041667
6 0.446296 0.173611 0.025926 0.041667
6 0.411574 0.161111 0.017593 0.027778
11 0.374074 0.172222 0.031481 0.075
10 0.314815 0.221528 0.051852 0.1125
