2 0.126389 0.443056 0.030556 0.111111
2 0.119444 0.871528 0.072222 0.215278
2 0.144444 0.602083 0.053704 0.170833
2 0.24537 0.592361 0.044444 0.170833
2 0.401389 0.39375 0.028704 0.104167
2 0.424074 0.526389 0.037037 0.15
2 0.221759 0.405556 0.049074 0.094444
2 0.395833 0.864583 0.058333 0.243056
2 0.909722 0.641667 0.058333 0.169444
2 0.573148 0.338889 0.022222 0.080556
2 0.860648 0.488889 0.034259 0.113889
2 0.366667 0.444444 0.02963 0.119444
2 0.968519 0.659722 0.048148 0.15
2 0.606944 0.372222 0.025 0.094444
2 0.165278 0.378472 0.049074 0.0875
2 0.648148 0.388889 0.027778 0.1
2 0.789352 0.528472 0.047222 0.129167
2 0.490741 0.308333 0.025926 0.083333
2 0.860648 0.411111 0.030556 0.094444
2 0.263426 0.39375 0.039815 0.109722
2 0.306481 0.409722 0.038889 0.105556
2 0.317593 0.300694 0.02037 0.073611
2 0.346296 0.364583 0.024074 0.090278
2 0.811574 0.477778 0.028704 0.108333
6 0.824074 0.714583 0.207407 0.268056
6 0.771296 0.384028 0.090741 0.1125
6 0.590278 0.29375 0.110185 0.081944
6 0.530093 0.420833 0.09537 0.144444
2 0.041204 0.441667 0.065741 0.086111
2 0.82963 0.321528 0.044444 0.076389
2 0.938426 0.359722 0.034259 0.075
2 0.977778 0.327778 0.027778 0.066667
2 0.653241 0.330556 0.030556 0.077778
2 0.333796 0.340972 0.025 0.093056
2 0.382407 0.25 0.016667 0.058333
2 0.402315 0.239583 0.015741 0.065278
2 0.480093 0.209722 0.012037 0.047222
2 0.466667 0.1875 0.009259 0.033333
2 0.45 0.181944 0.009259 0.033333
6 0.485185 0.272222 0.07963 0.063889
6 0.361111 0.23125 0.033333 0.048611
6 0.377315 0.202778 0.030556 0.047222
2 0.437037 0.252083 0.024074 0.054167
