2 0.593056 0.293056 0.041667 0.069444
2 0.15463 0.413194 0.066667 0.101389
2 0.098148 0.783333 0.072222 0.247222
2 0.900463 0.577778 0.065741 0.155556
2 0.713889 0.429167 0.035185 0.116667
2 0.783796 0.516667 0.039815 0.138889
2 0.65 0.407639 0.033333 0.1125
2 0.860185 0.483333 0.037037 0.102778
2 0.565741 0.261806 0.016667 0.059722
2 0.963426 0.777778 0.058333 0.163889
2 0.97037 0.50625 0.044444 0.081944
2 0.74537 0.522222 0.042593 0.127778
2 0.857407 0.415278 0.038889 0.088889
2 0.933333 0.935417 0.105556 0.109722
6 0.850463 0.365278 0.09537 0.111111
12 0.377778 0.1875 0.053704 0.152778
2 0.4875 0.195833 0.010185 0.033333
2 0.472685 0.170833 0.008333 0.030556
2 0.298148 0.208333 0.014815 0.047222
2 0.311574 0.193056 0.010185 0.041667
2 0.32037 0.188889 0.011111 0.038889
0 0.746759 0.310417 0.019444 0.076389
