2 0.690278 0.567361 0.030556 0.098611
2 0.284722 0.754861 0.047222 0.1625
2 0.460648 0.565972 0.056481 0.1125
2 0.314352 0.884028 0.052778 0.179167
2 0.613426 0.559722 0.032407 0.105556
2 0.40787 0.578472 0.037963 0.115278
2 0.46713 0.422222 0.034259 0.094444
2 0.155556 0.494444 0.024074 0.091667
6 0.503241 0.832639 0.187963 0.295833
6 0.885648 0.8875 0.217593 0.202778
6 0.328704 0.590278 0.122222 0.183333
6 0.283333 0.46875 0.068519 0.118056
6 0.212037 0.51875 0.057407 0.095833
6 0.206019 0.438194 0.050926 0.073611
6 0.258333 0.407639 0.05 0.073611
11 0.17963 0.355556 0.05 0.125
11 0.283333 0.313194 0.048148 0.093056
2 0.394444 0.396528 0.02037 0.059722
2 0.40787 0.383333 0.017593 0.061111
2 0.3625 0.330556 0.017593 0.05
2 0.327778 0.322222 0.014815 0.033333
2 0.134722 0.450694 0.021296 0.068056
2 0.154167 0.4125 0.019444 0.063889
2 0.125926 0.279167 0.014815 0.047222
6 0.215741 0.325 0.027778 0.055556
6 0.184722 0.275694 0.028704 0.0375
6 0.241667 0.283333 0.027778 0.033333
6 0.161574 0.226389 0.023148 0.030556
6 0.17037 0.254861 0.02963 0.0375
