2 0.619907 0.336111 0.026852 0.091667
2 0.243981 0.409722 0.030556 0.119444
2 0.932407 0.732639 0.074074 0.168056
2 0.184722 0.391667 0.056481 0.094444
2 0.794444 0.646528 0.064815 0.176389
1 0.334259 0.385417 0.048148 0.104167
2 0.856019 0.468056 0.036111 0.122222
2 0.693981 0.354167 0.026852 0.091667
2 0.7875 0.380556 0.028704 0.094444
2 0.727778 0.35625 0.025926 0.0875
2 0.971759 0.609028 0.043519 0.145833
2 0.90787 0.579861 0.05463 0.131944
2 0.061574 0.429167 0.058333 0.091667
2 0.910648 0.529167 0.052778 0.111111
5 0.775926 0.525 0.112963 0.158333
11 0.485648 0.2875 0.126852 0.144444
11 0.375926 0.2125 0.048148 0.1
2 0.543056 0.240278 0.015741 0.055556
2 0.518519 0.219444 0.014815 0.041667
2 0.47963 0.202778 0.011111 0.041667
2 0.495833 0.196528 0.010185 0.0375
2 0.324537 0.220139 0.015741 0.054167
2 0.296296 0.225694 0.012963 0.054167
2 0.323611 0.172917 0.010185 0.040278
6 0.55 0.209028 0.033333 0.043056
6 0.435648 0.192361 0.030556 0.045833
6 0.473611 0.160417 0.026852 0.040278
6 0.401852 0.138194 0.018519 0.031944
2 0.861574 0.394444 0.026852 0.066667
2 0.956019 0.920833 0.076852 0.136111
