2 0.435185 0.859028 0.07963 0.243056
2 0.755556 0.365972 0.037037 0.098611
2 0.524074 0.309028 0.038889 0.084722
2 0.3 0.515972 0.040741 0.156944
2 0.35787 0.379167 0.026852 0.1
2 0.858333 0.45 0.037037 0.127778
2 0.921296 0.382639 0.038889 0.079167
6 0.300926 0.304861 0.051852 0.090278
6 0.521759 0.265278 0.049074 0.058333
6 0.325463 0.223611 0.036111 0.055556
12 0.381019 0.208333 0.062037 0.205556
6 0.289352 0.205556 0.032407 0.052778
0 0.973611 0.507639 0.037963 0.068056
0 0.048148 0.508333 0.022222 0.061111
0 0.057407 0.408333 0.024074 0.091667
2 0.151389 0.427083 0.069444 0.0875
2 0.09537 0.405556 0.051852 0.088889
2 0.874537 0.408333 0.023148 0.075
2 0.456019 0.172917 0.013889 0.040278
