2 0.571296 0.315972 0.025926 0.084722
2 0.203704 0.381944 0.05 0.094444
2 0.868981 0.348611 0.030556 0.083333
2 0.600463 0.300694 0.034259 0.070833
2 0.25 0.332639 0.022222 0.084722
2 0.493056 0.259722 0.019444 0.063889
2 0.427315 0.243056 0.030556 0.055556
2 0.083333 0.413889 0.048148 0.083333
0 0.447222 0.602778 0.040741 0.152778
6 0.901852 0.736806 0.185185 0.284722
6 0.362963 0.245139 0.037037 0.065278
2 0.035648 0.430556 0.062037 0.094444
2 0.387963 0.215972 0.012963 0.054167
2 0.470833 0.200694 0.012037 0.043056
2 0.501852 0.202083 0.012963 0.040278
2 0.485648 0.190278 0.012037 0.036111
2 0.42963 0.172917 0.007407 0.031944
2 0.314815 0.190278 0.012963 0.038889
2 0.32037 0.175 0.012963 0.036111
2 0.452778 0.180556 0.011111 0.036111
6 0.548148 0.209722 0.038889 0.052778
6 0.409259 0.14375 0.022222 0.031944
6 0.475926 0.159028 0.024074 0.034722
