2 0.140278 0.664583 0.049074 0.181944
2 0.293519 0.326389 0.022222 0.088889
2 0.575463 0.426389 0.034259 0.116667
2 0.262037 0.532639 0.037037 0.1625
2 0.305093 0.470139 0.034259 0.140278
2 0.331019 0.330556 0.021296 0.083333
2 0.531944 0.273611 0.019444 0.063889
2 0.556019 0.266667 0.019444 0.058333
2 0.347685 0.285417 0.017593 0.073611
2 0.314352 0.246528 0.013889 0.059722
2 0.444444 0.232639 0.012963 0.048611
2 0.443519 0.190278 0.011111 0.036111
2 0.454167 0.184028 0.010185 0.034722
2 0.494907 0.199306 0.010185 0.0375
6 0.291204 0.210417 0.032407 0.045833
9 0.376852 0.173611 0.033333 0.069444
0 0.977778 0.511806 0.035185 0.073611
0 0.051852 0.425694 0.024074 0.045833
0 0.052315 0.495833 0.028704 0.091667
