2 0.632407 0.616667 0.062963 0.108333
2 0.497685 0.895833 0.067593 0.177778
2 0.427778 0.811806 0.048148 0.168056
2 0.249537 0.853472 0.047222 0.1875
2 0.881944 0.828472 0.076852 0.1625
2 0.686574 0.7 0.060185 0.111111
2 0.213426 0.66875 0.039815 0.143056
2 0.362963 0.9125 0.055556 0.144444
2 0.346759 0.779861 0.049074 0.148611
2 0.471759 0.409028 0.025 0.070833
2 0.696296 0.541667 0.048148 0.086111
2 0.64213 0.522917 0.037963 0.079167
2 0.175926 0.561806 0.024074 0.104167
2 0.431019 0.384028 0.021296 0.068056
2 0.151852 0.515972 0.022222 0.084722
0 0.712037 0.477083 0.022222 0.079167
2 0.193056 0.540972 0.025 0.093056
2 0.385648 0.401389 0.021296 0.072222
2 0.93287 0.921528 0.093519 0.134722
2 0.562037 0.465972 0.037037 0.084722
2 0.405093 0.386111 0.021296 0.063889
2 0.502778 0.370139 0.02037 0.065278
6 0.840741 0.688889 0.190741 0.138889
6 0.397685 0.651389 0.121296 0.169444
6 0.27037 0.609028 0.098148 0.190278
6 0.318519 0.501389 0.081481 0.144444
6 0.271759 0.408333 0.056481 0.077778
2 0.959259 0.846528 0.07037 0.143056
2 0.631481 0.459028 0.044444 0.070833
2 0.40787 0.322222 0.013889 0.041667
2 0.356944 0.35625 0.017593 0.056944
6 0.233796 0.372222 0.041667 0.066667
6 0.201389 0.323611 0.034259 0.055556
2 0.222685 0.306944 0.012037 0.036111
2 0.275926 0.276389 0.012963 0.038889
2 0.243519 0.249306 0.009259 0.031944
0 0.070833 0.470139 0.012037 0.065278
2 0.128704 0.441667 0.014815 0.066667
2 0.145833 0.449306 0.013889 0.0625
2 0.153241 0.428472 0.010185 0.048611
2 0.195833 0.463889 0.012037 0.066667
2 0.218981 0.507639 0.021296 0.076389
2 0.244444 0.495139 0.022222 0.059722
2 0.235185 0.445833 0.016667 0.063889
2 0.209722 0.439583 0.015741 0.059722
6 0.191204 0.384722 0.039815 0.083333
2 0.130093 0.404861 0.013889 0.045833
2 0.869444 0.473611 0.037037 0.083333
2 0.931944 0.497222 0.037963 0.111111
0 0.901852 0.50625 0.016667 0.073611
2 0.802778 0.572917 0.044444 0.073611
2 0.168056 0.441667 0.013889 0.055556
