2 0.200926 0.411111 0.059259 0.102778
2 0.282407 0.308333 0.024074 0.091667
2 0.85463 0.404167 0.035185 0.102778
2 0.483796 0.273611 0.023148 0.066667
2 0.118056 0.484722 0.034259 0.133333
2 0.251389 0.297222 0.023148 0.083333
2 0.924074 0.373611 0.037037 0.083333
2 0.330093 0.2 0.013889 0.044444
12 0.45 0.608333 0.4 0.780556
2 0.497685 0.200694 0.010185 0.045833
2 0.452778 0.169444 0.011111 0.030556
2 0.446296 0.147917 0.007407 0.020833
0 0.976389 0.509722 0.034259 0.072222
6 0.289352 0.205556 0.028704 0.05
