2 0.405093 0.689583 0.049074 0.145833
2 0.284722 0.811806 0.049074 0.170833
2 0.736111 0.476389 0.05 0.088889
2 0.227315 0.695833 0.036111 0.138889
2 0.377778 0.60625 0.037037 0.1125
2 0.225926 0.585417 0.02963 0.101389
2 0.293981 0.701389 0.037963 0.130556
2 0.803241 0.673611 0.062037 0.133333
2 0.281481 0.593056 0.033333 0.113889
2 0.47963 0.920139 0.059259 0.129167
2 0.19537 0.552778 0.025926 0.102778
2 0.491667 0.443056 0.02963 0.072222
2 0.407407 0.370833 0.022222 0.063889
2 0.254167 0.498611 0.025 0.091667
2 0.818056 0.589583 0.058333 0.090278
2 0.156019 0.586111 0.025 0.102778
2 0.218981 0.502083 0.023148 0.079167
2 0.175926 0.521528 0.022222 0.0875
6 0.286574 0.4375 0.071296 0.102778
2 0.133796 0.436111 0.021296 0.080556
2 0.191204 0.469444 0.019444 0.061111
2 0.148148 0.527083 0.018519 0.059722
2 0.157407 0.46875 0.02037 0.065278
2 0.203704 0.434722 0.022222 0.061111
2 0.147685 0.411806 0.017593 0.048611
6 0.225463 0.397917 0.05463 0.081944
6 0.143056 0.345139 0.043519 0.065278
11 0.20463 0.291667 0.040741 0.075
6 0.184259 0.361111 0.033333 0.063889
6 0.175463 0.322222 0.030556 0.05
