2 0.281944 0.634722 0.034259 0.130556
2 0.387037 0.652778 0.035185 0.130556
2 0.166667 0.377778 0.02037 0.072222
2 0.389352 0.340278 0.017593 0.055556
2 0.506019 0.918056 0.060185 0.147222
2 0.176852 0.341667 0.016667 0.058333
2 0.418056 0.386111 0.023148 0.072222
11 0.31713 0.336806 0.071296 0.1125
2 0.364352 0.339583 0.015741 0.056944
6 0.25 0.292361 0.02963 0.0375
2 0.276389 0.284028 0.012037 0.0375
2 0.250463 0.257639 0.010185 0.026389
2 0.146296 0.313889 0.014815 0.044444
2 0.164352 0.24375 0.012037 0.029167
