2 0.433333 0.588194 0.044444 0.140278
2 0.643981 0.604861 0.043519 0.106944
2 0.244907 0.498611 0.021296 0.1
2 0.213426 0.508333 0.026852 0.097222
2 0.129167 0.492361 0.021296 0.084722
2 0.156481 0.508333 0.024074 0.094444
2 0.27037 0.479167 0.027778 0.094444
2 0.184722 0.504167 0.023148 0.097222
11 0.27037 0.396528 0.068519 0.126389
2 0.228704 0.482639 0.018519 0.073611
2 0.2125 0.457639 0.019444 0.054167
2 0.188426 0.438889 0.017593 0.055556
2 0.171759 0.461111 0.017593 0.063889
2 0.157407 0.422917 0.018519 0.070833
2 0.143056 0.454861 0.019444 0.070833
2 0.208796 0.404861 0.017593 0.0625
6 0.219907 0.354167 0.037963 0.058333
6 0.214352 0.322917 0.034259 0.045833
6 0.203241 0.308333 0.026852 0.044444
2 0.160185 0.322917 0.012963 0.048611
2 0.153241 0.313889 0.010185 0.038889
6 0.152315 0.272222 0.025 0.038889
6 0.259722 0.284722 0.028704 0.033333
6 0.30787 0.300694 0.039815 0.043056
