0 0.231481 0.622222 0.027778 0.116667
0 0.215278 0.613889 0.019444 0.111111
2 0.729167 0.640972 0.056481 0.120833
2 0.804167 0.563889 0.058333 0.091667
2 0.924074 0.697222 0.040741 0.136111
2 0.436574 0.591667 0.032407 0.116667
2 0.5875 0.560417 0.036111 0.106944
2 0.675 0.500694 0.051852 0.073611
2 0.397685 0.555556 0.047222 0.108333
2 0.585648 0.436806 0.043519 0.073611
2 0.361111 0.515278 0.035185 0.1
2 0.241204 0.495139 0.025 0.090278
2 0.55463 0.541667 0.022222 0.091667
2 0.208796 0.519444 0.026852 0.094444
2 0.727315 0.470139 0.034259 0.079167
2 0.125926 0.41875 0.016667 0.068056
2 0.186574 0.519444 0.023148 0.091667
2 0.150463 0.43125 0.019444 0.076389
6 0.487963 0.549306 0.105556 0.120833
6 0.285185 0.470833 0.061111 0.097222
6 0.372685 0.423611 0.065741 0.072222
2 0.165741 0.499306 0.016667 0.084722
2 0.196296 0.436111 0.016667 0.072222
2 0.180093 0.463889 0.015741 0.066667
2 0.172685 0.422917 0.015741 0.054167
2 0.228704 0.463889 0.014815 0.066667
2 0.235185 0.425 0.016667 0.052778
2 0.259259 0.40625 0.02037 0.048611
2 0.158333 0.394444 0.012963 0.047222
2 0.196296 0.3625 0.011111 0.052778
2 0.201852 0.345139 0.011111 0.0375
2 0.153704 0.35 0.011111 0.044444
2 0.164352 0.318056 0.012037 0.041667
2 0.175 0.302778 0.011111 0.036111
2 0.196759 0.302083 0.010185 0.040278
2 0.121296 0.290278 0.009259 0.036111
2 0.146296 0.272917 0.009259 0.029167
2 0.171296 0.277778 0.007407 0.027778
6 0.188426 0.270833 0.021296 0.033333
2 0.286574 0.295139 0.010185 0.040278
2 0.366204 0.360417 0.015741 0.043056
6 0.226389 0.261111 0.019444 0.030556
0 0.480556 0.336111 0.009259 0.044444
2 0.764352 0.441667 0.032407 0.066667
