0 0.103704 0.613194 0.022222 0.098611
2 0.49537 0.696528 0.048148 0.140278
2 0.779167 0.731944 0.05463 0.133333
2 0.394444 0.606944 0.053704 0.169444
2 0.670833 0.653472 0.043519 0.115278
2 0.825463 0.554861 0.032407 0.098611
2 0.708796 0.616667 0.041667 0.111111
2 0.886574 0.852778 0.071296 0.175
2 0.5 0.434722 0.031481 0.069444
2 0.135185 0.404167 0.018519 0.069444
2 0.449537 0.441667 0.026852 0.072222
2 0.90787 0.793056 0.063889 0.141667
2 0.62963 0.458333 0.046296 0.072222
2 0.816667 0.68125 0.044444 0.126389
2 0.383333 0.344444 0.018519 0.061111
6 0.503241 0.552083 0.093519 0.109722
10 0.222685 0.513194 0.136111 0.2875
2 0.80787 0.706944 0.037963 0.125
2 0.431481 0.410417 0.022222 0.068056
2 0.35463 0.352083 0.016667 0.056944
2 0.341204 0.320139 0.010185 0.043056
2 0.150463 0.320833 0.013889 0.05
2 0.166204 0.264583 0.008333 0.031944
2 0.130093 0.304861 0.010185 0.043056
2 0.130093 0.268056 0.008333 0.030556
2 0.146296 0.249306 0.007407 0.031944
2 0.137037 0.25 0.007407 0.033333
2 0.317593 0.306944 0.009259 0.033333
6 0.258333 0.297917 0.035185 0.056944
10 0.25 0.258333 0.042593 0.061111
2 0.289815 0.309028 0.011111 0.0375
2 0.5375 0.390972 0.034259 0.0625
2 0.103241 0.398611 0.013889 0.061111
0 0.789352 0.452083 0.019444 0.079167
0 0.935648 0.478472 0.021296 0.084722
