2 0.322222 0.597222 0.040741 0.166667
1 0.14213 0.525 0.078704 0.166667
2 0.318056 0.386111 0.075 0.108333
2 0.558333 0.307639 0.02037 0.073611
2 0.24537 0.884028 0.072222 0.201389
2 0.431019 0.3 0.025 0.077778
2 0.914352 0.35625 0.032407 0.090278
2 0.3 0.277083 0.018519 0.070833
2 0.14213 0.417361 0.084259 0.101389
2 0.596759 0.283333 0.021296 0.066667
2 0.705093 0.298611 0.034259 0.072222
2 0.676389 0.331944 0.026852 0.080556
2 0.766204 0.466667 0.039815 0.113889
2 0.319907 0.310417 0.028704 0.065278
6 0.495833 0.306944 0.062037 0.094444
6 0.763889 0.388194 0.075926 0.1125
11 0.876389 0.719444 0.237963 0.530556
6 0.382407 0.234028 0.027778 0.056944
6 0.424537 0.175694 0.023148 0.034722
6 0.549074 0.213194 0.035185 0.048611
6 0.412037 0.149306 0.022222 0.031944
11 0.355556 0.261806 0.042593 0.090278
11 0.369444 0.186806 0.02963 0.065278
11 0.369444 0.140972 0.027778 0.045833
2 0.876852 0.438194 0.037037 0.056944
2 0.421296 0.253472 0.022222 0.056944
2 0.504167 0.215278 0.013889 0.05
2 0.511574 0.202778 0.010185 0.038889
2 0.524074 0.225694 0.012963 0.045833
2 0.541204 0.259722 0.017593 0.061111
2 0.471759 0.192361 0.012037 0.040278
2 0.30463 0.192361 0.011111 0.034722
2 0.265741 0.2375 0.012963 0.047222
2 0.065741 0.407639 0.062963 0.076389
0 0.237037 0.309028 0.022222 0.070833
