2 0.781944 0.688889 0.069444 0.197222
2 0.425926 0.513194 0.053704 0.140278
2 0.839815 0.367361 0.048148 0.0875
2 0.637963 0.303472 0.044444 0.073611
2 0.272685 0.526389 0.037963 0.152778
2 0.739815 0.361806 0.05 0.079167
2 0.226852 0.503472 0.042593 0.151389
2 0.718981 0.521528 0.04537 0.148611
2 0.168981 0.904167 0.071296 0.166667
2 0.319444 0.258333 0.016667 0.052778
2 0.275 0.247917 0.016667 0.054167
2 0.398148 0.231944 0.016667 0.052778
2 0.323611 0.21875 0.013889 0.043056
2 0.342593 0.201389 0.011111 0.036111
2 0.432407 0.202083 0.011111 0.040278
2 0.446296 0.204861 0.012963 0.043056
2 0.500926 0.196528 0.012963 0.0375
2 0.537037 0.233333 0.012963 0.044444
2 0.448611 0.176389 0.010185 0.027778
6 0.362963 0.225694 0.033333 0.054167
6 0.369444 0.19375 0.022222 0.040278
6 0.372685 0.154167 0.017593 0.027778
6 0.291204 0.209722 0.032407 0.041667
2 0.750463 0.338194 0.050926 0.081944
0 0.975 0.506944 0.038889 0.069444
0 0.051852 0.509722 0.025926 0.058333
0 0.05787 0.425 0.023148 0.05
