2 0.378125 0.411806 0.025 0.095833
2 0.128516 0.430556 0.021094 0.088889
2 0.69375 0.318056 0.015625 0.055556
6 0.604297 0.291667 0.038281 0.061111
6 0.429688 0.222917 0.05625 0.043056
11 0.576172 0.222917 0.074219 0.104167
12 0.748828 0.670833 0.471094 0.65
6 0.322266 0.205556 0.036719 0.055556
6 0.647266 0.261806 0.038281 0.040278
6 0.524219 0.368056 0.040625 0.069444
9 0.526563 0.291667 0.042188 0.086111
10 0.654297 0.205556 0.063281 0.058333
9 0.702734 0.230556 0.049219 0.058333
3 0.719141 0.266667 0.030469 0.072222
