11 0.554688 0.332639 0.051562 0.1125
11 0.241797 0.199306 0.060156 0.065278
2 0.581641 0.250694 0.025781 0.045833
2 0.867969 0.549306 0.035937 0.106944
2 0.140234 0.411806 0.035156 0.106944
2 0.744141 0.386806 0.024219 0.081944
2 0.367188 0.225 0.021875 0.036111
2 0.446094 0.24375 0.023438 0.040278
2 0.528516 0.24375 0.024219 0.0375
12 0.522266 0.2125 0.130469 0.075
9 0.649219 0.240972 0.057813 0.090278
2 0.596094 0.248611 0.017188 0.038889
2 0.2 0.207639 0.014063 0.034722
2 0.136328 0.349306 0.022656 0.051389
