12 0.69375 0.216667 0.096875 0.105556
11 0.364844 0.329167 0.082812 0.225
6 0.236328 0.391667 0.058594 0.108333
9 0.2125 0.240278 0.028125 0.052778
2 0.407422 0.230556 0.025781 0.041667
6 0.228125 0.216667 0.028125 0.047222
11 0.176563 0.186806 0.04375 0.065278
10 0.126172 0.193056 0.052344 0.066667
12 0.20625 0.161806 0.0625 0.059722
11 0.285938 0.154167 0.021875 0.041667
11 0.526563 0.218056 0.065625 0.069444
11 0.625391 0.218056 0.058594 0.083333
12 0.564063 0.143056 0.03125 0.038889
11 0.054688 0.166667 0.026562 0.041667
6 0.081641 0.170833 0.025781 0.022222
2 0.069922 0.190278 0.008594 0.022222
2 0.088672 0.191667 0.008594 0.030556
2 0.098047 0.193056 0.008594 0.030556
2 0.154688 0.205556 0.009375 0.036111
