11 0.258984 0.780556 0.236719 0.430556
11 0.523438 0.313889 0.05625 0.111111
9 0.702734 0.497917 0.174219 0.298611
6 0.103125 0.749306 0.190625 0.329167
11 0.602734 0.272917 0.038281 0.081944
2 0.214453 0.453472 0.028906 0.104167
2 0.148438 0.370833 0.020313 0.077778
2 0.271875 0.217361 0.01875 0.0375
2 0.314453 0.211806 0.019531 0.043056
7 0.226172 0.208333 0.046094 0.044444
11 0.402734 0.208333 0.113281 0.080556
2 0.5125 0.227083 0.023438 0.031944
2 0.559766 0.229861 0.019531 0.0375
2 0.609375 0.220139 0.014063 0.029167
2 0.642188 0.231944 0.01875 0.027778
2 0.329297 0.218056 0.017969 0.036111
2 0.189062 0.204167 0.014063 0.038889
2 0.141016 0.236111 0.011719 0.041667
2 0.150391 0.218056 0.008594 0.036111
12 0.200781 0.159028 0.067187 0.070833
2 0.701953 0.298611 0.014844 0.055556
2 0.672656 0.219444 0.015625 0.030556
11 0.714063 0.2125 0.059375 0.05
