10 0.327734 0.203472 0.107031 0.076389
11 0.223047 0.415278 0.083594 0.158333
2 0.951562 0.656944 0.053125 0.144444
6 0.782813 0.734028 0.15625 0.215278
6 0.323437 0.315278 0.053125 0.086111
12 0.637109 0.679167 0.246094 0.641667
1 0.144141 0.329167 0.014844 0.066667
2 0.142969 0.232639 0.0125 0.040278
11 0.127344 0.171528 0.051562 0.054167
12 0.184766 0.170833 0.042969 0.077778
11 0.215234 0.158333 0.024219 0.05
2 0.214062 0.177778 0.009375 0.027778
11 0.25 0.15625 0.029687 0.0375
2 0.366016 0.236806 0.022656 0.0375
2 0.386719 0.21875 0.017188 0.040278
2 0.445703 0.21875 0.021094 0.0375
2 0.464453 0.221528 0.021094 0.031944
2 0.707031 0.327778 0.01875 0.061111
2 0.661328 0.248611 0.025781 0.041667
11 0.70625 0.233333 0.05 0.061111
11 0.635547 0.202778 0.082031 0.075
12 0.662109 0.151389 0.055469 0.044444
2 0.067187 0.179167 0.0125 0.027778
