10 0.668359 0.26875 0.205469 0.120833
11 0.444531 0.560417 0.159375 0.259722
2 0.183984 0.829167 0.077344 0.163889
6 0.332422 0.277083 0.030469 0.054167
6 0.384766 0.273611 0.035156 0.052778
2 0.284766 0.290972 0.014844 0.054167
2 0.746875 0.360417 0.040625 0.079167
2 0.433203 0.379167 0.024219 0.091667
2 0.367969 0.419444 0.025 0.077778
2 0.190625 0.430556 0.017188 0.072222
2 0.217578 0.423611 0.019531 0.080556
2 0.645312 0.472917 0.0375 0.1125
2 0.523438 0.266667 0.015625 0.05
2 0.432422 0.338194 0.017969 0.054167
