10 0.721875 0.384028 0.273438 0.215278
10 0.511328 0.234028 0.069531 0.098611
10 0.824219 0.254167 0.245312 0.108333
11 0.947266 0.300694 0.105469 0.123611
2 0.444922 0.644444 0.052344 0.147222
2 0.244141 0.859028 0.064844 0.204167
6 0.332422 0.275694 0.028906 0.056944
6 0.383984 0.272222 0.033594 0.05
2 0.510547 0.283333 0.017969 0.05
2 0.275391 0.296528 0.014844 0.045833
2 0.292187 0.295139 0.0125 0.056944
2 0.434375 0.3875 0.026562 0.080556
2 0.177734 0.482639 0.021094 0.090278
12 0.387109 0.211806 0.035156 0.120833
