12 0.603516 0.551389 0.185156 0.477778
11 0.242188 0.313889 0.051562 0.133333
11 0.0625 0.473611 0.115625 0.233333
6 0.181641 0.540278 0.117969 0.194444
2 0.275391 0.213194 0.016406 0.0375
6 0.673047 0.241667 0.038281 0.044444
2 0.164062 0.277778 0.014063 0.052778
12 0.560937 0.229167 0.090625 0.119444
2 0.150781 0.252083 0.0125 0.048611
11 0.198437 0.18125 0.026562 0.0625
11 0.169141 0.172222 0.041406 0.077778
2 0.492188 0.227083 0.021875 0.040278
2 0.639844 0.221528 0.020313 0.0375
2 0.604688 0.226389 0.020313 0.038889
12 0.724219 0.196528 0.08125 0.081944
