6 0.621875 0.484028 0.0875 0.126389
2 0.029687 0.705556 0.04375 0.144444
2 0.134375 0.707639 0.040625 0.148611
6 0.782422 0.250694 0.050781 0.056944
2 0.582031 0.288194 0.01875 0.054167
6 0.333984 0.323611 0.035156 0.069444
6 0.480859 0.359722 0.049219 0.086111
2 0.664453 0.368056 0.025781 0.075
2 0.201172 0.402083 0.016406 0.076389
6 0.305859 0.40625 0.044531 0.101389
2 0.157031 0.449306 0.020313 0.079167
2 0.757422 0.455556 0.033594 0.097222
2 0.182422 0.470139 0.019531 0.0875
2 0.214062 0.466667 0.021875 0.088889
2 0.703125 0.474306 0.034375 0.104167
2 0.179297 0.566667 0.024219 0.102778
2 0.121094 0.595139 0.039062 0.1125
9 0.520312 0.495139 0.1 0.176389
6 0.39375 0.286111 0.029687 0.061111
2 0.650391 0.325694 0.019531 0.070833
2 0.836719 0.720139 0.05 0.159722
2 0.939844 0.70625 0.045312 0.1625
