6 0.889062 0.377083 0.110937 0.1125
6 0.623047 0.407639 0.116406 0.131944
2 0.034375 0.740972 0.054688 0.159722
2 0.316406 0.759722 0.0625 0.175
2 0.547266 0.772222 0.061719 0.188889
6 0.780859 0.252778 0.050781 0.058333
6 0.335156 0.275694 0.029687 0.043056
2 0.288672 0.321528 0.014844 0.048611
2 0.559375 0.320833 0.032813 0.061111
2 0.837891 0.321528 0.035156 0.059722
2 0.412109 0.333333 0.019531 0.055556
2 0.476562 0.367361 0.034375 0.076389
2 0.769141 0.370833 0.036719 0.091667
2 0.219922 0.399306 0.019531 0.0625
2 0.425391 0.510417 0.044531 0.101389
2 0.694531 0.525694 0.04375 0.104167
2 0.057422 0.645833 0.035156 0.113889
11 0.388672 0.217361 0.035156 0.106944
