11 0.526953 0.290972 0.063281 0.140278
12 0.628125 0.328472 0.1125 0.251389
7 0.764062 0.657639 0.176563 0.245833
6 0.582031 0.665278 0.123438 0.205556
2 0.20625 0.208333 0.015625 0.038889
11 0.230078 0.245833 0.035156 0.083333
2 0.159375 0.295833 0.014063 0.05
2 0.148828 0.386806 0.024219 0.073611
2 0.086328 0.500694 0.032031 0.115278
2 0.720703 0.360417 0.025781 0.076389
2 0.465234 0.236806 0.024219 0.043056
5 0.491016 0.229861 0.044531 0.043056
2 0.287109 0.252083 0.013281 0.045833
2 0.192578 0.207639 0.010156 0.031944
2 0.165234 0.204167 0.008594 0.033333
