6 0.864062 0.436111 0.085938 0.116667
6 0.248828 0.490278 0.080469 0.138889
6 0.311328 0.565972 0.078906 0.179167
11 0.644531 0.539583 0.121875 0.281944
6 0.170703 0.6625 0.108594 0.233333
2 0.840234 0.707639 0.058594 0.170833
2 0.544922 0.218056 0.010156 0.033333
2 0.565625 0.251389 0.015625 0.038889
2 0.595313 0.263194 0.014063 0.048611
6 0.342187 0.292361 0.028125 0.059722
2 0.245703 0.325694 0.016406 0.051389
6 0.301953 0.367361 0.041406 0.081944
2 0.205078 0.413194 0.017969 0.065278
2 0.736719 0.464583 0.028125 0.095833
2 0.158594 0.502778 0.026562 0.086111
2 0.008984 0.869444 0.016406 0.177778
0 0.694141 0.309722 0.019531 0.055556
