6 0.710156 0.58125 0.1125 0.145833
2 0.250391 0.216667 0.021094 0.041667
2 0.372266 0.215972 0.019531 0.0375
11 0.237109 0.307639 0.049219 0.093056
2 0.753906 0.406944 0.023438 0.086111
2 0.048438 0.5375 0.0375 0.127778
12 0.630859 0.196528 0.172656 0.098611
2 0.720703 0.347917 0.016406 0.073611
2 0.670312 0.252778 0.028125 0.044444
2 0.725781 0.267361 0.010937 0.043056
2 0.714453 0.247222 0.021094 0.033333
2 0.348438 0.220139 0.020313 0.040278
2 0.317969 0.214583 0.01875 0.040278
11 0.197266 0.191667 0.039844 0.077778
9 0.163281 0.175 0.04375 0.072222
2 0.966016 0.675694 0.058594 0.154167
