12 0.192578 0.659028 0.383594 0.681944
11 0.648438 0.743056 0.290625 0.475
6 0.538672 0.455556 0.064844 0.111111
11 0.185938 0.180556 0.0375 0.091667
2 0.149219 0.355556 0.03125 0.077778
2 0.820312 0.505556 0.028125 0.105556
6 0.616797 0.395833 0.064844 0.111111
6 0.549219 0.310417 0.034375 0.070833
2 0.287891 0.215278 0.021094 0.036111
1 0.236328 0.218056 0.014844 0.033333
2 0.328125 0.216667 0.01875 0.030556
2 0.392969 0.234028 0.021875 0.040278
2 0.419141 0.231944 0.024219 0.036111
2 0.408984 0.218056 0.014844 0.033333
6 0.600391 0.322917 0.038281 0.056944
6 0.614062 0.288194 0.0375 0.051389
6 0.558984 0.268056 0.049219 0.055556
6 0.605469 0.249306 0.04375 0.043056
9 0.680469 0.231944 0.092188 0.097222
6 0.492188 0.205556 0.140625 0.088889
11 0.094531 0.218056 0.046875 0.091667
6 0.066797 0.218056 0.021094 0.033333
11 0.2875 0.152778 0.040625 0.047222
11 0.249609 0.156944 0.024219 0.033333
2 0.144141 0.195833 0.013281 0.027778
11 0.299609 0.065972 0.044531 0.0375
