6 0.251172 0.491667 0.078906 0.15
6 0.350781 0.463194 0.059375 0.118056
2 0.717969 0.625 0.040625 0.166667
6 0.282813 0.759722 0.10625 0.266667
6 0.782813 0.251389 0.05 0.055556
2 0.208984 0.379167 0.016406 0.063889
6 0.291797 0.385417 0.044531 0.073611
2 0.197266 0.427083 0.016406 0.070833
2 0.230078 0.424306 0.017969 0.076389
2 0.182422 0.510417 0.025781 0.101389
2 0.103125 0.578472 0.03125 0.104167
2 0.144141 0.577778 0.027344 0.111111
2 0.08125 0.686806 0.040625 0.118056
11 0.370703 0.320139 0.060156 0.168056
11 0.325781 0.288194 0.0375 0.104167
6 0.536719 0.422222 0.05625 0.091667
