10 0.755859 0.36875 0.272656 0.181944
10 0.524219 0.242361 0.079687 0.095833
10 0.856641 0.25 0.241406 0.108333
11 0.962891 0.294444 0.071094 0.133333
2 0.342969 0.697917 0.051562 0.173611
6 0.332031 0.275694 0.028125 0.056944
6 0.384375 0.272222 0.032813 0.05
2 0.501172 0.291667 0.019531 0.047222
2 0.565625 0.357639 0.035937 0.073611
2 0.433594 0.3875 0.026562 0.080556
2 0.205078 0.425694 0.019531 0.076389
2 0.519531 0.552778 0.0375 0.125
12 0.385547 0.205556 0.032031 0.113889
2 0.258203 0.335417 0.016406 0.048611
2 0.287109 0.300694 0.011719 0.054167
2 0.175 0.49375 0.0 0.001389
