11 0.529297 0.311111 0.069531 0.172222
6 0.534375 0.442361 0.067187 0.118056
6 0.637109 0.425694 0.067969 0.098611
6 0.742969 0.646528 0.14375 0.198611
11 0.212109 0.194444 0.046094 0.083333
2 0.165234 0.240278 0.019531 0.041667
6 0.608203 0.330556 0.047656 0.072222
2 0.1625 0.388194 0.023438 0.081944
10 0.123438 0.183333 0.040625 0.058333
5 0.673438 0.252083 0.032813 0.040278
6 0.603125 0.283333 0.035937 0.05
6 0.599609 0.224306 0.072656 0.095833
6 0.680469 0.226389 0.03125 0.030556
2 0.171484 0.204861 0.014844 0.034722
11 0.286328 0.146528 0.022656 0.040278
6 0.305859 0.161806 0.014844 0.023611
6 0.669531 0.172917 0.021875 0.026389
6 0.646094 0.174306 0.01875 0.020833
