11 0.876563 0.327778 0.246875 0.230556
2 0.533203 0.267361 0.011719 0.045833
6 0.484766 0.271528 0.030469 0.054167
6 0.586719 0.272222 0.0625 0.069444
2 0.590234 0.384028 0.019531 0.076389
2 0.657422 0.402083 0.022656 0.076389
2 0.173047 0.548611 0.052344 0.086111
2 0.360156 0.352778 0.026562 0.061111
2 0.312891 0.248611 0.010156 0.030556
2 0.547266 0.225 0.007031 0.027778
2 0.553125 0.249306 0.010937 0.040278
12 0.176172 0.786806 0.203906 0.401389
2 0.534375 0.209722 0.009375 0.033333
11 0.459375 0.224306 0.035937 0.070833
11 0.440625 0.161111 0.029687 0.063889
2 0.5 0.177083 0.00625 0.023611
