12 0.346875 0.366667 0.08125 0.266667
11 0.264844 0.415278 0.075 0.197222
6 0.20625 0.440278 0.060937 0.138889
2 0.880078 0.561111 0.046094 0.130556
2 0.864844 0.674306 0.048438 0.151389
6 0.2625 0.775 0.121875 0.305556
6 0.469922 0.250694 0.033594 0.054167
6 0.533203 0.300694 0.046094 0.065278
2 0.645312 0.309722 0.015625 0.052778
2 0.660156 0.351389 0.021875 0.066667
2 0.686719 0.406944 0.029687 0.091667
6 0.503516 0.432639 0.052344 0.090278
2 0.65 0.425694 0.026562 0.0875
2 0.749609 0.455556 0.033594 0.102778
2 0.835547 0.46875 0.036719 0.093056
2 0.117188 0.513889 0.023438 0.086111
2 0.801172 0.569444 0.036719 0.116667
0 0.960156 0.547917 0.026562 0.115278
6 0.647266 0.879167 0.161719 0.241667
9 0.452344 0.211111 0.025 0.05
9 0.480078 0.2 0.027344 0.05
10 0.071094 0.791667 0.140625 0.416667
