6 0.342187 0.436806 0.059375 0.118056
11 0.237891 0.474306 0.077344 0.190278
8 0.263672 0.620833 0.110156 0.216667
11 0.467578 0.217361 0.036719 0.079167
2 0.580859 0.279167 0.013281 0.047222
2 0.817187 0.522917 0.040625 0.1125
0 0.773047 0.275694 0.013281 0.059722
2 0.273828 0.329861 0.013281 0.043056
2 0.28125 0.303472 0.010937 0.043056
6 0.364063 0.210417 0.017188 0.031944
11 0.378516 0.159028 0.017969 0.048611
9 0.442578 0.157639 0.016406 0.029167
2 0.500781 0.175694 0.00625 0.023611
2 0.495703 0.168056 0.005469 0.022222
2 0.950391 0.271528 0.035156 0.056944
2 0.541016 0.190278 0.007031 0.027778
2 0.575781 0.227083 0.010937 0.026389
