9 0.549609 0.485417 0.097656 0.231944
2 0.237109 0.372917 0.013281 0.056944
2 0.203516 0.397222 0.013281 0.061111
9 0.145703 0.740972 0.289844 0.506944
2 0.710547 0.651389 0.113281 0.155556
2 0.480859 0.21875 0.022656 0.031944
2 0.375781 0.254167 0.026562 0.044444
2 0.307031 0.246528 0.009375 0.034722
2 0.334375 0.211806 0.007812 0.026389
2 0.325391 0.221528 0.007031 0.026389
2 0.604297 0.281944 0.014844 0.05
9 0.373828 0.191667 0.022656 0.038889
2 0.498047 0.172917 0.008594 0.023611
2 0.516406 0.195833 0.007812 0.025
2 0.478906 0.159028 0.00625 0.020833
1 0.419141 0.3 0.016406 0.044444
11 0.357422 0.15625 0.017969 0.0375
