12 0.357422 0.311806 0.066406 0.2125
6 0.517578 0.468056 0.066406 0.105556
6 0.295312 0.526389 0.067187 0.130556
6 0.117578 0.779861 0.127344 0.2375
11 0.489844 0.217361 0.032813 0.073611
2 0.598047 0.275 0.016406 0.05
6 0.809766 0.320139 0.057031 0.073611
2 0.246875 0.360417 0.015625 0.065278
2 0.216016 0.395139 0.017969 0.056944
2 0.207813 0.431944 0.020313 0.072222
2 0.683203 0.442361 0.025781 0.101389
2 0.15625 0.495833 0.021875 0.086111
0 0.652344 0.283333 0.015625 0.055556
2 0.946875 0.893056 0.089063 0.208333
