11 0.315625 0.293056 0.059375 0.169444
6 0.782813 0.250694 0.05 0.056944
2 0.569922 0.315278 0.017969 0.066667
2 0.6125 0.316667 0.01875 0.069444
2 0.239063 0.349306 0.015625 0.054167
2 0.635938 0.390278 0.021875 0.083333
2 0.694141 0.391667 0.024219 0.086111
2 0.219141 0.427083 0.021094 0.079167
2 0.677734 0.431944 0.025781 0.094444
2 0.169922 0.486806 0.024219 0.079167
2 0.037891 0.627778 0.038281 0.1
11 0.376563 0.293056 0.051562 0.138889
11 0.465625 0.235417 0.03125 0.076389
11 0.139844 0.772917 0.234375 0.454167
