11 0.555469 0.350694 0.101562 0.2625
11 0.321484 0.554167 0.180469 0.455556
11 0.282031 0.244444 0.046875 0.097222
2 0.183594 0.277778 0.020313 0.052778
2 0.072266 0.494444 0.028906 0.108333
2 0.016797 0.521528 0.032031 0.109722
1 0.155859 0.315278 0.013281 0.069444
1 0.080859 0.225694 0.010156 0.0375
2 0.134375 0.234722 0.0125 0.044444
2 0.115625 0.219444 0.009375 0.041667
2 0.204297 0.213194 0.011719 0.034722
12 0.136719 0.179861 0.05625 0.048611
2 0.230469 0.20625 0.0125 0.0375
10 0.076172 0.170833 0.036719 0.055556
11 0.2875 0.199306 0.057813 0.0625
2 0.177734 0.18125 0.010156 0.029167
12 0.645312 0.247222 0.082812 0.138889
12 0.736719 0.182639 0.09375 0.106944
11 0.204687 0.171528 0.028125 0.054167
