6 0.633594 0.402083 0.067187 0.1125
2 0.551562 0.741667 0.042188 0.186111
9 0.140234 0.198611 0.039844 0.075
6 0.289844 0.233333 0.04375 0.05
11 0.544922 0.25625 0.052344 0.076389
6 0.641797 0.254861 0.042969 0.048611
11 0.200781 0.200694 0.039062 0.051389
11 0.292578 0.211111 0.078906 0.047222
2 0.4125 0.221528 0.020313 0.029167
4 0.445312 0.223611 0.040625 0.05
2 0.260937 0.221528 0.025 0.0375
2 0.693359 0.23125 0.019531 0.034722
2 0.713672 0.356944 0.019531 0.069444
2 0.679688 0.223611 0.017188 0.033333
2 0.733594 0.224306 0.015625 0.043056
2 0.196484 0.160417 0.036719 0.054167
