12 0.217578 0.663889 0.286719 0.672222
11 0.361719 0.199306 0.034375 0.073611
6 0.3375 0.261806 0.028125 0.065278
11 0.367578 0.295833 0.036719 0.111111
2 0.579688 0.302083 0.014063 0.054167
2 0.6125 0.30625 0.020313 0.056944
2 0.9375 0.335417 0.035937 0.070833
2 0.581641 0.265278 0.013281 0.041667
2 0.567187 0.247222 0.010937 0.044444
2 0.537109 0.20625 0.008594 0.031944
2 0.519141 0.19375 0.007031 0.031944
2 0.530469 0.18125 0.00625 0.026389
2 0.501563 0.175694 0.007812 0.020833
2 0.508984 0.172222 0.007031 0.019444
2 0.493359 0.171528 0.007031 0.023611
2 0.278906 0.293056 0.009375 0.038889
7 0.447656 0.195833 0.020313 0.033333
9 0.466797 0.176389 0.019531 0.036111
