11 0.301172 0.315278 0.055469 0.141667
11 0.566406 0.386806 0.071875 0.123611
6 0.157812 0.625694 0.109375 0.215278
2 0.753906 0.722917 0.040625 0.145833
6 0.480078 0.205556 0.025781 0.033333
2 0.558594 0.243056 0.015625 0.044444
2 0.766016 0.280556 0.025781 0.058333
2 0.657422 0.397917 0.024219 0.070833
2 0.732422 0.601389 0.036719 0.125
2 0.784375 0.594444 0.0375 0.116667
2 0.034375 0.618056 0.034375 0.091667
6 0.356641 0.229167 0.021094 0.033333
6 0.387891 0.224306 0.022656 0.043056
2 0.481641 0.161806 0.007031 0.018056
6 0.364063 0.179167 0.015625 0.022222
