12 0.342187 0.375694 0.09375 0.318056
9 0.549609 0.344444 0.058594 0.119444
6 0.070312 0.799306 0.134375 0.290278
2 0.948828 0.774306 0.069531 0.140278
6 0.484766 0.297917 0.044531 0.070833
2 0.648047 0.328472 0.021094 0.0625
2 0.935937 0.335417 0.0375 0.070833
2 0.788672 0.549306 0.036719 0.104167
2 0.96875 0.569444 0.0375 0.122222
2 0.818359 0.636806 0.038281 0.115278
2 0.264453 0.684028 0.036719 0.131944
10 0.3 0.321528 0.060937 0.131944
2 0.591016 0.286111 0.011719 0.047222
2 0.580078 0.265972 0.011719 0.043056
2 0.553516 0.240278 0.011719 0.036111
2 0.549609 0.215972 0.010156 0.034722
2 0.521875 0.193056 0.007812 0.030556
0 0.535937 0.190278 0.007812 0.030556
2 0.500781 0.175 0.00625 0.022222
2 0.320703 0.2375 0.008594 0.030556
2 0.322656 0.211806 0.007812 0.020833
11 0.365234 0.175 0.016406 0.038889
11 0.389062 0.196528 0.021875 0.054167
11 0.376563 0.156944 0.01875 0.047222
