11 0.227344 0.688889 0.242188 0.561111
11 0.581641 0.236806 0.055469 0.098611
11 0.626172 0.325 0.064844 0.15
6 0.185938 0.489583 0.092188 0.165278
9 0.698438 0.541667 0.13125 0.230556
7 0.527344 0.222917 0.059375 0.043056
2 0.475391 0.243056 0.025781 0.044444
6 0.28125 0.293056 0.046875 0.086111
2 0.105078 0.413194 0.025781 0.090278
4 0.759375 0.406944 0.05 0.091667
12 0.206641 0.18125 0.060156 0.090278
2 0.173828 0.329861 0.017969 0.068056
2 0.325781 0.225 0.023438 0.038889
2 0.344922 0.216667 0.016406 0.033333
2 0.360938 0.216667 0.017188 0.036111
2 0.416797 0.234028 0.021094 0.034722
6 0.394531 0.228472 0.05 0.0375
12 0.273438 0.146528 0.0375 0.048611
12 0.303125 0.138194 0.025 0.045833
2 0.089453 0.184028 0.007031 0.029167
11 0.142187 0.174306 0.023438 0.043056
2 0.141406 0.195139 0.007812 0.029167
2 0.106641 0.191667 0.008594 0.027778
2 0.097656 0.19375 0.007812 0.031944
6 0.700391 0.253472 0.041406 0.051389
11 0.64375 0.256944 0.0625 0.083333
12 0.698828 0.211806 0.099219 0.084722
