11 0.541406 0.364583 0.075 0.184722
11 0.580859 0.634028 0.139844 0.331944
11 0.401953 0.211111 0.072656 0.072222
11 0.664453 0.224306 0.038281 0.070833
9 0.545312 0.251389 0.070312 0.127778
11 0.61875 0.280556 0.040625 0.088889
11 0.302734 0.20625 0.063281 0.065278
2 0.725781 0.263889 0.014063 0.061111
2 0.583984 0.221528 0.016406 0.029167
6 0.492578 0.23125 0.049219 0.051389
2 0.116016 0.225 0.010156 0.041667
2 0.193359 0.211111 0.013281 0.033333
11 0.214453 0.189583 0.046094 0.0625
2 0.176563 0.209028 0.010937 0.031944
2 0.157422 0.206944 0.008594 0.033333
2 0.110937 0.190972 0.010937 0.029167
6 0.178516 0.197222 0.021094 0.033333
