11 0.681641 0.680556 0.319531 0.638889
11 0.246484 0.204167 0.066406 0.094444
12 0.551562 0.281944 0.08125 0.194444
2 0.707422 0.350694 0.021094 0.0625
2 0.707031 0.268056 0.015625 0.038889
2 0.501172 0.272917 0.017969 0.051389
12 0.621484 0.21875 0.091406 0.093056
12 0.476953 0.202778 0.142969 0.091667
2 0.313672 0.221528 0.017969 0.040278
11 0.360156 0.211111 0.065625 0.061111
2 0.145703 0.216667 0.010156 0.036111
6 0.165625 0.1875 0.020313 0.030556
2 0.204687 0.186111 0.009375 0.033333
6 0.705859 0.239583 0.035156 0.040278
