12 0.64375 0.708333 0.292187 0.583333
11 0.357812 0.206944 0.034375 0.075
2 0.562891 0.247917 0.011719 0.040278
2 0.590234 0.289583 0.014844 0.048611
6 0.984375 0.320833 0.026562 0.088889
2 0.841406 0.335417 0.032813 0.068056
2 0.39375 0.366667 0.021875 0.066667
2 0.220703 0.407639 0.019531 0.068056
2 0.36875 0.420833 0.03125 0.080556
2 0.258203 0.307639 0.011719 0.0375
2 0.292578 0.275 0.010156 0.036111
2 0.306641 0.267361 0.010156 0.0375
2 0.527734 0.202083 0.011719 0.043056
2 0.313672 0.236111 0.007031 0.027778
6 0.386328 0.195139 0.014844 0.026389
2 0.507812 0.177083 0.00625 0.023611
2 0.494531 0.165972 0.00625 0.020833
2 0.48125 0.1625 0.004687 0.019444
2 0.447266 0.159722 0.005469 0.019444
