12 0.607812 0.539583 0.184375 0.479167
6 0.177344 0.224306 0.05 0.040278
6 0.439453 0.224306 0.042969 0.0375
6 0.641406 0.272917 0.0375 0.045833
6 0.289062 0.288194 0.0375 0.059722
12 0.571484 0.235417 0.075781 0.131944
12 0.354687 0.340972 0.09375 0.270833
2 0.135156 0.274306 0.0125 0.048611
11 0.096875 0.218056 0.051562 0.091667
2 0.147656 0.202083 0.007812 0.034722
11 0.188281 0.172917 0.03125 0.0625
6 0.214062 0.177778 0.025 0.027778
12 0.250391 0.200694 0.117969 0.068056
2 0.441797 0.301389 0.000781 0.002778
2 0.406641 0.226389 0.019531 0.036111
11 0.538672 0.322222 0.071094 0.183333
11 0.702734 0.205556 0.047656 0.058333
6 0.288281 0.158333 0.029687 0.019444
