6 0.782422 0.250694 0.049219 0.056944
2 0.569531 0.282639 0.015625 0.048611
2 0.592578 0.274306 0.014844 0.045833
6 0.329688 0.288194 0.034375 0.076389
2 0.631641 0.302083 0.017969 0.051389
2 0.262109 0.311806 0.010156 0.045833
7 0.482812 0.333333 0.046875 0.086111
6 0.378516 0.359028 0.042969 0.081944
2 0.660156 0.368056 0.025 0.077778
2 0.200391 0.397222 0.016406 0.063889
6 0.58125 0.396528 0.051562 0.093056
2 0.698438 0.415278 0.029687 0.102778
6 0.300391 0.426389 0.055469 0.097222
2 0.192969 0.455556 0.020313 0.091667
2 0.146875 0.493056 0.021875 0.094444
2 0.735547 0.488889 0.033594 0.102778
2 0.230078 0.513889 0.021094 0.102778
2 0.178516 0.584028 0.028906 0.126389
2 0.117578 0.609028 0.032031 0.120833
2 0.036328 0.917361 0.063281 0.165278
2 0.046484 0.795833 0.046094 0.147222
2 0.041797 0.70625 0.042969 0.1125
2 0.717578 0.370139 0.025781 0.068056
2 0.534766 0.338194 0.014844 0.079167
