12 0.473438 0.297917 0.075 0.209722
11 0.913281 0.286806 0.15625 0.173611
6 0.571094 0.701389 0.114062 0.211111
9 0.087891 0.840278 0.174219 0.319444
6 0.364453 0.293056 0.038281 0.069444
2 0.798047 0.318056 0.032031 0.061111
6 0.552344 0.336806 0.053125 0.079167
2 0.255469 0.347917 0.015625 0.056944
2 0.717969 0.359028 0.03125 0.081944
2 0.634375 0.366667 0.021875 0.069444
2 0.194141 0.426389 0.021094 0.072222
2 0.776563 0.600694 0.039062 0.123611
2 0.282813 0.299306 0.0125 0.043056
2 0.553516 0.235417 0.010156 0.034722
11 0.379688 0.185417 0.01875 0.045833
12 0.369141 0.144444 0.016406 0.038889
6 0.362891 0.180556 0.013281 0.025
