6 0.942578 0.374306 0.113281 0.093056
6 0.276172 0.447222 0.058594 0.111111
6 0.307031 0.530556 0.082812 0.155556
6 0.148828 0.680556 0.113281 0.230556
2 0.544922 0.251389 0.013281 0.038889
6 0.378125 0.280556 0.03125 0.072222
2 0.566406 0.272917 0.014063 0.043056
2 0.287891 0.310417 0.011719 0.048611
6 0.320703 0.320833 0.035156 0.083333
2 0.603516 0.311806 0.017969 0.056944
0 0.762109 0.330556 0.022656 0.069444
2 0.676562 0.375694 0.025 0.076389
2 0.216016 0.397917 0.016406 0.065278
2 0.65625 0.386806 0.025 0.079167
2 0.730469 0.444444 0.029687 0.094444
2 0.187891 0.464583 0.024219 0.090278
2 0.142969 0.506944 0.026562 0.097222
2 0.110937 0.564583 0.028125 0.106944
2 0.044531 0.660417 0.035937 0.115278
