6 0.332813 0.443056 0.057813 0.113889
6 0.251563 0.581944 0.084375 0.194444
2 0.822266 0.619444 0.055469 0.130556
6 0.788281 0.847222 0.203125 0.3
6 0.782813 0.250694 0.048438 0.056944
2 0.619922 0.300694 0.017969 0.054167
2 0.227344 0.341667 0.010937 0.052778
6 0.305469 0.352083 0.039062 0.095833
2 0.247266 0.377778 0.017969 0.061111
2 0.193359 0.413194 0.017969 0.068056
2 0.714063 0.436806 0.028125 0.095833
2 0.038672 0.624306 0.041406 0.106944
11 0.338281 0.283333 0.045312 0.111111
11 0.384375 0.21875 0.0375 0.101389
