11 0.719141 0.80625 0.332031 0.3875
11 0.285547 0.452083 0.127344 0.306944
2 0.024219 0.708333 0.039062 0.163889
9 0.084375 0.754167 0.139063 0.383333
2 0.908594 0.838194 0.06875 0.170833
2 0.391406 0.893056 0.0375 0.188889
2 0.572656 0.264583 0.01875 0.040278
6 0.371484 0.289583 0.033594 0.051389
6 0.500391 0.333333 0.047656 0.083333
2 0.208594 0.375694 0.01875 0.056944
2 0.691797 0.429167 0.025781 0.091667
2 0.198047 0.4625 0.022656 0.075
2 0.144922 0.495139 0.027344 0.081944
2 0.153516 0.538889 0.024219 0.086111
2 0.060937 0.564583 0.03125 0.084722
