11 0.177344 0.184722 0.060937 0.063889
11 0.099609 0.21875 0.050781 0.081944
2 0.2625 0.224306 0.01875 0.034722
2 0.150391 0.285417 0.016406 0.054167
11 0.604297 0.318056 0.041406 0.108333
2 0.309375 0.336111 0.03125 0.066667
2 0.070312 0.465972 0.040625 0.095833
1 0.875391 0.527083 0.028906 0.090278
12 0.410938 0.19375 0.1875 0.1125
12 0.532813 0.289583 0.071875 0.204167
2 0.066406 0.834028 0.13125 0.331944
2 0.282031 0.216667 0.014063 0.036111
2 0.303516 0.227083 0.019531 0.043056
2 0.29375 0.213194 0.0125 0.0375
6 0.144922 0.19375 0.027344 0.031944
0 0.071094 0.23125 0.007812 0.043056
5 0.254297 0.159028 0.028906 0.023611
6 0.729297 0.217361 0.032031 0.034722
9 0.664844 0.168056 0.020313 0.030556
