11 0.251953 0.413194 0.069531 0.1625
10 0.541406 0.403472 0.092188 0.156944
6 0.328906 0.490972 0.065625 0.104167
6 0.425391 0.640972 0.136719 0.168056
11 0.755859 0.629167 0.200781 0.375
11 0.328906 0.270139 0.039062 0.095833
11 0.366797 0.280556 0.036719 0.102778
2 0.673438 0.304167 0.020313 0.055556
2 0.714453 0.330556 0.024219 0.063889
2 0.417578 0.423611 0.028906 0.077778
2 0.926172 0.434722 0.032031 0.105556
2 0.829688 0.452083 0.039062 0.115278
6 0.563672 0.325694 0.049219 0.079167
2 0.555859 0.242361 0.011719 0.045833
2 0.582812 0.242361 0.0125 0.040278
11 0.379297 0.2375 0.027344 0.063889
