12 0.377344 0.2625 0.060937 0.147222
6 0.655469 0.584028 0.10625 0.140278
2 0.832422 0.677083 0.046094 0.181944
2 0.926172 0.686111 0.058594 0.158333
2 0.079297 0.70625 0.033594 0.1625
2 0.819141 0.790278 0.060156 0.238889
6 0.782422 0.252083 0.050781 0.056944
6 0.329297 0.309028 0.039844 0.076389
2 0.649219 0.334722 0.020313 0.066667
2 0.227734 0.352778 0.013281 0.055556
6 0.304688 0.359722 0.040625 0.094444
2 0.678516 0.406944 0.024219 0.094444
2 0.180469 0.445833 0.01875 0.075
2 0.216016 0.452778 0.019531 0.083333
2 0.789062 0.538889 0.03125 0.125
2 0.103125 0.590972 0.034375 0.109722
2 0.139844 0.601389 0.032813 0.113889
2 0.163281 0.645833 0.028125 0.136111
2 0.251953 0.402778 0.017969 0.069444
2 0.210156 0.395833 0.015625 0.055556
