11 0.632031 0.374306 0.0875 0.165278
11 0.546094 0.454861 0.096875 0.243056
2 0.185938 0.274306 0.020313 0.043056
2 0.153125 0.334722 0.014063 0.061111
12 0.308203 0.218056 0.113281 0.130556
11 0.739062 0.807639 0.365625 0.381944
12 0.531641 0.26875 0.058594 0.1875
11 0.569141 0.221528 0.047656 0.104167
6 0.637109 0.270833 0.035156 0.047222
2 0.700781 0.280556 0.014063 0.05
2 0.715625 0.276389 0.0125 0.047222
9 0.701953 0.234028 0.117969 0.079167
2 0.378516 0.219444 0.021094 0.038889
12 0.198047 0.195833 0.061719 0.066667
11 0.238281 0.193056 0.028125 0.061111
2 0.119141 0.223611 0.010156 0.038889
2 0.156641 0.215278 0.010156 0.036111
11 0.167578 0.172917 0.025781 0.059722
2 0.141406 0.204861 0.009375 0.031944
12 0.430469 0.144444 0.115625 0.058333
