6 0.346875 0.397917 0.054688 0.115278
6 0.825781 0.4125 0.1125 0.1
6 0.240234 0.490278 0.071094 0.125
2 0.822266 0.596528 0.050781 0.129167
9 0.265625 0.635417 0.104688 0.290278
2 0.019922 0.79375 0.038281 0.179167
2 0.598047 0.275 0.011719 0.044444
2 0.554688 0.289583 0.01875 0.051389
2 0.578516 0.288889 0.014844 0.044444
2 0.735156 0.289583 0.028125 0.054167
2 0.583594 0.330556 0.017188 0.055556
0 0.791406 0.350694 0.023438 0.065278
6 0.311328 0.370833 0.035156 0.080556
2 0.657813 0.370833 0.020313 0.080556
2 0.627344 0.384722 0.021875 0.083333
2 0.202734 0.416667 0.019531 0.066667
2 0.681641 0.467361 0.024219 0.095833
2 0.725781 0.48125 0.028125 0.098611
2 0.139844 0.510417 0.021875 0.095833
2 0.163672 0.525694 0.027344 0.109722
2 0.040234 0.622222 0.033594 0.111111
2 0.120313 0.622222 0.03125 0.122222
