6 0.877344 0.309028 0.115625 0.093056
2 0.5625 0.5875 0.05 0.138889
6 0.782813 0.252778 0.04375 0.058333
6 0.335938 0.276389 0.032813 0.055556
2 0.287891 0.319444 0.013281 0.047222
2 0.751953 0.30625 0.030469 0.054167
2 0.38125 0.365972 0.029687 0.068056
2 0.675781 0.375 0.039062 0.083333
2 0.910547 0.370833 0.035156 0.069444
2 0.220312 0.399306 0.01875 0.065278
2 0.313672 0.429167 0.027344 0.075
2 0.730078 0.423611 0.038281 0.094444
2 0.869531 0.434028 0.039062 0.098611
2 0.191797 0.453472 0.024219 0.079167
2 0.608203 0.472222 0.035156 0.108333
2 0.123047 0.525 0.028906 0.097222
11 0.389062 0.219444 0.032813 0.097222
