12 0.24375 0.65625 0.234375 0.668056
10 0.523047 0.225694 0.066406 0.090278
11 0.371484 0.253472 0.052344 0.118056
6 0.585938 0.425 0.076563 0.102778
6 0.43125 0.566667 0.120313 0.205556
6 0.49375 0.661806 0.128125 0.193056
6 0.033594 0.898611 0.065625 0.202778
6 0.328125 0.295833 0.035937 0.058333
2 0.598828 0.303472 0.021094 0.056944
2 0.678906 0.286806 0.025 0.051389
2 0.769141 0.321528 0.024219 0.068056
2 0.237891 0.35625 0.017969 0.056944
2 0.206641 0.374306 0.017969 0.056944
2 0.737891 0.377083 0.030469 0.070833
2 0.700781 0.419444 0.026562 0.083333
2 0.775391 0.552778 0.036719 0.116667
2 0.141406 0.641667 0.035937 0.1
