6 0.298047 0.399306 0.058594 0.104167
6 0.244922 0.551389 0.086719 0.155556
2 0.030859 0.744444 0.053906 0.175
2 0.551953 0.236806 0.013281 0.045833
6 0.782031 0.252083 0.048438 0.056944
6 0.334766 0.283333 0.032031 0.055556
2 0.607422 0.313194 0.017969 0.068056
2 0.256641 0.338194 0.014844 0.056944
2 0.650781 0.356944 0.021875 0.075
2 0.587891 0.373611 0.021094 0.075
2 0.217188 0.413194 0.020313 0.070833
2 0.715625 0.432639 0.0375 0.109722
2 0.173047 0.520139 0.027344 0.098611
6 0.3875 0.261806 0.026562 0.056944
