11 0.283984 0.272917 0.074219 0.151389
9 0.645312 0.404167 0.090625 0.15
9 0.788672 0.693056 0.191406 0.330556
2 0.377344 0.216667 0.021875 0.041667
6 0.644141 0.230556 0.038281 0.044444
11 0.521875 0.293056 0.046875 0.116667
6 0.227734 0.204167 0.035156 0.041667
2 0.185547 0.193056 0.010156 0.027778
2 0.146094 0.211806 0.007812 0.0375
2 0.139844 0.204861 0.00625 0.031944
2 0.102734 0.194444 0.010156 0.027778
2 0.586719 0.249306 0.025 0.040278
11 0.564453 0.220139 0.064844 0.0625
9 0.708203 0.224306 0.074219 0.073611
2 0.716016 0.273611 0.013281 0.044444
2 0.732422 0.260417 0.008594 0.034722
