11 0.912891 0.288194 0.161719 0.181944
11 0.495312 0.331944 0.065625 0.180556
11 0.451953 0.202778 0.039844 0.088889
2 0.573438 0.257639 0.014063 0.040278
2 0.597266 0.279167 0.017969 0.044444
2 0.285547 0.299306 0.014844 0.054167
2 0.608203 0.320833 0.017969 0.05
2 0.730859 0.356944 0.028906 0.080556
2 0.259375 0.366667 0.015625 0.058333
2 0.625 0.378472 0.025 0.073611
2 0.669922 0.404167 0.025781 0.080556
2 0.214844 0.449306 0.020313 0.070833
2 0.169922 0.466667 0.021094 0.080556
2 0.722656 0.481944 0.03125 0.094444
2 0.742188 0.619444 0.0375 0.119444
9 0.49375 0.213194 0.028125 0.048611
6 0.385156 0.226389 0.020313 0.038889
2 0.311328 0.244444 0.008594 0.030556
2 0.266016 0.296528 0.011719 0.0375
2 0.527344 0.186806 0.007812 0.026389
2 0.540234 0.227083 0.010156 0.034722
2 0.557813 0.232639 0.010937 0.034722
