11 0.868359 0.769444 0.263281 0.461111
11 0.55 0.249306 0.059375 0.134722
9 0.65625 0.451389 0.06875 0.133333
7 0.586719 0.609028 0.121875 0.206944
11 0.290234 0.759722 0.166406 0.480556
11 0.636719 0.214583 0.078125 0.079167
2 0.425391 0.230556 0.025781 0.041667
2 0.156641 0.335417 0.022656 0.068056
2 0.19375 0.341667 0.017188 0.055556
2 0.148438 0.429167 0.03125 0.088889
2 0.188281 0.298611 0.014063 0.052778
2 0.349219 0.220833 0.01875 0.036111
12 0.237891 0.207639 0.119531 0.073611
10 0.128516 0.1875 0.044531 0.055556
10 0.091797 0.173611 0.030469 0.047222
2 0.096875 0.201389 0.009375 0.030556
12 0.257031 0.153472 0.065625 0.059722
2 0.725 0.340972 0.01875 0.0625
2 0.694922 0.313889 0.017969 0.055556
2 0.706641 0.275694 0.013281 0.040278
2 0.471094 0.229167 0.020313 0.030556
11 0.478516 0.216667 0.057031 0.069444
