12 0.746094 0.663194 0.507812 0.6125
11 0.25 0.308333 0.048438 0.136111
11 0.173437 0.182639 0.034375 0.0625
2 0.129297 0.215972 0.014844 0.0375
9 0.379688 0.213194 0.060937 0.056944
2 0.160938 0.268056 0.021875 0.05
2 0.142578 0.331944 0.021094 0.069444
2 0.257031 0.213889 0.017188 0.041667
7 0.295703 0.209028 0.053906 0.045833
12 0.546094 0.290278 0.095312 0.205556
6 0.654297 0.259722 0.042969 0.041667
2 0.704688 0.31875 0.0125 0.034722
11 0.801562 0.521528 0.28125 0.384722
2 0.719922 0.265278 0.013281 0.05
2 0.618359 0.238194 0.024219 0.0375
6 0.226172 0.284028 0.028906 0.054167
