12 0.542188 0.243056 0.0625 0.138889
11 0.609766 0.313194 0.063281 0.154167
6 0.684375 0.530556 0.10625 0.130556
6 0.622656 0.818056 0.140625 0.272222
2 0.337891 0.211806 0.024219 0.043056
6 0.399219 0.218056 0.054688 0.041667
2 0.465625 0.224306 0.025 0.043056
2 0.120313 0.418056 0.028125 0.097222
12 0.632812 0.236806 0.0625 0.1375
2 0.282031 0.214583 0.01875 0.034722
11 0.182422 0.178472 0.030469 0.076389
6 0.144922 0.184722 0.028906 0.036111
2 0.114844 0.200694 0.010937 0.031944
6 0.501172 0.225694 0.036719 0.043056
2 0.688281 0.219444 0.0125 0.038889
2 0.710547 0.272222 0.011719 0.05
2 0.726953 0.230556 0.014844 0.030556
