10 0.854297 0.350694 0.228906 0.198611
11 0.285938 0.370833 0.078125 0.191667
12 0.617188 0.452778 0.190625 0.352778
6 0.139063 0.668056 0.123438 0.208333
6 0.405078 0.710417 0.132031 0.256944
6 0.140625 0.855556 0.159375 0.288889
6 0.373437 0.280556 0.034375 0.052778
2 0.711328 0.368056 0.028906 0.066667
2 0.08125 0.564583 0.034375 0.076389
12 0.389453 0.191667 0.030469 0.080556
2 0.418359 0.297917 0.025781 0.0375
10 0.446484 0.155556 0.028906 0.041667
2 0.501172 0.173611 0.007031 0.025
2 0.607422 0.257639 0.011719 0.040278
