6 0.548438 0.449306 0.06875 0.120833
5 0.617188 0.419444 0.053125 0.094444
6 0.622266 0.841667 0.149219 0.280556
9 0.603516 0.252083 0.064844 0.126389
11 0.809766 0.718056 0.264844 0.522222
11 0.522266 0.288194 0.057031 0.129167
11 0.340625 0.352778 0.078125 0.213889
6 0.597266 0.335417 0.044531 0.068056
11 0.564063 0.202778 0.110937 0.066667
11 0.65 0.197917 0.125 0.079167
11 0.267188 0.243056 0.067187 0.102778
2 0.408594 0.226389 0.021875 0.038889
2 0.445703 0.224306 0.019531 0.031944
2 0.474609 0.222917 0.021094 0.0375
2 0.138672 0.253472 0.011719 0.040278
