12 0.291797 0.64375 0.238281 0.7125
9 0.625391 0.336806 0.077344 0.165278
6 0.545312 0.436806 0.065625 0.104167
2 0.424219 0.230556 0.025 0.044444
6 0.598828 0.234028 0.050781 0.043056
12 0.256641 0.253472 0.099219 0.1625
2 0.313281 0.225694 0.01875 0.040278
2 0.298828 0.222917 0.013281 0.034722
2 0.185938 0.218056 0.017188 0.036111
2 0.507422 0.23125 0.022656 0.045833
2 0.53125 0.235417 0.023438 0.0375
7 0.675391 0.241667 0.036719 0.05
2 0.708203 0.272222 0.013281 0.036111
2 0.724609 0.264583 0.013281 0.040278
