12 0.153516 0.668056 0.305469 0.636111
11 0.316016 0.430556 0.072656 0.186111
11 0.589063 0.545139 0.15625 0.473611
2 0.189062 0.199306 0.021875 0.040278
9 0.685156 0.454167 0.132812 0.272222
11 0.53125 0.33125 0.059375 0.176389
11 0.605469 0.309722 0.039062 0.069444
11 0.602734 0.227778 0.080469 0.108333
11 0.6625 0.247917 0.045312 0.079167
2 0.478906 0.235417 0.026562 0.043056
11 0.436328 0.215972 0.066406 0.065278
2 0.706641 0.283333 0.011719 0.047222
2 0.139453 0.236806 0.010156 0.0375
2 0.296094 0.222222 0.01875 0.033333
2 0.276562 0.225 0.015625 0.041667
2 0.388281 0.227778 0.023438 0.038889
2 0.343359 0.222917 0.021094 0.0375
2 0.357812 0.217361 0.01875 0.0375
