11 0.566406 0.3375 0.089063 0.158333
11 0.279297 0.35625 0.066406 0.143056
11 0.325391 0.4125 0.067969 0.183333
9 0.626172 0.502778 0.114844 0.2
6 0.425 0.641667 0.1375 0.166667
11 0.487891 0.286111 0.047656 0.1
11 0.360938 0.300694 0.0375 0.098611
2 0.425391 0.425 0.027344 0.075
2 0.830078 0.45 0.038281 0.111111
2 0.888281 0.513889 0.034375 0.111111
6 0.508203 0.251389 0.024219 0.044444
2 0.606641 0.267361 0.011719 0.045833
2 0.582422 0.24375 0.010156 0.0375
2 0.54375 0.200694 0.007812 0.034722
2 0.529687 0.201389 0.007812 0.030556
2 0.334375 0.2125 0.00625 0.022222
