2 0.030078 0.710417 0.052344 0.131944
2 0.519531 0.243056 0.014063 0.044444
6 0.781641 0.250694 0.049219 0.056944
2 0.842187 0.307639 0.03125 0.059722
2 0.332813 0.355556 0.029687 0.055556
2 0.495312 0.374306 0.03125 0.079167
2 0.764453 0.385417 0.035156 0.079167
2 0.679688 0.413194 0.034375 0.093056
2 0.589844 0.434028 0.034375 0.106944
2 0.707031 0.443056 0.034375 0.102778
2 0.167578 0.520139 0.036719 0.084722
2 0.655859 0.544444 0.035156 0.122222
2 0.296875 0.347917 0.029687 0.056944
2 0.928516 0.340278 0.035156 0.069444
6 0.345703 0.267361 0.030469 0.056944
