6 0.210938 0.686806 0.101562 0.179167
6 0.335156 0.274306 0.034375 0.054167
11 0.510938 0.274306 0.046875 0.104167
2 0.282813 0.288194 0.015625 0.0625
2 0.239063 0.318056 0.01875 0.055556
2 0.631641 0.311806 0.021094 0.0625
2 0.948438 0.313194 0.053125 0.056944
2 0.607422 0.344444 0.021094 0.069444
2 0.179688 0.434028 0.01875 0.070833
2 0.057813 0.603472 0.040625 0.101389
2 0.576562 0.271528 0.0125 0.043056
2 0.542578 0.227778 0.008594 0.030556
2 0.538672 0.211806 0.010156 0.031944
2 0.524219 0.196528 0.009375 0.029167
2 0.497656 0.174306 0.007812 0.029167
9 0.437891 0.174306 0.019531 0.031944
11 0.466016 0.238194 0.033594 0.076389
