6 0.830078 0.882639 0.239844 0.218056
6 0.532813 0.620139 0.096875 0.173611
2 0.496484 0.240972 0.013281 0.040278
6 0.782422 0.252083 0.050781 0.056944
2 0.280078 0.338194 0.014844 0.068056
6 0.324219 0.33125 0.040625 0.073611
2 0.225391 0.406944 0.021094 0.072222
2 0.262109 0.408333 0.014844 0.080556
2 0.669141 0.409722 0.025781 0.097222
2 0.183984 0.4375 0.017969 0.063889
2 0.6875 0.470833 0.028125 0.105556
2 0.13125 0.627083 0.028125 0.140278
2 0.032813 0.685417 0.032813 0.134722
2 0.847266 0.636806 0.053906 0.159722
2 0.833594 0.55625 0.0375 0.106944
