6 0.476172 0.590972 0.127344 0.154167
9 0.666797 0.66875 0.166406 0.365278
2 0.017578 0.836111 0.033594 0.172222
11 0.350391 0.215278 0.028906 0.077778
11 0.326172 0.289583 0.038281 0.0875
6 0.365234 0.328472 0.039844 0.0625
2 0.986719 0.356944 0.025 0.088889
2 0.835547 0.395833 0.030469 0.066667
2 0.417187 0.420139 0.035937 0.079167
2 0.884375 0.436111 0.028125 0.086111
2 0.830469 0.452083 0.035937 0.101389
6 0.648828 0.461806 0.083594 0.090278
2 0.392188 0.564583 0.048438 0.104167
2 0.526563 0.3125 0.017188 0.052778
2 0.662109 0.313194 0.017969 0.054167
1 0.282031 0.275694 0.009375 0.0375
11 0.383594 0.222222 0.028125 0.063889
