11 0.703125 0.674306 0.459375 0.651389
2 0.452734 0.227083 0.021094 0.040278
2 0.496875 0.216667 0.025 0.044444
2 0.144141 0.247917 0.016406 0.043056
11 0.558594 0.272917 0.05625 0.120833
2 0.152344 0.3375 0.020313 0.072222
12 0.334375 0.436806 0.134375 0.415278
2 0.133594 0.209028 0.009375 0.031944
2 0.184766 0.21875 0.014844 0.0375
2 0.173437 0.205556 0.0125 0.033333
11 0.225 0.197222 0.06875 0.075
2 0.282422 0.208333 0.014844 0.036111
12 0.345703 0.198611 0.082031 0.077778
6 0.135156 0.189583 0.023438 0.031944
12 0.289062 0.147222 0.0375 0.052778
11 0.311719 0.143056 0.010937 0.025
9 0.707422 0.460417 0.142969 0.273611
2 0.711328 0.284028 0.013281 0.051389
6 0.695703 0.245833 0.030469 0.036111
6 0.683203 0.229861 0.038281 0.043056
2 0.640625 0.223611 0.010937 0.033333
4 0.745313 0.240972 0.029687 0.054167
12 0.545312 0.141667 0.025 0.038889
11 0.566797 0.149306 0.016406 0.034722
2 0.108203 0.195833 0.008594 0.027778
2 0.096094 0.189583 0.007812 0.023611
2 0.072266 0.188889 0.007031 0.025
2 0.060547 0.186111 0.005469 0.022222
