11 0.221875 0.24375 0.06875 0.101389
11 0.539062 0.335417 0.065625 0.168056
11 0.677734 0.491667 0.150781 0.291667
6 0.344531 0.217361 0.048438 0.034722
2 0.447656 0.220833 0.021875 0.038889
6 0.322656 0.259722 0.045312 0.061111
6 0.604688 0.325694 0.04375 0.079167
7 0.288672 0.218056 0.053906 0.044444
6 0.175781 0.229861 0.032813 0.048611
2 0.1375 0.215278 0.007812 0.036111
12 0.205078 0.161806 0.067969 0.068056
2 0.148438 0.199306 0.009375 0.029167
2 0.123047 0.204167 0.010156 0.033333
2 0.107813 0.193056 0.009375 0.030556
12 0.304688 0.139583 0.025 0.045833
11 0.55625 0.232639 0.085938 0.104167
2 0.612109 0.227083 0.021094 0.031944
2 0.502344 0.230556 0.021875 0.033333
11 0.7125 0.23125 0.076563 0.070833
11 0.680469 0.204861 0.05 0.059722
2 0.083984 0.200694 0.007031 0.029167
2 0.070312 0.184722 0.007812 0.030556
