11 0.713672 0.681944 0.239844 0.527778
12 0.540234 0.330556 0.105469 0.297222
6 0.280078 0.358333 0.057031 0.097222
2 0.954688 0.661806 0.053125 0.140278
4 0.179297 0.215972 0.017969 0.040278
2 0.409766 0.234028 0.025781 0.040278
2 0.157031 0.258333 0.014063 0.044444
6 0.245703 0.265278 0.044531 0.061111
2 0.076953 0.469444 0.033594 0.097222
2 0.153516 0.480556 0.032031 0.111111
12 0.641016 0.219444 0.092969 0.133333
2 0.123828 0.241667 0.010156 0.036111
2 0.153516 0.1875 0.007031 0.025
11 0.192188 0.184028 0.023438 0.0625
11 0.218359 0.16875 0.036719 0.051389
