12 0.221875 0.720833 0.273438 0.55
11 0.354297 0.254861 0.053906 0.109722
11 0.479687 0.255556 0.05 0.125
11 0.351953 0.354167 0.049219 0.130556
2 0.285547 0.28125 0.013281 0.048611
2 0.576953 0.277083 0.019531 0.048611
2 0.208984 0.375 0.016406 0.061111
6 0.285938 0.385417 0.04375 0.079167
2 0.194531 0.465972 0.026562 0.068056
2 0.147656 0.495833 0.029687 0.080556
2 0.808984 0.604861 0.038281 0.120833
2 0.416797 0.628472 0.032031 0.120833
2 0.079297 0.68125 0.036719 0.118056
2 0.015234 0.740278 0.028906 0.113889
