2 0.366016 0.942361 0.060156 0.115278
11 0.456641 0.214583 0.028906 0.070833
6 0.335156 0.284028 0.035937 0.059722
6 0.46875 0.279167 0.034375 0.05
2 0.605469 0.302083 0.020313 0.054167
2 0.925781 0.320139 0.042188 0.065278
2 0.208594 0.375 0.017188 0.061111
2 0.257812 0.366667 0.020313 0.063889
6 0.305469 0.377778 0.040625 0.083333
2 0.147656 0.499306 0.032813 0.084722
2 0.033984 0.680556 0.039844 0.108333
2 0.546875 0.23125 0.010937 0.0375
2 0.558984 0.225 0.011719 0.038889
11 0.425781 0.154861 0.01875 0.048611
