5 0.572266 0.415278 0.067969 0.141667
11 0.203906 0.191667 0.070312 0.080556
6 0.192969 0.244444 0.039062 0.058333
2 0.310156 0.259722 0.0125 0.044444
2 0.141797 0.278472 0.021094 0.048611
2 0.227344 0.354167 0.025 0.069444
12 0.581641 0.263194 0.074219 0.154167
2 0.142969 0.224306 0.009375 0.0375
2 0.1375 0.213194 0.007812 0.031944
2 0.319922 0.216667 0.019531 0.036111
2 0.335156 0.215278 0.0125 0.033333
2 0.499219 0.238889 0.023438 0.038889
12 0.433203 0.213194 0.192969 0.076389
11 0.260547 0.194444 0.044531 0.075
2 0.097266 0.215972 0.049219 0.093056
6 0.310937 0.160417 0.028125 0.020833
12 0.260547 0.145139 0.041406 0.048611
11 0.660937 0.229167 0.084375 0.091667
12 0.697266 0.197917 0.091406 0.084722
9 0.368359 0.068056 0.036719 0.025
