11 0.841797 0.344444 0.232031 0.213889
11 0.299609 0.460417 0.089844 0.243056
6 0.644531 0.904167 0.167187 0.183333
6 0.473438 0.289583 0.039062 0.0625
2 0.600391 0.297222 0.017969 0.055556
2 0.575391 0.314583 0.016406 0.056944
6 0.966797 0.310417 0.049219 0.0875
2 0.235937 0.396528 0.01875 0.068056
2 0.207422 0.422917 0.019531 0.068056
2 0.900391 0.454167 0.028906 0.094444
2 0.654687 0.527083 0.028125 0.101389
2 0.121875 0.594444 0.028125 0.105556
6 0.35625 0.252778 0.023438 0.036111
2 0.260156 0.367361 0.0125 0.059722
2 0.263281 0.322222 0.014063 0.047222
6 0.477344 0.201389 0.021875 0.036111
11 0.364453 0.170139 0.022656 0.054167
