12 0.757422 0.657639 0.485156 0.684722
11 0.202344 0.189583 0.067187 0.0875
4 0.352344 0.210417 0.05625 0.059722
2 0.423438 0.221528 0.021875 0.040278
11 0.642188 0.241667 0.053125 0.080556
4 0.165234 0.265972 0.027344 0.056944
2 0.710547 0.318056 0.019531 0.055556
1 0.475781 0.272917 0.020313 0.045833
6 0.143359 0.197917 0.022656 0.0375
2 0.159766 0.204861 0.011719 0.0375
2 0.252344 0.205556 0.014063 0.036111
2 0.458594 0.229861 0.01875 0.040278
2 0.495312 0.25 0.021875 0.041667
4 0.733203 0.240278 0.041406 0.05
12 0.586328 0.200694 0.167969 0.101389
