11 0.784766 0.810417 0.344531 0.3625
11 0.254297 0.311806 0.063281 0.156944
9 0.634375 0.386806 0.075 0.1375
0 0.492969 0.231944 0.01875 0.038889
12 0.344922 0.266667 0.110156 0.191667
12 0.538281 0.283333 0.067187 0.130556
11 0.198437 0.180556 0.064062 0.077778
2 0.247656 0.213194 0.01875 0.034722
2 0.278516 0.215278 0.019531 0.036111
2 0.415234 0.228472 0.022656 0.043056
11 0.278516 0.155556 0.021094 0.036111
6 0.3125 0.153472 0.0125 0.020833
11 0.098047 0.217361 0.050781 0.090278
6 0.067578 0.216667 0.022656 0.033333
2 0.061328 0.185417 0.010156 0.031944
0 0.054688 0.225694 0.007812 0.040278
12 0.144922 0.185417 0.027344 0.056944
11 0.122266 0.172222 0.021094 0.044444
6 0.612109 0.297917 0.038281 0.0625
6 0.579297 0.267361 0.022656 0.045833
2 0.588672 0.225 0.019531 0.030556
6 0.619922 0.245833 0.039844 0.044444
2 0.699219 0.303472 0.014063 0.054167
6 0.73125 0.247222 0.032813 0.038889
6 0.693359 0.240278 0.038281 0.044444
6 0.707031 0.219444 0.034375 0.033333
6 0.660156 0.232639 0.029687 0.040278
2 0.644922 0.221528 0.013281 0.034722
