11 0.369141 0.202778 0.113281 0.088889
9 0.658984 0.402083 0.114844 0.234722
2 0.967969 0.681944 0.053125 0.144444
11 0.552344 0.259028 0.0625 0.073611
2 0.154688 0.318056 0.021875 0.066667
2 0.294922 0.225694 0.019531 0.0375
2 0.246094 0.209028 0.015625 0.034722
2 0.262891 0.15625 0.035156 0.029167
11 0.6 0.229167 0.029687 0.052778
2 0.626172 0.25 0.025781 0.033333
2 0.525781 0.234722 0.020313 0.036111
6 0.70625 0.24375 0.040625 0.045833
9 0.699609 0.203472 0.071094 0.0625
2 0.651172 0.224306 0.017969 0.0375
6 0.292187 0.158333 0.014063 0.025
9 0.210938 0.154861 0.032813 0.026389
12 0.123047 0.164583 0.077344 0.070833
6 0.204687 0.175 0.025 0.025
2 0.187109 0.169444 0.008594 0.025
2 0.150781 0.197917 0.010937 0.0375
