6 0.353516 0.243056 0.028906 0.041667
2 0.544922 0.243056 0.014844 0.038889
2 0.560547 0.241667 0.013281 0.044444
6 0.473438 0.293056 0.04375 0.094444
2 0.235156 0.379167 0.01875 0.069444
6 0.357031 0.395139 0.05 0.101389
2 0.626563 0.406944 0.021875 0.083333
2 0.678125 0.432639 0.025 0.0875
2 0.154688 0.455556 0.01875 0.069444
6 0.269922 0.466667 0.055469 0.094444
2 0.69375 0.530556 0.028125 0.102778
11 0.472266 0.189583 0.021094 0.048611
6 0.363672 0.180556 0.016406 0.030556
2 0.513672 0.250694 0.010156 0.0375
2 0.527734 0.206944 0.008594 0.030556
2 0.554688 0.218056 0.009375 0.033333
2 0.597656 0.252778 0.009375 0.044444
