10 0.616797 0.456944 0.305469 0.272222
11 0.965625 0.272222 0.0625 0.136111
2 0.937891 0.811806 0.061719 0.145833
6 0.3625 0.263194 0.0375 0.051389
2 0.607422 0.254167 0.016406 0.044444
2 0.794531 0.281944 0.020313 0.055556
2 0.278906 0.316667 0.01875 0.055556
2 0.428516 0.393056 0.030469 0.069444
2 0.780078 0.656944 0.035156 0.125
2 0.984375 0.716667 0.028125 0.141667
2 0.217188 0.399306 0.01875 0.065278
1 0.271875 0.805556 0.09375 0.15
2 0.296484 0.279167 0.010156 0.036111
2 0.319141 0.239583 0.011719 0.029167
2 0.327344 0.224306 0.007812 0.023611
11 0.469922 0.177083 0.022656 0.045833
11 0.439063 0.175694 0.021875 0.051389
