12 0.363281 0.300694 0.057813 0.170833
11 0.304297 0.332639 0.057031 0.131944
6 0.586719 0.4125 0.064062 0.105556
10 0.180078 0.488194 0.091406 0.259722
6 0.329297 0.473611 0.069531 0.141667
2 0.776563 0.624306 0.040625 0.151389
2 0.880859 0.647917 0.053906 0.143056
2 0.974609 0.623611 0.041406 0.161111
6 0.5625 0.751389 0.104688 0.227778
6 0.486719 0.302083 0.042188 0.068056
6 0.249609 0.364583 0.046094 0.1125
2 0.698438 0.374306 0.026562 0.073611
2 0.727734 0.427083 0.025781 0.084722
2 0.831641 0.525694 0.038281 0.106944
9 0.501172 0.239583 0.032031 0.070833
9 0.462891 0.251389 0.030469 0.069444
2 0.783984 0.540278 0.030469 0.1
2 0.776953 0.473611 0.027344 0.075
2 0.601172 0.279167 0.016406 0.052778
2 0.577734 0.2875 0.014844 0.047222
