11 0.250391 0.581944 0.216406 0.644444
6 0.387109 0.222917 0.060156 0.043056
2 0.148438 0.339583 0.021875 0.070833
12 0.559375 0.252778 0.089063 0.15
1 0.641797 0.283333 0.028906 0.052778
1 0.699609 0.271528 0.019531 0.045833
6 0.344922 0.316667 0.038281 0.075
2 0.457813 0.225694 0.021875 0.0375
2 0.296875 0.215972 0.01875 0.0375
6 0.211328 0.198611 0.022656 0.033333
2 0.266797 0.211806 0.016406 0.031944
2 0.255859 0.205556 0.013281 0.036111
2 0.138281 0.205556 0.015625 0.038889
11 0.168359 0.186111 0.021094 0.058333
2 0.195703 0.185417 0.017969 0.040278
2 0.114062 0.197917 0.009375 0.029167
2 0.064844 0.186806 0.009375 0.026389
2 0.073828 0.186111 0.008594 0.027778
6 0.109766 0.185417 0.022656 0.031944
