11 0.394141 0.199306 0.132031 0.084722
12 0.185938 0.272917 0.057813 0.1375
11 0.345703 0.288194 0.055469 0.104167
11 0.248438 0.335417 0.08125 0.218056
11 0.631641 0.363889 0.069531 0.15
11 0.586328 0.597917 0.133594 0.304167
2 0.519531 0.222917 0.01875 0.043056
6 0.587891 0.216667 0.097656 0.055556
2 0.095703 0.424306 0.024219 0.0875
2 0.783594 0.463889 0.029687 0.102778
2 0.284766 0.209722 0.019531 0.033333
2 0.264453 0.213194 0.014844 0.026389
2 0.446094 0.310417 0.034375 0.059722
2 0.222656 0.214583 0.020313 0.029167
2 0.716797 0.254861 0.022656 0.034722
2 0.691797 0.234028 0.016406 0.0375
4 0.666797 0.225 0.035156 0.044444
