12 0.710547 0.665278 0.450781 0.669444
1 0.221094 0.267361 0.034375 0.048611
12 0.5375 0.261806 0.065625 0.168056
12 0.610938 0.221528 0.08125 0.118056
11 0.444141 0.205556 0.094531 0.097222
2 0.38125 0.223611 0.021875 0.041667
2 0.301172 0.215972 0.016406 0.0375
2 0.332031 0.214583 0.01875 0.040278
2 0.359766 0.224306 0.021094 0.0375
6 0.710547 0.220833 0.039844 0.038889
6 0.673438 0.260417 0.045312 0.048611
2 0.284375 0.221528 0.020313 0.034722
6 0.252734 0.204167 0.044531 0.038889
6 0.205078 0.207639 0.042969 0.043056
2 0.170313 0.206944 0.0125 0.030556
