6 0.317188 0.432639 0.051562 0.123611
9 0.603125 0.431944 0.09375 0.166667
6 0.242188 0.572222 0.079687 0.138889
6 0.533984 0.564583 0.078906 0.134722
2 0.107813 0.618056 0.042188 0.141667
2 0.051562 0.700694 0.040625 0.159722
6 0.781641 0.252083 0.049219 0.056944
6 0.474219 0.3125 0.045312 0.075
6 0.316406 0.341667 0.0375 0.080556
6 0.364453 0.327083 0.038281 0.065278
6 0.551953 0.338889 0.046094 0.086111
2 0.220312 0.409028 0.015625 0.073611
6 0.500391 0.411806 0.050781 0.093056
2 0.165234 0.44375 0.021094 0.079167
2 0.202344 0.44375 0.01875 0.081944
2 0.720703 0.484028 0.033594 0.115278
2 0.14375 0.541667 0.029687 0.094444
2 0.058594 0.569444 0.032813 0.080556
2 0.248828 0.403472 0.016406 0.068056
2 0.267188 0.390278 0.020313 0.077778
6 0.516016 0.2875 0.032031 0.05
