6 0.598828 0.429167 0.075781 0.119444
6 0.207813 0.565972 0.067187 0.151389
2 0.042188 0.666667 0.04375 0.144444
9 0.7625 0.730556 0.1875 0.336111
6 0.782813 0.250694 0.051562 0.056944
2 0.597656 0.274306 0.014063 0.051389
6 0.469141 0.293056 0.035156 0.052778
2 0.269141 0.316667 0.014844 0.055556
2 0.231641 0.395833 0.019531 0.066667
2 0.189844 0.443056 0.021875 0.077778
2 0.214062 0.469444 0.025 0.080556
2 0.164453 0.513889 0.025781 0.102778
2 0.128516 0.559028 0.027344 0.109722
2 0.092969 0.663889 0.035937 0.125
10 0.307812 0.545833 0.14375 0.383333
6 0.505859 0.275 0.032031 0.052778
6 0.484766 0.215278 0.024219 0.05
