9 0.355859 0.354861 0.053906 0.126389
6 0.289844 0.448611 0.060937 0.113889
6 0.750391 0.532639 0.078906 0.123611
6 0.2875 0.66875 0.098437 0.184722
2 0.923828 0.758333 0.052344 0.177778
2 0.860547 0.786111 0.052344 0.183333
2 0.014453 0.826389 0.027344 0.233333
2 0.803516 0.834028 0.058594 0.168056
2 0.973437 0.90625 0.053125 0.168056
6 0.464062 0.2375 0.032813 0.041667
2 0.563281 0.280556 0.014063 0.047222
2 0.603125 0.297917 0.0125 0.045833
6 0.314844 0.321528 0.035937 0.081944
2 0.577344 0.340972 0.017188 0.059722
2 0.667969 0.354167 0.01875 0.075
2 0.705859 0.388889 0.027344 0.088889
2 0.228125 0.415972 0.020313 0.076389
2 0.601172 0.404861 0.019531 0.0875
2 0.174609 0.427778 0.017969 0.069444
2 0.204687 0.456944 0.021875 0.077778
2 0.660937 0.522222 0.026562 0.108333
2 0.150391 0.538194 0.025781 0.098611
2 0.182812 0.542361 0.026562 0.101389
2 0.601172 0.567361 0.028906 0.129167
2 0.762109 0.647222 0.036719 0.127778
2 0.061328 0.665278 0.038281 0.127778
0 0.862109 0.429167 0.021094 0.086111
2 0.265234 0.402083 0.021094 0.076389
2 0.625391 0.326389 0.021094 0.063889
2 0.217969 0.367361 0.015625 0.0625
2 0.238281 0.370833 0.01875 0.055556
