10 0.782422 0.264583 0.216406 0.1125
11 0.632031 0.416667 0.132812 0.177778
2 0.483594 0.570139 0.051562 0.123611
2 0.207813 0.891667 0.076563 0.208333
6 0.332422 0.277778 0.030469 0.055556
6 0.384766 0.271528 0.032031 0.054167
2 0.285938 0.294444 0.014063 0.05
0 0.712891 0.319444 0.016406 0.055556
2 0.920312 0.307639 0.034375 0.056944
2 0.261719 0.334028 0.014063 0.051389
2 0.461328 0.327778 0.017969 0.063889
2 0.237891 0.357639 0.014844 0.059722
2 0.823047 0.35625 0.032031 0.070833
2 0.372656 0.386806 0.025 0.070833
2 0.433594 0.3875 0.023438 0.075
2 0.280078 0.561111 0.030469 0.113889
12 0.388672 0.202778 0.033594 0.102778
