11 0.383984 0.245139 0.042969 0.1375
2 0.903516 0.684028 0.066406 0.179167
2 0.966016 0.893056 0.061719 0.205556
6 0.782813 0.250694 0.05 0.056944
6 0.327344 0.297917 0.0375 0.070833
2 0.207813 0.414583 0.017188 0.070833
2 0.24375 0.402083 0.01875 0.073611
2 0.18125 0.454167 0.01875 0.080556
2 0.154688 0.511806 0.021875 0.095833
2 0.044922 0.664583 0.033594 0.120833
2 0.277344 0.370833 0.017188 0.066667
2 0.2375 0.35625 0.014063 0.054167
2 0.246875 0.339583 0.015625 0.056944
2 0.227734 0.340278 0.014844 0.058333
