12 0.541016 0.253472 0.064844 0.1375
11 0.264844 0.293056 0.075 0.180556
11 0.596875 0.620139 0.185938 0.401389
6 0.623047 0.395833 0.053906 0.086111
12 0.369531 0.306944 0.098437 0.244444
11 0.201563 0.227083 0.051562 0.073611
4 0.155078 0.203472 0.024219 0.034722
2 0.173828 0.210417 0.010156 0.0375
2 0.128906 0.200694 0.009375 0.029167
2 0.116406 0.188194 0.009375 0.026389
2 0.589844 0.228472 0.020313 0.031944
6 0.676172 0.240972 0.039844 0.048611
2 0.494141 0.231944 0.024219 0.033333
2 0.708203 0.226389 0.017969 0.030556
2 0.733594 0.21875 0.0125 0.034722
