11 0.347656 0.400694 0.078125 0.231944
11 0.24375 0.224306 0.040625 0.093056
4 0.436719 0.227083 0.040625 0.051389
2 0.093359 0.486806 0.035156 0.126389
2 0.394922 0.225 0.024219 0.044444
2 0.290234 0.213889 0.017969 0.036111
2 0.275 0.20625 0.014063 0.026389
2 0.204297 0.210417 0.013281 0.029167
11 0.281641 0.146528 0.024219 0.048611
12 0.254297 0.138889 0.030469 0.030556
9 0.391406 0.152083 0.04375 0.031944
12 0.761328 0.70625 0.477344 0.5875
11 0.626563 0.3625 0.065625 0.108333
6 0.68125 0.495833 0.042188 0.136111
11 0.620313 0.253472 0.057813 0.101389
12 0.614844 0.208333 0.101562 0.113889
6 0.711719 0.244444 0.035937 0.038889
11 0.671094 0.160417 0.035937 0.054167
