11 0.369141 0.636806 0.249219 0.356944
9 0.338281 0.338889 0.059375 0.113889
11 0.910156 0.314583 0.165625 0.215278
9 0.219922 0.438194 0.110156 0.181944
6 0.280469 0.520139 0.06875 0.115278
7 0.585938 0.705556 0.121875 0.247222
2 0.949219 0.930556 0.051562 0.138889
11 0.339844 0.249306 0.042188 0.070833
2 0.595313 0.347917 0.025 0.068056
2 0.664844 0.380556 0.025 0.072222
6 0.311328 0.435417 0.052344 0.084722
2 0.409766 0.429167 0.025781 0.080556
2 0.722656 0.450694 0.029687 0.093056
12 0.385937 0.211111 0.035937 0.108333
0 0.559375 0.207639 0.007812 0.034722
2 0.365625 0.177083 0.021875 0.043056
