6 0.088672 0.700694 0.150781 0.259722
6 0.621484 0.261806 0.042969 0.045833
11 0.325781 0.195833 0.132812 0.091667
12 0.526563 0.202083 0.175 0.101389
11 0.853516 0.793056 0.291406 0.413889
2 0.419531 0.234028 0.025 0.040278
2 0.253125 0.217361 0.0125 0.040278
2 0.156641 0.204167 0.011719 0.030556
2 0.202734 0.215278 0.013281 0.033333
6 0.223047 0.186806 0.044531 0.065278
2 0.178125 0.20625 0.010937 0.034722
10 0.112891 0.181944 0.044531 0.063889
2 0.703125 0.297917 0.0125 0.054167
2 0.696484 0.259028 0.025781 0.0375
11 0.725391 0.229167 0.042969 0.066667
6 0.691016 0.234028 0.027344 0.0375
12 0.140625 0.161806 0.06875 0.079167
