12 0.528125 0.282639 0.065625 0.198611
11 0.642188 0.404167 0.084375 0.183333
6 0.256641 0.205556 0.039844 0.044444
6 0.369141 0.218056 0.049219 0.044444
2 0.153906 0.280556 0.015625 0.05
12 0.619922 0.274306 0.064844 0.198611
2 0.701172 0.309028 0.016406 0.056944
2 0.301172 0.225 0.021094 0.036111
2 0.33125 0.216667 0.021875 0.038889
2 0.169531 0.204861 0.015625 0.0375
11 0.198828 0.165278 0.039844 0.066667
2 0.726172 0.265972 0.013281 0.048611
12 0.685547 0.211111 0.083594 0.083333
6 0.891016 0.919444 0.214844 0.161111
