10 0.872266 0.31875 0.242969 0.184722
10 0.597656 0.261806 0.18125 0.104167
2 0.480859 0.700694 0.049219 0.170833
11 0.252734 0.818056 0.221094 0.352778
6 0.333594 0.279167 0.026562 0.055556
6 0.383984 0.273611 0.033594 0.05
2 0.259375 0.322222 0.014063 0.052778
2 0.462891 0.317361 0.022656 0.056944
2 0.716406 0.379167 0.034375 0.077778
2 0.430859 0.384028 0.030469 0.079167
2 0.610156 0.434028 0.034375 0.093056
2 0.127734 0.561806 0.028906 0.129167
12 0.387891 0.209028 0.032031 0.106944
0 0.711328 0.308333 0.013281 0.058333
