9 0.355078 0.384722 0.066406 0.125
2 0.819141 0.561806 0.049219 0.129167
2 0.771875 0.593056 0.046875 0.152778
2 0.898438 0.660417 0.065625 0.173611
2 0.939063 0.902083 0.0875 0.184722
2 0.56875 0.261806 0.0125 0.043056
6 0.782813 0.250694 0.05 0.056944
2 0.598437 0.299306 0.015625 0.056944
6 0.317188 0.306944 0.03125 0.080556
2 0.248828 0.375694 0.016406 0.073611
2 0.219531 0.383333 0.017188 0.063889
2 0.646484 0.386806 0.021094 0.095833
2 0.684766 0.393056 0.025781 0.088889
2 0.693359 0.506944 0.033594 0.116667
2 0.159766 0.519444 0.025781 0.1
2 0.776563 0.503472 0.029687 0.098611
