11 0.536328 0.293056 0.069531 0.191667
6 0.671484 0.483333 0.097656 0.127778
6 0.546484 0.511111 0.082031 0.122222
11 0.176563 0.180556 0.040625 0.094444
2 0.446484 0.222917 0.017969 0.031944
2 0.714063 0.349306 0.021875 0.076389
9 0.616797 0.311806 0.060156 0.131944
2 0.29375 0.211806 0.017188 0.0375
2 0.316406 0.213889 0.017188 0.033333
2 0.353516 0.216667 0.022656 0.036111
11 0.233984 0.167361 0.038281 0.043056
11 0.283594 0.147917 0.026562 0.048611
2 0.125781 0.190972 0.009375 0.031944
1 0.457031 0.286806 0.015625 0.054167
2 0.430859 0.222917 0.016406 0.0375
6 0.658984 0.236806 0.038281 0.040278
11 0.721094 0.227083 0.035937 0.045833
2 0.735547 0.248611 0.011719 0.033333
2 0.747656 0.24375 0.010937 0.034722
