12 0.257812 0.638889 0.239063 0.683333
2 0.778125 0.581944 0.042188 0.144444
9 0.052734 0.670833 0.103906 0.266667
11 0.128125 0.654861 0.110937 0.281944
2 0.94375 0.697222 0.0625 0.138889
6 0.8375 0.815972 0.15625 0.259722
2 0.589063 0.259028 0.010937 0.040278
6 0.471484 0.288194 0.035156 0.048611
2 0.589063 0.300694 0.015625 0.054167
2 0.617188 0.315278 0.017188 0.055556
6 0.371484 0.338889 0.036719 0.072222
2 0.646875 0.338889 0.020313 0.069444
6 0.511719 0.393056 0.051562 0.088889
2 0.683984 0.390972 0.025781 0.081944
2 0.189062 0.433333 0.020313 0.069444
2 0.700391 0.426389 0.024219 0.091667
2 0.797266 0.454861 0.035156 0.098611
2 0.736328 0.463194 0.030469 0.098611
0 0.914062 0.488194 0.023438 0.095833
2 0.833594 0.557639 0.032813 0.120833
2 0.705859 0.779167 0.042969 0.180556
2 0.741797 0.41875 0.027344 0.0875
2 0.705469 0.370833 0.020313 0.069444
6 0.341797 0.260417 0.030469 0.059722
6 0.495312 0.2375 0.025 0.052778
