11 0.374609 0.285417 0.049219 0.170833
6 0.609766 0.481944 0.082031 0.119444
2 0.839063 0.561806 0.039062 0.145833
2 0.724219 0.634722 0.0375 0.175
2 0.070312 0.740278 0.04375 0.158333
6 0.782813 0.250694 0.05 0.056944
2 0.60625 0.286806 0.015625 0.054167
6 0.319922 0.324306 0.039844 0.084722
2 0.635938 0.349306 0.020313 0.068056
6 0.293359 0.396528 0.049219 0.095833
2 0.184375 0.430556 0.01875 0.061111
2 0.711328 0.433333 0.025781 0.097222
2 0.188672 0.475694 0.019531 0.093056
2 0.222266 0.471528 0.019531 0.095833
2 0.148438 0.499306 0.023438 0.081944
2 0.170313 0.530556 0.020313 0.102778
2 0.761719 0.532639 0.03125 0.123611
2 0.715625 0.545139 0.028125 0.1125
2 0.014844 0.755556 0.028125 0.138889
2 0.249219 0.402083 0.020313 0.068056
2 0.220703 0.379861 0.017969 0.056944
