10 0.683203 0.395139 0.285156 0.2125
10 0.794531 0.255556 0.223438 0.111111
11 0.917578 0.313194 0.128906 0.145833
2 0.347656 0.795833 0.057813 0.191667
10 0.499609 0.225694 0.055469 0.090278
6 0.331641 0.277778 0.030469 0.052778
6 0.385937 0.273611 0.032813 0.05
2 0.521484 0.273611 0.017969 0.044444
2 0.262891 0.300694 0.013281 0.043056
2 0.280859 0.295833 0.013281 0.044444
2 0.258203 0.310417 0.010156 0.043056
4 0.244531 0.370139 0.032813 0.073611
2 0.434766 0.386111 0.027344 0.080556
2 0.13125 0.569444 0.026562 0.102778
12 0.386328 0.211111 0.035156 0.113889
