12 0.379297 0.234028 0.044531 0.151389
6 0.340234 0.465278 0.058594 0.111111
6 0.210938 0.542361 0.085938 0.148611
9 0.262109 0.684722 0.119531 0.330556
2 0.542578 0.223611 0.011719 0.036111
6 0.782031 0.251389 0.05 0.052778
10 0.329297 0.275694 0.041406 0.095833
2 0.226953 0.35625 0.017969 0.059722
2 0.260937 0.348611 0.015625 0.063889
2 0.228125 0.418056 0.020313 0.069444
2 0.189062 0.440972 0.021875 0.070833
2 0.158203 0.5125 0.027344 0.1
2 0.114453 0.561806 0.028906 0.101389
2 0.069531 0.629167 0.034375 0.116667
12 0.933594 0.661111 0.132812 0.616667
