10 0.363672 0.213194 0.099219 0.079167
12 0.579688 0.474306 0.16875 0.459722
11 0.621875 0.256944 0.046875 0.077778
2 0.392578 0.374306 0.024219 0.068056
2 0.760938 0.425694 0.025 0.081944
12 0.229687 0.184028 0.10625 0.101389
2 0.185156 0.219444 0.01875 0.044444
2 0.145313 0.202083 0.010937 0.031944
2 0.130859 0.205556 0.010156 0.036111
12 0.145703 0.170139 0.069531 0.068056
2 0.427344 0.223611 0.021875 0.036111
11 0.482422 0.211806 0.075781 0.079167
9 0.7125 0.234722 0.103125 0.077778
2 0.564453 0.235417 0.021094 0.031944
11 0.55 0.138889 0.025 0.047222
