6 0.534766 0.411806 0.063281 0.106944
11 0.244141 0.475694 0.069531 0.1875
6 0.345313 0.480556 0.06875 0.136111
11 0.684766 0.524306 0.157031 0.356944
2 0.06875 0.668056 0.040625 0.141667
6 0.28125 0.747917 0.10625 0.293056
6 0.782813 0.249306 0.05 0.056944
6 0.328125 0.299306 0.03125 0.068056
2 0.622656 0.336806 0.01875 0.068056
2 0.203516 0.426389 0.021094 0.075
2 0.172656 0.510417 0.028125 0.106944
2 0.100391 0.586806 0.030469 0.118056
6 0.9125 0.902778 0.175 0.194444
9 0.367188 0.304167 0.048438 0.144444
9 0.466016 0.241667 0.042969 0.105556
