2 0.150391 0.274306 0.013281 0.065278
6 0.596875 0.711806 0.121875 0.195833
6 0.594922 0.318056 0.044531 0.069444
5 0.604688 0.395139 0.053125 0.090278
6 0.5375 0.415278 0.065625 0.119444
9 0.607422 0.243056 0.061719 0.111111
11 0.764844 0.616667 0.217188 0.4
11 0.519531 0.276389 0.05 0.113889
11 0.331641 0.445139 0.094531 0.273611
11 0.291016 0.243056 0.078906 0.116667
11 0.604688 0.211806 0.128125 0.081944
11 0.691016 0.199306 0.078906 0.070833
2 0.445312 0.228472 0.020313 0.031944
2 0.473047 0.227083 0.022656 0.0375
