11 0.234766 0.370139 0.121094 0.254167
12 0.569922 0.407639 0.133594 0.395833
2 0.221484 0.204167 0.025781 0.038889
2 0.301172 0.219444 0.021094 0.038889
11 0.40625 0.216667 0.067187 0.075
2 0.173437 0.200694 0.010937 0.040278
2 0.325391 0.227083 0.017969 0.0375
2 0.337109 0.215278 0.013281 0.030556
1 0.51875 0.660417 0.029687 0.1625
1 0.710547 0.313194 0.014844 0.065278
2 0.594531 0.236111 0.021875 0.041667
2 0.660156 0.238194 0.020313 0.040278
2 0.688672 0.250694 0.013281 0.031944
2 0.639062 0.238889 0.021875 0.041667
2 0.671875 0.224306 0.014063 0.029167
