11 0.501563 0.364583 0.0625 0.145833
11 0.668359 0.577083 0.136719 0.2875
6 0.270703 0.774306 0.108594 0.295833
2 0.962891 0.868056 0.064844 0.152778
5 0.094531 0.891667 0.171875 0.194444
2 0.578516 0.299306 0.014844 0.051389
6 0.308594 0.359722 0.045312 0.075
2 0.179688 0.435417 0.01875 0.068056
2 0.751563 0.480556 0.029687 0.091667
2 0.054297 0.604167 0.032031 0.091667
2 0.057813 0.666667 0.034375 0.111111
6 0.360938 0.211806 0.01875 0.031944
9 0.450391 0.209028 0.025781 0.048611
2 0.473438 0.191667 0.009375 0.025
2 0.557813 0.252778 0.0125 0.041667
2 0.58125 0.269444 0.0125 0.030556
2 0.682422 0.290972 0.025781 0.051389
2 0.537891 0.197917 0.008594 0.026389
2 0.528516 0.199306 0.007031 0.029167
2 0.519531 0.200694 0.007812 0.029167
2 0.507812 0.178472 0.009375 0.023611
2 0.491016 0.168056 0.007031 0.019444
