11 0.7 0.846528 0.29375 0.306944
11 0.219922 0.258333 0.066406 0.127778
6 0.354297 0.385417 0.057031 0.106944
11 0.724609 0.552778 0.136719 0.247222
11 0.255078 0.181944 0.075781 0.069444
9 0.15 0.215278 0.048438 0.088889
11 0.283594 0.233333 0.051562 0.077778
2 0.414062 0.231944 0.020313 0.041667
2 0.145703 0.263194 0.014844 0.048611
2 0.500391 0.236111 0.019531 0.033333
2 0.523828 0.242361 0.024219 0.040278
2 0.494141 0.329861 0.019531 0.073611
2 0.558594 0.222222 0.021875 0.027778
4 0.603516 0.225694 0.038281 0.040278
6 0.669141 0.255556 0.038281 0.047222
11 0.678125 0.218056 0.067187 0.058333
