12 0.635938 0.638194 0.296875 0.723611
2 0.089063 0.8125 0.075 0.175
11 0.396094 0.20625 0.070312 0.073611
12 0.195312 0.179861 0.051562 0.093056
2 0.120313 0.197222 0.009375 0.033333
2 0.104688 0.195833 0.009375 0.025
12 0.126953 0.1625 0.060156 0.069444
2 0.352734 0.217361 0.022656 0.043056
10 0.281641 0.205556 0.085156 0.072222
2 0.513281 0.250694 0.015625 0.034722
2 0.479297 0.2375 0.027344 0.038889
2 0.420312 0.233333 0.026562 0.038889
11 0.285156 0.144444 0.034375 0.055556
7 0.567578 0.263889 0.028906 0.05
2 0.601953 0.272222 0.039844 0.086111
10 0.553906 0.23125 0.10625 0.073611
9 0.714063 0.247917 0.034375 0.051389
12 0.675391 0.219444 0.138281 0.069444
2 0.571875 0.143056 0.032813 0.047222
