9 0.638672 0.427778 0.107031 0.166667
2 0.261719 0.202083 0.017188 0.034722
2 0.219141 0.215278 0.019531 0.038889
2 0.150781 0.279861 0.014063 0.051389
2 0.694922 0.319444 0.016406 0.061111
2 0.106641 0.444444 0.025781 0.097222
12 0.544531 0.244444 0.071875 0.144444
12 0.413672 0.202778 0.182031 0.105556
12 0.141406 0.177083 0.051562 0.068056
12 0.182812 0.179861 0.0375 0.093056
2 0.289453 0.213889 0.016406 0.036111
11 0.223047 0.153472 0.042969 0.051389
11 0.269531 0.148611 0.05 0.047222
2 0.612891 0.227778 0.017969 0.030556
2 0.640625 0.223611 0.017188 0.027778
2 0.707031 0.2875 0.007812 0.041667
2 0.717187 0.271528 0.007812 0.034722
