12 0.657813 0.668056 0.342187 0.661111
9 0.486719 0.215278 0.101562 0.077778
2 0.179297 0.201389 0.019531 0.038889
2 0.224219 0.202083 0.017188 0.0375
6 0.265625 0.205556 0.04375 0.047222
2 0.163672 0.286806 0.024219 0.059722
1 0.573047 0.299306 0.024219 0.054167
2 0.782422 0.429167 0.028906 0.086111
7 0.617969 0.224306 0.05625 0.051389
0 0.098437 0.301389 0.017188 0.061111
2 0.705469 0.315972 0.014063 0.056944
11 0.198047 0.180556 0.032031 0.072222
2 0.119531 0.188194 0.009375 0.026389
2 0.328906 0.215972 0.020313 0.0375
2 0.35625 0.218056 0.021875 0.033333
2 0.375781 0.221528 0.020313 0.034722
2 0.411719 0.225694 0.020313 0.0375
2 0.075391 0.1875 0.010156 0.030556
