7 0.506641 0.468056 0.066406 0.144444
6 0.638672 0.500694 0.085156 0.123611
2 0.840625 0.634028 0.05625 0.201389
6 0.223438 0.693056 0.103125 0.211111
6 0.455078 0.225694 0.032031 0.056944
6 0.78125 0.250694 0.05 0.056944
2 0.625 0.329167 0.01875 0.069444
6 0.320703 0.351389 0.038281 0.077778
2 0.270703 0.374306 0.014844 0.059722
2 0.679688 0.374306 0.028125 0.084722
2 0.246875 0.431944 0.01875 0.080556
2 0.204297 0.455556 0.019531 0.086111
2 0.7625 0.452778 0.040625 0.1
2 0.742969 0.464583 0.035937 0.101389
2 0.826562 0.461806 0.034375 0.095833
2 0.150391 0.506944 0.024219 0.088889
2 0.584766 0.524306 0.025781 0.106944
2 0.179688 0.565278 0.026562 0.141667
2 0.110937 0.622917 0.03125 0.123611
2 0.051562 0.645833 0.0375 0.119444
6 0.389062 0.33125 0.0375 0.065278
6 0.341016 0.275 0.028906 0.061111
