11 0.913672 0.290278 0.160156 0.177778
6 0.301172 0.536806 0.086719 0.148611
6 0.525 0.558333 0.084375 0.155556
11 0.370703 0.221528 0.028906 0.079167
6 0.494531 0.230556 0.028125 0.036111
2 0.595313 0.299306 0.021875 0.0625
6 0.48125 0.321528 0.040625 0.073611
2 0.798438 0.318056 0.032813 0.058333
2 0.712891 0.359028 0.035156 0.081944
2 0.232813 0.418056 0.01875 0.072222
2 0.700391 0.434028 0.024219 0.0875
2 0.146094 0.532639 0.028125 0.090278
2 0.019141 0.674306 0.036719 0.123611
2 0.555469 0.236806 0.010937 0.043056
2 0.309375 0.254167 0.009375 0.036111
12 0.379297 0.155556 0.019531 0.044444
11 0.359375 0.166667 0.015625 0.036111
12 0.455078 0.210417 0.038281 0.118056
