10 0.482422 0.486806 0.339844 0.293056
10 0.61875 0.2625 0.201563 0.102778
11 0.752344 0.376389 0.14375 0.172222
4 0.048047 0.715972 0.080469 0.148611
10 0.475781 0.188194 0.039062 0.076389
6 0.332813 0.277778 0.029687 0.052778
6 0.385156 0.271528 0.034375 0.048611
2 0.848047 0.320833 0.038281 0.061111
2 0.239063 0.355556 0.015625 0.061111
6 0.904687 0.345139 0.082812 0.084722
2 0.202344 0.419444 0.01875 0.069444
2 0.166016 0.520833 0.025781 0.1
2 0.137891 0.654861 0.028906 0.129167
2 0.25625 0.313889 0.0125 0.05
12 0.385937 0.20625 0.032813 0.1125
