11 0.273438 0.220833 0.057813 0.091667
9 0.217188 0.454861 0.065625 0.134722
10 0.180078 0.201389 0.094531 0.061111
2 0.376172 0.213194 0.022656 0.040278
6 0.25625 0.297917 0.040625 0.081944
11 0.239453 0.159722 0.028906 0.041667
2 0.293359 0.153472 0.013281 0.023611
2 0.30625 0.150694 0.010937 0.018056
11 0.182422 0.154861 0.050781 0.040278
11 0.058203 0.174306 0.025781 0.023611
2 0.122656 0.198611 0.0125 0.033333
2 0.110156 0.197222 0.009375 0.030556
2 0.096094 0.195833 0.007812 0.030556
2 0.083594 0.188194 0.007812 0.029167
11 0.710938 0.227778 0.06875 0.061111
2 0.732422 0.25625 0.021094 0.034722
