2 0.299609 0.263889 0.010156 0.038889
11 0.528906 0.256944 0.073438 0.086111
6 0.375 0.271528 0.0375 0.068056
11 0.328906 0.293056 0.040625 0.097222
2 0.666406 0.3875 0.023438 0.077778
2 0.953906 0.430556 0.035937 0.094444
2 0.2 0.447917 0.01875 0.079167
2 0.320312 0.239583 0.009375 0.029167
0 0.847656 0.276389 0.01875 0.047222
9 0.463281 0.179861 0.020313 0.040278
2 0.534766 0.204861 0.008594 0.031944
2 0.524219 0.191667 0.007812 0.027778
2 0.50625 0.171528 0.00625 0.023611
2 0.488672 0.165972 0.005469 0.020833
2 0.483594 0.1625 0.00625 0.019444
9 0.434375 0.168056 0.025 0.05
6 0.364844 0.176389 0.014063 0.022222
11 0.370703 0.147222 0.021094 0.038889
