10 0.835938 0.259722 0.21875 0.116667
11 0.340234 0.374306 0.058594 0.148611
6 0.630469 0.892361 0.176563 0.215278
6 0.321484 0.300694 0.042969 0.081944
2 0.799609 0.350694 0.024219 0.076389
2 0.080469 0.568056 0.032813 0.086111
2 0.519141 0.269444 0.013281 0.041667
2 0.546094 0.203472 0.009375 0.031944
2 0.608594 0.257639 0.014063 0.043056
2 0.572266 0.222222 0.010156 0.038889
11 0.374609 0.155556 0.017969 0.038889
2 0.317188 0.220833 0.00625 0.025
6 0.440625 0.161111 0.015625 0.022222
2 0.475 0.156944 0.00625 0.022222
