11 0.417969 0.2125 0.11875 0.072222
6 0.658594 0.477778 0.079687 0.119444
9 0.26875 0.576389 0.1125 0.227778
11 0.192188 0.183333 0.04375 0.088889
2 0.178516 0.310417 0.016406 0.0625
2 0.846875 0.527778 0.0375 0.091667
12 0.627344 0.634028 0.260937 0.731944
1 0.105078 0.390278 0.017969 0.077778
2 0.099609 0.185417 0.008594 0.026389
11 0.143359 0.178472 0.041406 0.054167
2 0.456641 0.243056 0.025781 0.036111
2 0.487109 0.230556 0.021094 0.044444
11 0.610938 0.295833 0.051562 0.125
11 0.648047 0.264583 0.030469 0.073611
12 0.59375 0.225 0.09375 0.116667
2 0.707812 0.270833 0.014063 0.05
2 0.733984 0.248611 0.022656 0.038889
2 0.662891 0.220139 0.017969 0.0375
11 0.709766 0.197917 0.060156 0.068056
11 0.754297 0.217361 0.032031 0.048611
12 0.669141 0.154167 0.091406 0.055556
11 0.299609 0.063889 0.047656 0.033333
11 0.675 0.072917 0.060937 0.045833
11 0.226953 0.165278 0.036719 0.044444
11 0.275781 0.15625 0.021875 0.034722
6 0.300781 0.1625 0.028125 0.022222
