10 0.807422 0.31875 0.246094 0.193056
2 0.608984 0.606944 0.050781 0.144444
2 0.351953 0.719444 0.055469 0.175
2 0.444531 0.706944 0.051562 0.163889
2 0.297656 0.911111 0.08125 0.177778
2 0.268359 0.335417 0.016406 0.059722
2 0.4875 0.359722 0.042188 0.069444
2 0.371094 0.366667 0.021875 0.063889
2 0.44375 0.367361 0.029687 0.068056
2 0.197656 0.415278 0.023438 0.063889
2 0.34375 0.433333 0.021875 0.083333
2 0.546875 0.465278 0.035937 0.105556
2 0.624219 0.509028 0.035937 0.1125
2 0.254297 0.329167 0.019531 0.061111
6 0.344531 0.271528 0.028125 0.056944
