12 0.362891 0.274306 0.055469 0.159722
11 0.316016 0.309028 0.063281 0.106944
10 0.207422 0.418056 0.066406 0.186111
6 0.339062 0.406944 0.05625 0.111111
6 0.622266 0.485417 0.086719 0.126389
2 0.892188 0.604167 0.05 0.133333
2 0.886719 0.793056 0.05625 0.172222
6 0.510938 0.260417 0.039062 0.081944
6 0.466797 0.274306 0.039844 0.076389
6 0.259766 0.336806 0.044531 0.106944
6 0.5 0.350694 0.05 0.079167
2 0.730859 0.415278 0.028906 0.086111
2 0.769141 0.486806 0.028906 0.098611
2 0.827734 0.549306 0.035156 0.109722
