6 0.173047 0.674306 0.113281 0.2125
4 0.585938 0.715278 0.145313 0.236111
10 0.501563 0.219444 0.05 0.083333
6 0.330859 0.311806 0.038281 0.068056
9 0.473438 0.308333 0.046875 0.091667
2 0.631641 0.341667 0.024219 0.063889
2 0.752344 0.374306 0.032813 0.070833
2 0.153906 0.552778 0.03125 0.1
2 0.070312 0.624306 0.03125 0.104167
2 0.083203 0.559722 0.032031 0.066667
2 0.241016 0.401389 0.014844 0.069444
2 0.280078 0.296528 0.010156 0.040278
2 0.588672 0.315278 0.016406 0.052778
2 0.61875 0.282639 0.0125 0.045833
2 0.607812 0.255556 0.009375 0.041667
2 0.579688 0.257639 0.010937 0.043056
2 0.557813 0.271528 0.0125 0.043056
2 0.561719 0.247917 0.0125 0.0375
2 0.569922 0.229167 0.011719 0.038889
2 0.540625 0.226389 0.010937 0.033333
2 0.552344 0.224306 0.009375 0.034722
2 0.316406 0.227778 0.007812 0.025
2 0.493359 0.166667 0.007031 0.022222
6 0.451172 0.170833 0.016406 0.025
6 0.426953 0.170139 0.013281 0.020833
12 0.379688 0.160417 0.025 0.059722
6 0.360938 0.160417 0.0125 0.020833
2 0.548438 0.204167 0.00625 0.019444
