2 0.179297 0.375694 0.024219 0.084722
2 0.742969 0.404167 0.01875 0.072222
6 0.584766 0.713194 0.139844 0.251389
6 0.524219 0.361806 0.046875 0.076389
9 0.727344 0.614583 0.160938 0.279167
6 0.571875 0.321528 0.04375 0.076389
11 0.616797 0.268056 0.049219 0.083333
9 0.891016 0.851389 0.214844 0.297222
2 0.089063 0.543056 0.028125 0.102778
6 0.570312 0.264583 0.040625 0.040278
6 0.661719 0.257639 0.0375 0.0375
6 0.705469 0.243056 0.035937 0.030556
6 0.507812 0.231944 0.05 0.036111
2 0.459375 0.23125 0.023438 0.023611
