10 0.391797 0.553472 0.355469 0.370833
10 0.559766 0.251389 0.147656 0.097222
6 0.826562 0.374306 0.095312 0.098611
6 0.964844 0.363889 0.064062 0.111111
11 0.675781 0.415278 0.15 0.186111
10 0.466797 0.175 0.030469 0.058333
6 0.332422 0.275694 0.027344 0.054167
6 0.383984 0.272222 0.032031 0.05
2 0.944141 0.321528 0.033594 0.073611
2 0.192578 0.455556 0.022656 0.080556
2 0.13125 0.528472 0.028125 0.090278
12 0.385937 0.205556 0.035937 0.108333
2 0.24375 0.363889 0.017188 0.058333
2 0.284766 0.298611 0.013281 0.047222
2 0.255859 0.327778 0.011719 0.05
