9 0.609375 0.3 0.05 0.116667
9 0.258594 0.395833 0.06875 0.1
4 0.245312 0.200694 0.03125 0.056944
4 0.395703 0.216667 0.035156 0.047222
1 0.308594 0.254167 0.028125 0.047222
9 0.53125 0.279861 0.046875 0.0875
12 0.809766 0.518056 0.367969 0.411111
12 0.763672 0.793056 0.472656 0.411111
2 0.577344 0.23125 0.021875 0.034722
2 0.520703 0.229167 0.021094 0.027778
11 0.142187 0.176389 0.053125 0.075
2 0.184375 0.207639 0.009375 0.0375
2 0.223438 0.202778 0.009375 0.036111
2 0.560937 0.23125 0.014063 0.034722
2 0.671484 0.248611 0.011719 0.033333
11 0.656641 0.218056 0.055469 0.066667
