12 0.720313 0.659028 0.446875 0.681944
2 0.966016 0.624306 0.050781 0.1375
2 0.158984 0.276389 0.014844 0.047222
4 0.704688 0.330556 0.040625 0.088889
12 0.400391 0.191667 0.202344 0.116667
12 0.53125 0.28125 0.067187 0.159722
2 0.071094 0.470139 0.028125 0.073611
2 0.301563 0.211806 0.01875 0.0375
2 0.273828 0.210417 0.016406 0.0375
4 0.246094 0.210417 0.035937 0.045833
2 0.202734 0.215278 0.013281 0.030556
2 0.164062 0.235417 0.010937 0.043056
2 0.133203 0.247222 0.013281 0.041667
2 0.1375 0.23125 0.009375 0.029167
2 0.218359 0.200694 0.011719 0.034722
6 0.193359 0.208333 0.019531 0.033333
2 0.207422 0.193056 0.007031 0.027778
2 0.304688 0.327083 0.001563 0.006944
6 0.596875 0.225694 0.05625 0.043056
2 0.701953 0.281944 0.014844 0.038889
