10 0.148047 0.789583 0.294531 0.4125
6 0.586719 0.513194 0.117188 0.1375
11 0.428516 0.599306 0.189844 0.309722
6 0.594922 0.781944 0.199219 0.319444
10 0.489063 0.213194 0.046875 0.079167
0 0.598828 0.25625 0.014844 0.043056
6 0.333203 0.277083 0.027344 0.054167
6 0.384766 0.272222 0.033594 0.05
2 0.283984 0.297917 0.014844 0.054167
2 0.9125 0.366667 0.05 0.075
2 0.196094 0.451389 0.020313 0.080556
2 0.548828 0.46875 0.036719 0.070833
2 0.098828 0.533333 0.027344 0.097222
2 0.13125 0.568056 0.028125 0.105556
