11 0.340625 0.354167 0.084375 0.172222
11 0.185938 0.416667 0.101562 0.244444
11 0.583203 0.450694 0.150781 0.343056
5 0.747656 0.659028 0.128125 0.170833
2 0.338281 0.215278 0.028125 0.044444
2 0.376563 0.218056 0.025 0.041667
11 0.479297 0.204167 0.092969 0.094444
4 0.708203 0.298611 0.025781 0.058333
11 0.609375 0.272917 0.042188 0.079167
6 0.669922 0.264583 0.044531 0.051389
6 0.672266 0.234028 0.041406 0.040278
2 0.463281 0.239583 0.023438 0.040278
2 0.51875 0.247917 0.025 0.040278
2 0.300781 0.230556 0.026562 0.038889
6 0.285547 0.217361 0.047656 0.034722
6 0.190625 0.18125 0.020313 0.026389
6 0.21875 0.176389 0.021875 0.030556
11 0.282031 0.145833 0.029687 0.047222
