6 0.223438 0.548611 0.078125 0.138889
6 0.101172 0.847917 0.167969 0.304167
11 0.519141 0.270833 0.041406 0.097222
2 0.291016 0.314583 0.013281 0.048611
2 0.591406 0.317361 0.017188 0.056944
2 0.630469 0.327083 0.01875 0.0625
2 0.249609 0.360417 0.013281 0.056944
6 0.830078 0.347917 0.067969 0.084722
2 0.217188 0.395833 0.017188 0.066667
6 0.327344 0.390278 0.040625 0.086111
2 0.084375 0.614583 0.029687 0.109722
12 0.379688 0.2625 0.051562 0.147222
0 0.670312 0.294444 0.017188 0.055556
2 0.915625 0.863889 0.079687 0.236111
9 0.338281 0.252083 0.04375 0.1125
