10 0.245312 0.700694 0.414062 0.506944
10 0.515234 0.2375 0.072656 0.1
6 0.714844 0.429861 0.103125 0.109722
11 0.566797 0.479167 0.160156 0.227778
6 0.831641 0.515972 0.124219 0.173611
6 0.333594 0.277083 0.028125 0.054167
6 0.383984 0.272222 0.033594 0.05
1 0.854688 0.347222 0.035937 0.077778
2 0.225 0.403472 0.01875 0.068056
2 0.195703 0.425694 0.017969 0.070833
2 0.16875 0.486111 0.023438 0.086111
12 0.386719 0.20625 0.03125 0.109722
2 0.243359 0.359722 0.016406 0.061111
2 0.256641 0.329167 0.013281 0.061111
