11 0.660156 0.660417 0.332813 0.679167
11 0.191797 0.1875 0.047656 0.072222
2 0.174219 0.297917 0.020313 0.051389
2 0.182422 0.354167 0.022656 0.066667
2 0.101172 0.410417 0.025781 0.076389
11 0.536328 0.329167 0.092969 0.202778
11 0.291016 0.315278 0.057031 0.144444
1 0.130469 0.336806 0.017188 0.065278
2 0.233984 0.210417 0.016406 0.0375
2 0.266016 0.213194 0.021094 0.043056
6 0.662109 0.266667 0.038281 0.041667
2 0.712109 0.323611 0.016406 0.058333
11 0.622266 0.231944 0.102344 0.119444
9 0.7125 0.246528 0.04375 0.051389
2 0.716406 0.268056 0.014063 0.041667
11 0.309766 0.241667 0.064844 0.116667
