12 0.799219 0.333333 0.3375 0.3
6 0.19375 0.734028 0.13125 0.2625
2 0.937891 0.797917 0.069531 0.168056
2 0.254297 0.363194 0.016406 0.0625
2 0.223438 0.435417 0.01875 0.070833
2 0.165234 0.538194 0.035156 0.095833
2 0.048047 0.722917 0.038281 0.123611
3 0.440625 0.355556 0.0625 0.058333
2 0.55625 0.241667 0.009375 0.036111
2 0.544922 0.222917 0.008594 0.031944
2 0.532813 0.206944 0.007812 0.030556
2 0.524219 0.193056 0.00625 0.027778
2 0.975781 0.780556 0.04375 0.163889
2 0.609766 0.260417 0.013281 0.043056
