11 0.906641 0.306944 0.186719 0.219444
12 0.578516 0.524306 0.188281 0.495833
2 0.870313 0.720833 0.05625 0.147222
2 0.279297 0.311806 0.013281 0.045833
2 0.771875 0.549306 0.034375 0.118056
2 0.010547 0.730556 0.019531 0.122222
2 0.357812 0.240972 0.023438 0.0375
11 0.387109 0.190278 0.027344 0.066667
6 0.443359 0.190972 0.017969 0.023611
2 0.497266 0.172917 0.007031 0.023611
2 0.576172 0.227083 0.010156 0.029167
2 0.541016 0.190972 0.007031 0.029167
2 0.471875 0.157639 0.00625 0.018056
2 0.454688 0.165972 0.00625 0.020833
2 0.365234 0.195139 0.007031 0.023611
