12 0.176172 0.696528 0.344531 0.606944
11 0.347656 0.315278 0.067187 0.166667
6 0.432812 0.58125 0.121875 0.218056
6 0.487891 0.670833 0.133594 0.202778
10 0.509375 0.222917 0.054688 0.081944
6 0.486328 0.281944 0.039844 0.066667
2 0.590625 0.320833 0.015625 0.055556
2 0.617578 0.313194 0.016406 0.059722
2 0.20625 0.374306 0.017188 0.0625
6 0.288672 0.374306 0.052344 0.076389
2 0.699609 0.409722 0.035156 0.080556
2 0.656641 0.290278 0.017969 0.052778
2 0.5875 0.254167 0.0125 0.041667
2 0.564453 0.243056 0.014844 0.05
2 0.441016 0.486111 0.036719 0.077778
2 0.263281 0.345833 0.0125 0.055556
12 0.386328 0.172917 0.030469 0.056944
