6 0.449609 0.209028 0.021094 0.034722
6 0.46875 0.258333 0.03125 0.05
6 0.319141 0.321528 0.042969 0.0625
2 0.595313 0.318056 0.01875 0.058333
2 0.907422 0.313194 0.038281 0.056944
2 0.38125 0.345833 0.01875 0.058333
2 0.875391 0.370139 0.032031 0.073611
2 0.224609 0.466667 0.021094 0.083333
2 0.736328 0.488194 0.028906 0.093056
2 0.167578 0.534722 0.024219 0.091667
2 0.130469 0.538194 0.025 0.095833
2 0.030078 0.625694 0.039844 0.095833
7 0.621484 0.522917 0.097656 0.143056
2 0.501563 0.177083 0.007812 0.026389
2 0.519141 0.193056 0.008594 0.027778
2 0.605859 0.254861 0.010156 0.043056
2 0.572266 0.219444 0.008594 0.036111
11 0.380469 0.170139 0.015625 0.040278
11 0.361328 0.165278 0.014844 0.033333
11 0.453906 0.15625 0.026562 0.056944
11 0.435156 0.172222 0.01875 0.036111
