6 0.341016 0.452778 0.063281 0.105556
6 0.771094 0.631944 0.107813 0.163889
2 0.89375 0.897917 0.125 0.204167
2 0.561328 0.253472 0.013281 0.043056
2 0.590234 0.278472 0.014844 0.045833
6 0.327734 0.290972 0.035156 0.056944
9 0.371484 0.300694 0.041406 0.095833
6 0.482812 0.288194 0.0375 0.0625
2 0.639844 0.354167 0.01875 0.072222
2 0.205469 0.379167 0.015625 0.058333
2 0.666406 0.377778 0.021875 0.069444
2 0.201953 0.434722 0.021094 0.066667
2 0.242578 0.421528 0.022656 0.065278
2 0.616016 0.46875 0.024219 0.090278
2 0.789062 0.493056 0.035937 0.1
2 0.078125 0.570139 0.029687 0.101389
2 0.646875 0.584722 0.03125 0.122222
0 0.883594 0.450694 0.021875 0.101389
2 0.725 0.422222 0.020313 0.088889
2 0.718359 0.372917 0.019531 0.068056
2 0.673438 0.345139 0.017188 0.059722
2 0.614453 0.368056 0.021094 0.077778
6 0.320312 0.361806 0.045312 0.0875
