11 0.864453 0.805556 0.225781 0.386111
12 0.529687 0.280556 0.078125 0.222222
6 0.242188 0.361806 0.065625 0.109722
11 0.649219 0.436806 0.117188 0.268056
4 0.19375 0.24375 0.025 0.0625
2 0.160547 0.338889 0.016406 0.066667
2 0.780469 0.431944 0.032813 0.091667
2 0.726562 0.361806 0.025 0.070833
6 0.132422 0.8875 0.199219 0.225
2 0.151562 0.298611 0.015625 0.055556
2 0.107031 0.213194 0.0125 0.034722
2 0.141406 0.203472 0.010937 0.031944
2 0.15 0.195139 0.009375 0.031944
2 0.162109 0.196528 0.010156 0.034722
11 0.214844 0.200694 0.040625 0.073611
2 0.258984 0.160417 0.005469 0.018056
11 0.196094 0.179861 0.029687 0.068056
2 0.248828 0.160417 0.005469 0.018056
11 0.238281 0.136111 0.04375 0.036111
9 0.109375 0.143056 0.05625 0.041667
12 0.678125 0.210417 0.0875 0.104167
2 0.728516 0.220139 0.013281 0.0375
11 0.463281 0.157639 0.054688 0.026389
