10 0.184375 0.515972 0.139063 0.298611
12 0.301172 0.50625 0.160156 0.476389
7 0.4625 0.234028 0.026562 0.054167
9 0.497266 0.229861 0.028906 0.065278
2 0.645312 0.338889 0.021875 0.066667
2 0.937109 0.335417 0.036719 0.070833
2 0.663281 0.375694 0.025 0.073611
2 0.71875 0.450694 0.028125 0.093056
2 0.711719 0.558333 0.03125 0.108333
2 0.275781 0.306944 0.010937 0.047222
2 0.303516 0.245139 0.007031 0.029167
2 0.576953 0.25 0.010156 0.041667
2 0.549609 0.231944 0.010156 0.036111
2 0.527734 0.204861 0.008594 0.029167
2 0.49375 0.170833 0.007812 0.019444
2 0.471875 0.157639 0.00625 0.018056
11 0.384375 0.234028 0.028125 0.068056
11 0.363672 0.203472 0.019531 0.048611
11 0.373828 0.170139 0.025781 0.054167
