11 0.491406 0.347917 0.070312 0.165278
11 0.272266 0.391667 0.058594 0.158333
6 0.325 0.518056 0.070312 0.113889
2 0.897266 0.752083 0.063281 0.151389
2 0.370703 0.934028 0.053906 0.120833
6 0.462891 0.220139 0.028906 0.0375
11 0.378516 0.252083 0.041406 0.104167
2 0.566016 0.25 0.017969 0.041667
11 0.316016 0.297917 0.044531 0.120833
2 0.625391 0.336806 0.022656 0.0625
6 0.359375 0.355556 0.042188 0.077778
2 0.207813 0.372917 0.017188 0.054167
2 0.766406 0.476389 0.03125 0.1
2 0.719141 0.505556 0.030469 0.102778
