12 0.562891 0.397222 0.150781 0.386111
6 0.032422 0.813194 0.060156 0.254167
2 0.358984 0.222917 0.021094 0.0375
2 0.410938 0.232639 0.025 0.0375
1 0.163281 0.255556 0.03125 0.041667
6 0.317578 0.264583 0.036719 0.045833
1 0.372656 0.268056 0.03125 0.041667
12 0.760547 0.791667 0.478906 0.416667
2 0.257812 0.21875 0.017188 0.034722
2 0.233984 0.202778 0.010156 0.036111
2 0.20625 0.211111 0.0125 0.033333
2 0.157812 0.203472 0.023438 0.034722
6 0.586328 0.227083 0.049219 0.040278
2 0.676953 0.224306 0.016406 0.031944
2 0.714453 0.229167 0.017969 0.036111
2 0.1375 0.196528 0.009375 0.031944
6 0.211328 0.202778 0.032031 0.038889
11 0.187891 0.1875 0.025781 0.058333
6 0.268359 0.207639 0.044531 0.040278
2 0.107422 0.186806 0.011719 0.029167
