6 0.305469 0.456944 0.070312 0.1
2 0.819141 0.717361 0.052344 0.168056
6 0.355469 0.236806 0.020313 0.034722
2 0.558594 0.257639 0.010937 0.040278
6 0.466797 0.290972 0.035156 0.051389
2 0.907422 0.313194 0.039844 0.0625
2 0.386719 0.351389 0.020313 0.058333
2 0.23125 0.372917 0.017188 0.056944
2 0.217969 0.440972 0.020313 0.068056
2 0.172656 0.492361 0.020313 0.084722
5 0.519141 0.438889 0.061719 0.108333
2 0.274609 0.322222 0.011719 0.05
2 0.265625 0.3125 0.007812 0.047222
2 0.547656 0.229167 0.009375 0.036111
2 0.382812 0.252778 0.010937 0.036111
11 0.45 0.20625 0.025 0.054167
11 0.478516 0.180556 0.035156 0.083333
2 0.605859 0.253472 0.010156 0.043056
2 0.572266 0.21875 0.007031 0.034722
