11 0.350781 0.275694 0.06875 0.106944
12 0.535547 0.334028 0.086719 0.270833
11 0.245703 0.400694 0.085156 0.209722
6 0.63125 0.820833 0.15625 0.297222
2 0.150781 0.238194 0.023438 0.043056
11 0.637891 0.249306 0.049219 0.081944
2 0.120313 0.393056 0.028125 0.086111
2 0.760938 0.411806 0.025 0.079167
2 0.839453 0.524306 0.033594 0.084722
2 0.686328 0.270833 0.016406 0.05
2 0.679297 0.224306 0.017969 0.029167
7 0.595313 0.227083 0.053125 0.051389
2 0.135156 0.217361 0.009375 0.0375
2 0.088281 0.191667 0.010937 0.033333
11 0.128906 0.171528 0.042188 0.0625
11 0.210156 0.165972 0.04375 0.0625
11 0.241016 0.152083 0.030469 0.040278
11 0.275 0.147917 0.034375 0.048611
