9 0.712109 0.506944 0.219531 0.405556
6 0.210938 0.484028 0.104688 0.154167
6 0.559375 0.549306 0.096875 0.159722
11 0.433203 0.210417 0.083594 0.076389
6 0.304297 0.286806 0.047656 0.079167
6 0.603516 0.8375 0.186719 0.325
11 0.235547 0.190972 0.108594 0.098611
2 0.370312 0.224306 0.025 0.045833
11 0.614453 0.293056 0.064844 0.158333
6 0.673828 0.257639 0.042969 0.045833
2 0.712891 0.275694 0.013281 0.043056
2 0.673438 0.217361 0.014063 0.029167
11 0.735156 0.225694 0.0625 0.070833
11 0.593359 0.236806 0.080469 0.104167
11 0.14375 0.181944 0.032813 0.066667
11 0.103125 0.193056 0.034375 0.061111
12 0.181641 0.171528 0.039844 0.095833
11 0.657422 0.161111 0.050781 0.047222
11 0.534766 0.158333 0.055469 0.036111
