6 0.854297 0.900694 0.288281 0.193056
10 0.253516 0.334722 0.053906 0.136111
6 0.563281 0.365278 0.065625 0.133333
6 0.495703 0.406944 0.061719 0.127778
6 0.251563 0.499306 0.070312 0.1375
6 0.580078 0.646528 0.110156 0.204167
2 0.875781 0.620139 0.04375 0.140278
2 0.120313 0.786806 0.0375 0.176389
2 0.978516 0.827083 0.041406 0.268056
2 0.034375 0.856944 0.060937 0.152778
2 0.566016 0.261111 0.013281 0.041667
2 0.585938 0.273611 0.017188 0.047222
6 0.345703 0.313889 0.038281 0.077778
2 0.61875 0.336806 0.020313 0.065278
2 0.641406 0.425 0.025 0.088889
2 0.734766 0.436111 0.027344 0.108333
2 0.708984 0.486111 0.027344 0.111111
12 0.38125 0.234722 0.042188 0.136111
