11 0.259375 0.405556 0.065625 0.166667
6 0.580078 0.424306 0.063281 0.093056
6 0.542188 0.554167 0.08125 0.127778
6 0.782422 0.249306 0.050781 0.056944
6 0.51875 0.286806 0.040625 0.056944
6 0.317188 0.324306 0.034375 0.079167
2 0.669141 0.368056 0.025781 0.072222
2 0.723047 0.395833 0.027344 0.086111
2 0.207813 0.426389 0.01875 0.077778
2 0.145313 0.499306 0.025 0.081944
2 0.096094 0.585417 0.029687 0.106944
2 0.069531 0.686806 0.034375 0.126389
10 0.358594 0.333333 0.071875 0.213889
2 0.599609 0.3 0.016406 0.052778
