11 0.478906 0.210417 0.132812 0.093056
6 0.182031 0.461806 0.10625 0.140278
11 0.310547 0.505556 0.172656 0.461111
11 0.177344 0.170833 0.039062 0.086111
2 0.178906 0.250694 0.0125 0.045833
2 0.138672 0.277083 0.019531 0.048611
2 0.185938 0.311806 0.021875 0.054167
2 0.099609 0.432639 0.027344 0.0875
11 0.098047 0.218056 0.049219 0.094444
9 0.21875 0.196528 0.04375 0.051389
2 0.131641 0.218056 0.010156 0.030556
6 0.128516 0.190278 0.024219 0.027778
2 0.3125 0.21875 0.017188 0.031944
2 0.299609 0.2125 0.014844 0.033333
2 0.373047 0.228472 0.016406 0.0375
2 0.416797 0.235417 0.019531 0.040278
2 0.444922 0.24375 0.024219 0.0375
6 0.639453 0.926389 0.180469 0.147222
4 0.702734 0.314583 0.027344 0.076389
5 0.683984 0.257639 0.042969 0.051389
2 0.554297 0.227778 0.017969 0.033333
2 0.741797 0.252083 0.022656 0.034722
6 0.295703 0.153472 0.014844 0.023611
