6 0.562109 0.565972 0.100781 0.165278
6 0.700391 0.595139 0.128906 0.176389
11 0.190625 0.186806 0.051562 0.093056
9 0.339844 0.20625 0.0625 0.054167
2 0.453906 0.234028 0.023438 0.040278
2 0.137891 0.275 0.019531 0.044444
2 0.184375 0.270833 0.020313 0.044444
2 0.20625 0.336806 0.026562 0.070833
2 0.236719 0.161806 0.004687 0.020833
6 0.265625 0.160417 0.017188 0.023611
2 0.402734 0.223611 0.025781 0.038889
11 0.098047 0.215972 0.053906 0.0875
2 0.155469 0.201389 0.010937 0.030556
6 0.157031 0.195139 0.028125 0.026389
2 0.596094 0.254861 0.029687 0.043056
2 0.625391 0.25 0.025781 0.038889
2 0.5375 0.245833 0.025 0.036111
2 0.492969 0.240278 0.023438 0.038889
4 0.712891 0.266667 0.025781 0.058333
5 0.698438 0.25 0.03125 0.05
2 0.735938 0.256944 0.0125 0.041667
2 0.655859 0.222917 0.017969 0.034722
11 0.566406 0.213889 0.125 0.083333
