10 0.607812 0.481944 0.215625 0.255556
2 0.694141 0.675694 0.052344 0.184722
0 0.599219 0.250694 0.015625 0.040278
6 0.782422 0.250694 0.049219 0.056944
6 0.341406 0.280556 0.026562 0.047222
6 0.387891 0.270833 0.028906 0.061111
2 0.272266 0.304167 0.014844 0.05
2 0.854297 0.308333 0.030469 0.063889
2 0.239453 0.352778 0.014844 0.058333
2 0.780469 0.364583 0.040625 0.079167
2 0.410938 0.393056 0.021875 0.083333
2 0.169922 0.468056 0.022656 0.086111
2 0.0875 0.597917 0.03125 0.118056
10 0.621875 0.352083 0.182812 0.140278
