6 0.255469 0.436806 0.05625 0.115278
6 0.319141 0.546528 0.064844 0.1625
2 0.050391 0.694444 0.057031 0.133333
6 0.107031 0.777083 0.123438 0.259722
9 0.225391 0.759028 0.153906 0.481944
6 0.782422 0.252778 0.049219 0.058333
2 0.210938 0.378472 0.015625 0.068056
6 0.311719 0.366667 0.042188 0.077778
6 0.361328 0.376389 0.042969 0.088889
2 0.664844 0.461806 0.028125 0.106944
2 0.732812 0.490972 0.035937 0.131944
2 0.04375 0.621528 0.046875 0.090278
6 0.375 0.3 0.034375 0.063889
6 0.331641 0.308333 0.033594 0.058333
2 0.726562 0.419444 0.026562 0.088889
