11 0.575 0.484028 0.167187 0.423611
2 0.453125 0.232639 0.023438 0.040278
2 0.160547 0.366667 0.027344 0.066667
2 0.301953 0.225694 0.017969 0.040278
2 0.333594 0.227778 0.017188 0.036111
2 0.478516 0.228472 0.019531 0.034722
11 0.368359 0.209722 0.085156 0.072222
11 0.290625 0.2 0.064062 0.066667
2 0.208594 0.218056 0.0125 0.033333
6 0.223047 0.211806 0.030469 0.031944
6 0.198047 0.203472 0.021094 0.034722
2 0.169922 0.211806 0.010156 0.029167
6 0.18125 0.195139 0.020313 0.026389
6 0.15625 0.197917 0.025 0.034722
2 0.0875 0.191667 0.009375 0.027778
2 0.129297 0.205556 0.008594 0.033333
2 0.142969 0.205556 0.009375 0.033333
11 0.157422 0.173611 0.049219 0.041667
6 0.103516 0.184722 0.024219 0.036111
2 0.074609 0.188194 0.008594 0.026389
2 0.067969 0.190972 0.00625 0.023611
11 0.125 0.141667 0.042188 0.027778
12 0.263281 0.148611 0.048438 0.052778
11 0.294141 0.149306 0.011719 0.031944
11 0.309375 0.144444 0.014063 0.030556
11 0.550781 0.205556 0.08125 0.077778
9 0.625 0.275 0.051562 0.105556
2 0.675391 0.224306 0.016406 0.034722
2 0.702344 0.229861 0.015625 0.0375
2 0.712891 0.219444 0.013281 0.025
2 0.735547 0.222917 0.011719 0.029167
