12 0.745313 0.724306 0.504687 0.5125
11 0.534766 0.313194 0.075781 0.176389
11 0.628125 0.340972 0.071875 0.156944
11 0.341797 0.429167 0.127344 0.336111
2 0.346094 0.218056 0.023438 0.041667
4 0.464844 0.214583 0.067187 0.059722
2 0.191797 0.244444 0.013281 0.041667
6 0.242578 0.275 0.046094 0.075
2 0.032422 0.504167 0.030469 0.111111
2 0.706641 0.305556 0.017969 0.061111
2 0.208984 0.201389 0.011719 0.027778
2 0.432031 0.233333 0.023438 0.036111
2 0.088281 0.188194 0.007812 0.020833
11 0.116406 0.166667 0.048438 0.066667
12 0.583203 0.207639 0.128906 0.079167
11 0.697266 0.211111 0.099219 0.105556
