6 0.578125 0.425 0.0625 0.1
11 0.296094 0.518056 0.1375 0.438889
6 0.200391 0.568056 0.066406 0.141667
2 0.822266 0.605556 0.050781 0.136111
6 0.735938 0.774306 0.15625 0.259722
6 0.494922 0.243056 0.035156 0.044444
6 0.782422 0.249306 0.049219 0.056944
2 0.56875 0.293056 0.01875 0.05
2 0.622656 0.318056 0.01875 0.055556
2 0.641797 0.374306 0.024219 0.079167
2 0.197656 0.416667 0.01875 0.080556
2 0.232422 0.411806 0.019531 0.084722
2 0.174219 0.483333 0.026562 0.088889
2 0.148438 0.538889 0.025 0.088889
2 0.071094 0.643056 0.032813 0.127778
2 0.014063 0.702083 0.026562 0.1375
10 0.372266 0.277083 0.053906 0.151389
4 0.695703 0.372917 0.036719 0.081944
2 0.708594 0.438889 0.032813 0.102778
2 0.935547 0.732639 0.053906 0.179167
2 0.130859 0.530556 0.024219 0.094444
