9 0.502344 0.399306 0.060937 0.168056
7 0.618359 0.443056 0.082031 0.130556
6 0.322656 0.489583 0.060937 0.120833
6 0.980078 0.719444 0.036719 0.244444
6 0.660547 0.735417 0.146094 0.265278
2 0.023828 0.774306 0.044531 0.156944
6 0.251172 0.788194 0.111719 0.320833
6 0.782813 0.250694 0.05 0.056944
2 0.289062 0.299306 0.0125 0.043056
11 0.472266 0.288194 0.039844 0.090278
6 0.535156 0.313194 0.04375 0.0625
2 0.225 0.370833 0.015625 0.061111
6 0.271094 0.431944 0.054688 0.086111
2 0.20625 0.449306 0.021875 0.095833
2 0.148438 0.502778 0.03125 0.102778
2 0.739062 0.540278 0.0375 0.122222
2 0.182422 0.561806 0.022656 0.106944
2 0.084375 0.645833 0.034375 0.144444
6 0.350781 0.295833 0.03125 0.063889
