10 0.616797 0.258333 0.166406 0.111111
6 0.55625 0.499306 0.084375 0.120833
6 0.481641 0.344444 0.039844 0.080556
2 0.800781 0.352083 0.025 0.070833
2 0.667578 0.410417 0.022656 0.081944
2 0.751563 0.427778 0.029687 0.077778
2 0.742969 0.468056 0.026562 0.094444
2 0.697266 0.503472 0.030469 0.098611
2 0.080469 0.566667 0.032813 0.083333
2 0.74375 0.565278 0.034375 0.119444
2 0.750781 0.380556 0.021875 0.061111
2 0.279297 0.297222 0.010156 0.041667
11 0.382031 0.200694 0.03125 0.070833
2 0.321484 0.222917 0.010156 0.0375
11 0.344531 0.140972 0.025 0.0375
6 0.365625 0.202778 0.014063 0.030556
6 0.362891 0.170833 0.011719 0.019444
6 0.455859 0.231944 0.024219 0.030556
2 0.527734 0.198611 0.008594 0.027778
