12 0.565625 0.443056 0.1375 0.405556
11 0.221094 0.175694 0.04375 0.070833
6 0.389453 0.222917 0.063281 0.048611
1 0.632422 0.289583 0.019531 0.051389
2 0.099219 0.411806 0.026562 0.098611
9 0.663672 0.218056 0.105469 0.086111
2 0.7125 0.313194 0.01875 0.051389
0 0.087891 0.318056 0.019531 0.061111
0 0.098437 0.265278 0.010937 0.052778
2 0.321484 0.218056 0.016406 0.038889
2 0.301172 0.221528 0.016406 0.0375
2 0.283984 0.219444 0.019531 0.033333
2 0.527344 0.229861 0.023438 0.034722
2 0.554297 0.235417 0.022656 0.031944
2 0.487891 0.228472 0.019531 0.034722
2 0.477344 0.225694 0.017188 0.043056
2 0.720703 0.268056 0.011719 0.047222
2 0.140625 0.195139 0.010937 0.029167
11 0.185547 0.188889 0.025781 0.055556
2 0.125391 0.196528 0.011719 0.031944
