12 0.307031 0.274306 0.0875 0.206944
11 0.534375 0.276389 0.0625 0.15
11 0.704688 0.544444 0.090625 0.186111
11 0.599219 0.595833 0.171875 0.422222
2 0.123828 0.409722 0.025781 0.080556
2 0.860547 0.543056 0.035156 0.102778
11 0.609375 0.288194 0.046875 0.109722
2 0.714063 0.344444 0.026562 0.075
2 0.207813 0.205556 0.010937 0.033333
2 0.196094 0.197222 0.007812 0.033333
11 0.248438 0.197222 0.045312 0.055556
2 0.397656 0.227778 0.025 0.036111
2 0.413672 0.217361 0.019531 0.0375
6 0.476562 0.226389 0.051562 0.036111
2 0.500391 0.236111 0.017969 0.030556
11 0.671484 0.252083 0.082031 0.0625
2 0.096875 0.219444 0.009375 0.036111
