11 0.848828 0.750694 0.302344 0.468056
12 0.616016 0.271528 0.066406 0.181944
6 0.549219 0.375694 0.057813 0.1125
6 0.584375 0.554167 0.10625 0.163889
11 0.166406 0.200694 0.034375 0.070833
6 0.225 0.220139 0.034375 0.0375
6 0.255469 0.260417 0.029687 0.051389
2 0.739453 0.363889 0.019531 0.069444
12 0.320312 0.306944 0.109375 0.219444
2 0.073047 0.355556 0.014844 0.072222
12 0.198437 0.18125 0.040625 0.079167
2 0.704297 0.235417 0.017969 0.0375
12 0.55625 0.244444 0.057813 0.141667
6 0.625781 0.904167 0.151562 0.191667
6 0.234766 0.16875 0.016406 0.020833
2 0.137109 0.193056 0.008594 0.030556
2 0.104688 0.188194 0.014063 0.029167
2 0.091406 0.1875 0.010937 0.025
11 0.733984 0.200694 0.074219 0.076389
