6 0.274609 0.504167 0.066406 0.15
2 0.101953 0.686806 0.042969 0.131944
2 0.916016 0.750694 0.066406 0.179167
6 0.15625 0.818056 0.139063 0.297222
6 0.782422 0.252083 0.049219 0.056944
2 0.596094 0.302083 0.015625 0.059722
6 0.31875 0.322917 0.034375 0.081944
2 0.260547 0.340972 0.014844 0.0625
2 0.644141 0.332639 0.019531 0.068056
6 0.342969 0.390972 0.05 0.095833
2 0.1875 0.424306 0.015625 0.068056
2 0.759375 0.511111 0.03125 0.122222
2 0.039453 0.625694 0.042969 0.106944
11 0.347656 0.272222 0.042188 0.1
11 0.385156 0.208333 0.0375 0.094444
