6 0.5375 0.477778 0.065625 0.116667
6 0.604688 0.413889 0.0625 0.097222
6 0.695312 0.580556 0.121875 0.180556
6 0.595703 0.343056 0.050781 0.069444
6 0.53125 0.332639 0.04375 0.0625
6 0.614062 0.313194 0.0375 0.045833
6 0.658203 0.249306 0.042969 0.043056
6 0.545703 0.293056 0.035156 0.058333
6 0.882422 0.913889 0.233594 0.172222
6 0.5625 0.229167 0.05625 0.033333
2 0.703516 0.311806 0.014844 0.051389
11 0.707422 0.220139 0.057031 0.076389
2 0.465625 0.221528 0.025 0.031944
2 0.301172 0.209028 0.016406 0.031944
2 0.176953 0.250694 0.013281 0.045833
