11 0.310156 0.29375 0.064062 0.170833
11 0.204687 0.777778 0.173437 0.444444
0 0.360547 0.909722 0.046094 0.175
2 0.938672 0.336111 0.033594 0.066667
2 0.630859 0.398611 0.025781 0.077778
2 0.146094 0.504167 0.023438 0.080556
2 0.527344 0.202083 0.007812 0.031944
2 0.336328 0.205556 0.007031 0.022222
2 0.33125 0.214583 0.007812 0.023611
2 0.507422 0.185417 0.007031 0.026389
2 0.501953 0.176389 0.007031 0.025
2 0.494922 0.169444 0.007031 0.027778
2 0.486328 0.163194 0.007031 0.023611
2 0.476172 0.161111 0.005469 0.019444
