12 0.775781 0.680556 0.448437 0.583333
12 0.372656 0.268056 0.060937 0.138889
6 0.463281 0.701389 0.145313 0.219444
6 0.274219 0.744444 0.179688 0.277778
11 0.320703 0.283333 0.041406 0.094444
2 0.636328 0.328472 0.021094 0.054167
6 0.528906 0.345139 0.05 0.081944
2 0.260547 0.370833 0.016406 0.055556
6 0.604297 0.394444 0.066406 0.072222
2 0.202734 0.421528 0.021094 0.076389
2 0.179688 0.484028 0.034375 0.076389
2 0.428906 0.561111 0.034375 0.086111
2 0.026562 0.686111 0.048438 0.102778
2 0.269531 0.327778 0.014063 0.05
2 0.209375 0.38125 0.017188 0.054167
2 0.153906 0.479861 0.01875 0.076389
2 0.501953 0.2875 0.014844 0.05
2 0.591406 0.264583 0.0125 0.043056
2 0.558984 0.247917 0.014844 0.034722
10 0.467578 0.170139 0.025781 0.056944
