11 0.595313 0.228472 0.08125 0.101389
7 0.544531 0.409722 0.0625 0.122222
2 0.041016 0.552083 0.042969 0.134722
11 0.722266 0.549306 0.146094 0.293056
2 0.427344 0.231944 0.023438 0.038889
2 0.239063 0.309028 0.028125 0.068056
9 0.620313 0.349306 0.0375 0.093056
2 0.134766 0.415278 0.027344 0.088889
10 0.183984 0.202083 0.067969 0.079167
10 0.13125 0.181944 0.039062 0.058333
2 0.114453 0.209722 0.013281 0.044444
2 0.505859 0.235417 0.024219 0.045833
2 0.223828 0.209722 0.013281 0.036111
12 0.314063 0.208333 0.16875 0.069444
2 0.553906 0.234028 0.015625 0.031944
2 0.701953 0.270139 0.010156 0.048611
2 0.712109 0.277083 0.011719 0.043056
11 0.700781 0.206944 0.078125 0.075
11 0.54375 0.213889 0.045312 0.055556
