9 0.725 0.588889 0.153125 0.252778
2 0.157812 0.268056 0.021875 0.052778
2 0.837891 0.520139 0.035156 0.098611
12 0.283984 0.188194 0.150781 0.095833
12 0.530859 0.280556 0.063281 0.180556
2 0.125391 0.229167 0.010156 0.041667
2 0.128125 0.203472 0.009375 0.031944
2 0.069531 0.184028 0.0125 0.026389
2 0.190625 0.203472 0.015625 0.034722
11 0.183203 0.169444 0.050781 0.080556
2 0.4625 0.241667 0.021875 0.036111
2 0.438672 0.225694 0.021094 0.029167
12 0.579297 0.205556 0.232031 0.122222
2 0.718359 0.352083 0.017969 0.070833
2 0.715234 0.281944 0.014844 0.044444
10 0.726172 0.196528 0.055469 0.0625
