12 0.250391 0.626389 0.271094 0.747222
6 0.566797 0.384722 0.063281 0.1
11 0.703516 0.505556 0.160156 0.277778
6 0.558594 0.581944 0.090625 0.158333
2 0.927344 0.589583 0.046875 0.134722
11 0.202344 0.221528 0.046875 0.090278
6 0.270703 0.274306 0.039844 0.056944
6 0.544531 0.309722 0.042188 0.075
6 0.222266 0.355556 0.049219 0.083333
0 0.048047 0.382639 0.022656 0.084722
12 0.636719 0.240278 0.089063 0.138889
11 0.214062 0.19375 0.054688 0.090278
2 0.433203 0.238889 0.022656 0.038889
2 0.444531 0.223611 0.020313 0.033333
12 0.576953 0.232639 0.057031 0.118056
2 0.172656 0.207639 0.007812 0.0375
2 0.146484 0.202083 0.008594 0.034722
2 0.160156 0.193056 0.010937 0.030556
2 0.120313 0.195139 0.010937 0.029167
