11 0.359375 0.316667 0.06875 0.161111
12 0.512109 0.313194 0.113281 0.240278
11 0.280859 0.369444 0.060156 0.169444
6 0.617578 0.359028 0.066406 0.093056
6 0.380078 0.836806 0.158594 0.270833
2 0.571094 0.249306 0.015625 0.040278
2 0.739844 0.410417 0.029687 0.081944
2 0.230859 0.464583 0.024219 0.079167
2 0.167187 0.482639 0.021875 0.084722
2 0.109375 0.531944 0.028125 0.111111
2 0.427734 0.574306 0.033594 0.109722
2 0.06875 0.595833 0.034375 0.1
2 0.036719 0.680556 0.057813 0.097222
2 0.024609 0.618056 0.035156 0.088889
2 0.019141 0.736806 0.036719 0.109722
