10 0.889062 0.315972 0.201563 0.159722
10 0.630859 0.265278 0.202344 0.111111
2 0.566016 0.563889 0.042969 0.147222
11 0.360156 0.6625 0.18125 0.325
6 0.332813 0.278472 0.028125 0.054167
6 0.384766 0.273611 0.033594 0.05
2 0.287109 0.300694 0.011719 0.051389
2 0.448437 0.327778 0.020313 0.061111
2 0.785547 0.341667 0.033594 0.072222
2 0.389844 0.392361 0.023438 0.079167
2 0.433984 0.385417 0.024219 0.079167
2 0.682422 0.392361 0.032031 0.0875
2 0.165234 0.470139 0.021094 0.081944
2 0.182422 0.483333 0.021094 0.086111
2 0.267969 0.302083 0.009375 0.043056
12 0.386719 0.200694 0.034375 0.104167
