10 0.921875 0.280556 0.154688 0.15
2 0.444531 0.545833 0.046875 0.125
2 0.433984 0.824306 0.074219 0.181944
6 0.781641 0.252083 0.047656 0.056944
6 0.338672 0.271528 0.024219 0.043056
2 0.262109 0.31875 0.014844 0.051389
2 0.349219 0.354167 0.021875 0.063889
2 0.392969 0.351389 0.026562 0.063889
2 0.731641 0.354167 0.035156 0.066667
2 0.812109 0.377778 0.033594 0.077778
2 0.166797 0.399306 0.017969 0.068056
2 0.640234 0.395139 0.033594 0.079167
2 0.843359 0.418056 0.036719 0.088889
2 0.655859 0.454167 0.032031 0.105556
2 0.249609 0.4625 0.032031 0.077778
2 0.554688 0.495833 0.0375 0.119444
2 0.589453 0.547917 0.036719 0.131944
2 0.115234 0.561111 0.030469 0.108333
2 0.18125 0.584722 0.042188 0.111111
