11 0.625 0.294444 0.071875 0.161111
11 0.245312 0.334028 0.0625 0.156944
9 0.537891 0.338194 0.052344 0.115278
11 0.085547 0.713194 0.169531 0.426389
6 0.216016 0.236111 0.028906 0.047222
12 0.349609 0.250694 0.100781 0.168056
2 0.076172 0.466667 0.030469 0.077778
11 0.190625 0.196528 0.029687 0.056944
12 0.197266 0.164583 0.063281 0.068056
12 0.269141 0.145139 0.039844 0.048611
2 0.213281 0.198611 0.0125 0.030556
2 0.239063 0.2125 0.017188 0.036111
2 0.246484 0.203472 0.013281 0.034722
2 0.157031 0.199306 0.007812 0.034722
2 0.124219 0.19375 0.010937 0.031944
2 0.416797 0.229167 0.021094 0.038889
6 0.313281 0.161111 0.023438 0.019444
10 0.420703 0.15625 0.052344 0.0375
2 0.401953 0.222222 0.019531 0.036111
2 0.552344 0.235417 0.028125 0.040278
2 0.712109 0.327778 0.013281 0.061111
2 0.682031 0.317361 0.015625 0.0625
2 0.709766 0.234722 0.017969 0.036111
2 0.735547 0.233333 0.017969 0.036111
2 0.692578 0.229861 0.017969 0.029167
7 0.685547 0.216667 0.044531 0.038889
6 0.721484 0.218056 0.028906 0.030556
11 0.535937 0.157639 0.045312 0.031944
