10 0.303125 0.354167 0.085938 0.158333
9 0.219531 0.807639 0.123438 0.326389
2 0.563672 0.245833 0.010156 0.038889
2 0.587109 0.277083 0.013281 0.043056
2 0.841016 0.335417 0.030469 0.065278
2 0.654297 0.384028 0.022656 0.073611
2 0.144922 0.486806 0.022656 0.079167
2 0.669922 0.479861 0.032031 0.098611
2 0.512109 0.249306 0.010156 0.0375
2 0.537109 0.216667 0.010156 0.033333
11 0.361719 0.163889 0.020313 0.038889
2 0.306641 0.240278 0.008594 0.030556
2 0.543359 0.206944 0.007031 0.027778
2 0.498047 0.172222 0.007031 0.025
2 0.509766 0.173611 0.008594 0.025
6 0.453516 0.220139 0.021094 0.031944
11 0.446094 0.182639 0.025 0.045833
