6 0.573047 0.547222 0.097656 0.161111
2 0.485547 0.224306 0.022656 0.048611
11 0.541797 0.219444 0.067969 0.052778
11 0.584766 0.25625 0.038281 0.076389
9 0.113281 0.181944 0.042188 0.058333
2 0.200391 0.202083 0.010156 0.029167
6 0.232422 0.206944 0.039844 0.044444
2 0.358203 0.222222 0.022656 0.030556
2 0.403906 0.220833 0.017188 0.036111
2 0.421484 0.221528 0.022656 0.034722
2 0.715234 0.2875 0.011719 0.05
2 0.707031 0.275694 0.007812 0.045833
2 0.732031 0.261111 0.023438 0.038889
9 0.702734 0.219444 0.055469 0.066667
