6 0.901172 0.358333 0.122656 0.127778
6 0.430469 0.53125 0.132812 0.179167
6 0.731641 0.505556 0.114844 0.144444
2 0.200781 0.722917 0.0625 0.165278
2 0.463281 0.775 0.076563 0.169444
2 0.515234 0.264583 0.016406 0.048611
6 0.782813 0.252778 0.048438 0.058333
6 0.335938 0.275694 0.034375 0.051389
2 0.276172 0.295833 0.014844 0.044444
2 0.289062 0.320139 0.014063 0.048611
2 0.400391 0.3375 0.022656 0.066667
2 0.610547 0.35625 0.041406 0.070833
2 0.548047 0.36875 0.049219 0.070833
2 0.730859 0.374306 0.032031 0.081944
2 0.624609 0.4375 0.032031 0.086111
2 0.573047 0.504861 0.036719 0.120833
2 0.088281 0.636806 0.0375 0.131944
11 0.388672 0.229861 0.036719 0.104167
6 0.8625 0.334722 0.090625 0.091667
