11 0.360156 0.2 0.096875 0.083333
6 0.683203 0.529167 0.105469 0.144444
11 0.215625 0.197222 0.039062 0.075
6 0.608594 0.255556 0.042188 0.044444
2 0.281641 0.215972 0.021094 0.034722
2 0.547266 0.231944 0.021094 0.036111
2 0.574219 0.228472 0.020313 0.0375
2 0.614453 0.223611 0.019531 0.033333
12 0.706641 0.208333 0.091406 0.097222
6 0.133984 0.188889 0.022656 0.041667
11 0.168359 0.175694 0.024219 0.0625
2 0.126953 0.231944 0.011719 0.041667
11 0.204687 0.1625 0.045312 0.066667
2 0.093359 0.188889 0.008594 0.030556
