2 0.102734 0.647917 0.044531 0.131944
2 0.563672 0.656944 0.044531 0.177778
6 0.78125 0.250694 0.05 0.056944
2 0.263281 0.313889 0.014063 0.05
2 0.790625 0.324306 0.0375 0.0625
2 0.31875 0.346528 0.025 0.056944
2 0.872266 0.352083 0.033594 0.073611
2 0.908594 0.377083 0.035937 0.073611
2 0.566406 0.386806 0.032813 0.0875
2 0.715234 0.413889 0.038281 0.088889
2 0.622656 0.447917 0.032813 0.093056
2 0.205078 0.493056 0.038281 0.086111
2 0.519531 0.481944 0.035937 0.105556
2 0.653906 0.486806 0.035937 0.106944
2 0.145313 0.511806 0.028125 0.098611
2 0.3625 0.354167 0.034375 0.055556
6 0.343359 0.272917 0.028906 0.051389
