6 0.636328 0.491667 0.136719 0.141667
2 0.836719 0.275694 0.032813 0.059722
2 0.676562 0.341667 0.025 0.063889
2 0.571094 0.465972 0.040625 0.0875
2 0.119531 0.583333 0.028125 0.1
9 0.471484 0.305556 0.042969 0.088889
9 0.470703 0.24375 0.047656 0.090278
2 0.63125 0.289583 0.017188 0.045833
2 0.538672 0.216667 0.008594 0.033333
2 0.576953 0.227778 0.010156 0.027778
2 0.525 0.197917 0.010937 0.026389
2 0.533594 0.194444 0.007812 0.027778
11 0.366016 0.175694 0.017969 0.048611
2 0.315234 0.233333 0.008594 0.027778
2 0.3375 0.199306 0.007812 0.020833
