6 0.301172 0.481944 0.060156 0.127778
9 0.662891 0.545833 0.133594 0.266667
2 0.026562 0.783333 0.040625 0.161111
2 0.555078 0.225694 0.011719 0.0375
6 0.386719 0.256944 0.028125 0.041667
6 0.782422 0.252083 0.050781 0.056944
2 0.276172 0.3 0.011719 0.05
6 0.321094 0.369444 0.042188 0.080556
2 0.680469 0.393056 0.026562 0.088889
2 0.241406 0.408333 0.023438 0.066667
2 0.200781 0.433333 0.020313 0.086111
2 0.158594 0.483333 0.020313 0.088889
2 0.753516 0.513194 0.038281 0.115278
0 0.788281 0.359722 0.021875 0.077778
