6 0.610547 0.499306 0.124219 0.134722
6 0.760547 0.745139 0.149219 0.226389
6 0.216797 0.853472 0.125781 0.293056
6 0.471094 0.197222 0.023438 0.027778
6 0.348828 0.23125 0.030469 0.065278
6 0.382031 0.252778 0.025 0.038889
2 0.442188 0.375694 0.03125 0.070833
2 0.239063 0.385417 0.015625 0.059722
2 0.854688 0.429167 0.035937 0.080556
2 0.83125 0.449306 0.039062 0.101389
2 0.127344 0.554167 0.026562 0.1
2 0.909375 0.583333 0.034375 0.122222
2 0.416797 0.423611 0.035156 0.077778
2 0.589453 0.454167 0.032031 0.069444
11 0.389844 0.190278 0.01875 0.05
11 0.365234 0.186111 0.021094 0.055556
2 0.294922 0.254167 0.007031 0.030556
2 0.321875 0.211111 0.00625 0.022222
11 0.441406 0.172917 0.028125 0.068056
