12 0.732422 0.659028 0.522656 0.595833
12 0.25625 0.203472 0.082812 0.095833
6 0.131641 0.669444 0.157031 0.286111
5 0.573047 0.254167 0.030469 0.036111
2 0.156641 0.318056 0.022656 0.063889
2 0.005859 0.660417 0.010156 0.118056
2 0.201953 0.209722 0.017969 0.036111
2 0.188672 0.193056 0.010156 0.030556
2 0.453906 0.232639 0.025 0.043056
2 0.526563 0.226389 0.020313 0.038889
9 0.616797 0.302083 0.063281 0.129167
6 0.701562 0.23125 0.032813 0.0375
2 0.7125 0.274306 0.017188 0.048611
11 0.204297 0.157639 0.063281 0.068056
10 0.251172 0.1375 0.028906 0.030556
