6 0.335156 0.567361 0.076563 0.151389
6 0.216406 0.59375 0.09375 0.190278
2 0.552344 0.240972 0.010937 0.040278
6 0.782813 0.252083 0.048438 0.056944
2 0.582031 0.28125 0.014063 0.048611
2 0.611719 0.309028 0.015625 0.054167
6 0.359766 0.332639 0.039844 0.079167
2 0.208594 0.405556 0.017188 0.061111
2 0.232813 0.407639 0.01875 0.079167
6 0.346875 0.423611 0.046875 0.088889
2 0.155078 0.510417 0.027344 0.0875
2 0.108594 0.680556 0.032813 0.147222
6 0.261328 0.454167 0.064844 0.122222
6 0.327344 0.303472 0.032813 0.070833
6 0.378125 0.272917 0.03125 0.056944
