10 0.301563 0.645139 0.353125 0.440278
10 0.525391 0.240278 0.097656 0.1
6 0.75625 0.409722 0.098437 0.108333
11 0.604688 0.454167 0.151562 0.222222
6 0.891406 0.446528 0.109375 0.131944
2 0.058594 0.7125 0.042188 0.144444
10 0.463672 0.166667 0.030469 0.061111
6 0.332813 0.277083 0.028125 0.054167
6 0.384766 0.272222 0.033594 0.05
2 0.546875 0.385417 0.04375 0.070833
2 0.205859 0.423611 0.017969 0.069444
2 0.014844 0.721528 0.028125 0.129167
12 0.387109 0.207639 0.033594 0.1125
2 0.220703 0.3875 0.016406 0.058333
2 0.241797 0.370139 0.016406 0.056944
2 0.260937 0.33125 0.015625 0.054167
1 0.942187 0.320833 0.026562 0.075
