11 0.848828 0.336806 0.252344 0.268056
2 0.560547 0.247222 0.010156 0.041667
2 0.485938 0.310417 0.01875 0.056944
2 0.7 0.494444 0.03125 0.108333
2 0.072266 0.646528 0.033594 0.120833
2 0.519141 0.2875 0.019531 0.052778
6 0.501953 0.231944 0.035156 0.038889
2 0.729297 0.363194 0.022656 0.073611
2 0.295703 0.270139 0.008594 0.034722
2 0.308594 0.25625 0.007812 0.031944
4 0.461328 0.177083 0.014844 0.026389
2 0.551953 0.216667 0.010156 0.030556
2 0.498828 0.174306 0.007031 0.023611
2 0.488281 0.166667 0.00625 0.022222
2 0.473828 0.158333 0.005469 0.016667
