11 0.580859 0.483333 0.157031 0.361111
2 0.694531 0.339583 0.017188 0.0625
2 0.792188 0.468056 0.03125 0.088889
2 0.841406 0.549306 0.034375 0.104167
12 0.187891 0.182639 0.088281 0.104167
12 0.564844 0.245139 0.085938 0.1375
2 0.4375 0.238194 0.021875 0.040278
1 0.487891 0.33125 0.013281 0.070833
2 0.709766 0.295833 0.008594 0.055556
4 0.691797 0.300694 0.021094 0.045833
1 0.723047 0.282639 0.010156 0.051389
2 0.689063 0.222917 0.015625 0.031944
2 0.629687 0.234028 0.023438 0.040278
11 0.739844 0.203472 0.029687 0.051389
