11 0.487109 0.349306 0.063281 0.173611
11 0.614062 0.377083 0.13125 0.223611
2 0.028906 0.718056 0.045312 0.136111
6 0.503516 0.236806 0.035156 0.054167
2 0.913672 0.306944 0.047656 0.061111
2 0.24375 0.443056 0.021875 0.077778
2 0.180469 0.493056 0.021875 0.094444
2 0.111328 0.521528 0.032031 0.090278
2 0.908594 0.521528 0.028125 0.115278
2 0.207031 0.380556 0.015625 0.055556
2 0.298047 0.270833 0.010156 0.036111
2 0.286328 0.266667 0.007031 0.033333
2 0.309766 0.236806 0.007031 0.029167
2 0.320703 0.234028 0.008594 0.026389
10 0.471875 0.174306 0.021875 0.054167
