2 0.049219 0.779861 0.042188 0.145833
2 0.351562 0.941667 0.067187 0.113889
2 0.485938 0.424306 0.025 0.0875
2 0.080859 0.56875 0.032031 0.084722
2 0.582031 0.25625 0.026562 0.0375
2 0.609375 0.258333 0.0125 0.044444
10 0.486328 0.193056 0.038281 0.072222
2 0.557813 0.221528 0.009375 0.031944
2 0.532422 0.209722 0.010156 0.030556
2 0.541016 0.202083 0.008594 0.031944
2 0.274219 0.286111 0.010937 0.038889
12 0.384766 0.202083 0.035156 0.101389
2 0.521094 0.189583 0.007812 0.029167
2 0.321484 0.208333 0.010156 0.033333
2 0.340625 0.199306 0.007812 0.023611
6 0.365625 0.200694 0.015625 0.029167
11 0.360938 0.161806 0.01875 0.043056
9 0.430469 0.167361 0.017188 0.031944
2 0.508594 0.182639 0.00625 0.026389
2 0.503516 0.178472 0.003906 0.026389
2 0.460938 0.152778 0.004687 0.016667
