6 0.457031 0.205556 0.028125 0.038889
2 0.605469 0.261111 0.015625 0.05
6 0.510156 0.276389 0.04375 0.052778
2 0.924609 0.302778 0.035156 0.061111
2 0.837109 0.3375 0.036719 0.066667
2 0.609375 0.365278 0.025 0.069444
2 0.219531 0.415278 0.01875 0.069444
2 0.296875 0.465278 0.025 0.080556
2 0.720703 0.48125 0.032031 0.093056
2 0.187109 0.511806 0.025781 0.084722
2 0.101953 0.527083 0.030469 0.0875
1 0.134375 0.521528 0.028125 0.093056
2 0.726953 0.582639 0.036719 0.1125
2 0.102734 0.634722 0.038281 0.113889
2 0.397266 0.684028 0.033594 0.134722
