6 0.698438 0.599306 0.1375 0.176389
4 0.551562 0.233333 0.040625 0.047222
2 0.204297 0.297917 0.024219 0.054167
11 0.221094 0.180556 0.084375 0.097222
11 0.359766 0.2 0.108594 0.094444
11 0.148047 0.177083 0.042969 0.065278
2 0.494531 0.235417 0.025 0.0375
2 0.6 0.247222 0.025 0.041667
2 0.589453 0.227083 0.021094 0.029167
6 0.661328 0.255556 0.038281 0.05
6 0.675 0.226389 0.039062 0.038889
2 0.727734 0.251389 0.011719 0.041667
2 0.752344 0.235417 0.010937 0.0375
2 0.713281 0.216667 0.014063 0.033333
6 0.883984 0.902778 0.232031 0.194444
