11 0.755859 0.641667 0.186719 0.305556
2 0.199219 0.200694 0.01875 0.031944
9 0.453125 0.215278 0.06875 0.055556
2 0.548438 0.252778 0.021875 0.041667
5 0.634766 0.270139 0.042969 0.0625
2 0.727344 0.384722 0.020313 0.080556
2 0.701562 0.355556 0.01875 0.058333
2 0.702344 0.320833 0.014063 0.036111
5 0.678516 0.244444 0.057031 0.05
2 0.712891 0.264583 0.014844 0.054167
2 0.577344 0.225 0.020313 0.033333
2 0.608594 0.225 0.015625 0.036111
2 0.137891 0.229167 0.011719 0.044444
2 0.1625 0.190278 0.0125 0.038889
6 0.740234 0.230556 0.036719 0.038889
11 0.210938 0.147222 0.060937 0.044444
