6 0.492188 0.428472 0.065625 0.1125
6 0.685156 0.603472 0.115625 0.195833
2 0.854688 0.581944 0.048438 0.136111
2 0.794922 0.638194 0.049219 0.140278
9 0.570312 0.698611 0.135937 0.341667
6 0.782813 0.252083 0.05 0.056944
2 0.608594 0.317361 0.01875 0.076389
6 0.314453 0.36875 0.038281 0.090278
2 0.699609 0.395139 0.030469 0.090278
2 0.186328 0.411111 0.017969 0.069444
2 0.217578 0.40625 0.019531 0.070833
2 0.249219 0.407639 0.017188 0.076389
2 0.219531 0.46875 0.020313 0.084722
2 0.173828 0.495139 0.025781 0.101389
2 0.202344 0.532639 0.021875 0.104167
2 0.112109 0.559028 0.022656 0.104167
2 0.712109 0.440972 0.028906 0.101389
6 0.341016 0.301389 0.035156 0.063889
