12 0.173047 0.555556 0.191406 0.547222
9 0.867188 0.761806 0.265625 0.476389
11 0.608203 0.309028 0.053906 0.129167
11 0.107422 0.404167 0.138281 0.263889
11 0.365625 0.406944 0.078125 0.166667
11 0.542578 0.405556 0.075781 0.163889
2 0.4375 0.225694 0.025 0.043056
6 0.282813 0.406944 0.05 0.133333
2 0.372266 0.229861 0.022656 0.040278
2 0.339062 0.228472 0.023438 0.031944
2 0.226562 0.211806 0.020313 0.031944
11 0.283594 0.202778 0.092188 0.080556
11 0.591016 0.209028 0.127344 0.084722
4 0.719531 0.220833 0.025 0.041667
2 0.704688 0.344444 0.01875 0.069444
11 0.676172 0.216667 0.047656 0.052778
2 0.607422 0.245833 0.025781 0.033333
