11 0.9125 0.286806 0.15625 0.176389
11 0.346484 0.320833 0.042969 0.125
2 0.894531 0.759028 0.057813 0.156944
2 0.033203 0.797222 0.047656 0.163889
6 0.477344 0.299306 0.042188 0.065278
2 0.278125 0.306944 0.015625 0.044444
2 0.798438 0.318056 0.03125 0.061111
2 0.707812 0.358333 0.040625 0.086111
6 0.458203 0.23125 0.024219 0.0375
6 0.470313 0.188889 0.01875 0.025
12 0.442578 0.175694 0.030469 0.081944
12 0.384766 0.172917 0.024219 0.056944
2 0.541016 0.218056 0.010156 0.033333
2 0.600391 0.288889 0.011719 0.05
