9 0.198437 0.474306 0.109375 0.231944
11 0.217188 0.218056 0.035937 0.058333
2 0.792578 0.461806 0.033594 0.095833
12 0.532813 0.307639 0.09375 0.234722
11 0.696875 0.686806 0.39375 0.626389
2 0.16875 0.379861 0.017188 0.070833
4 0.408203 0.233333 0.041406 0.047222
2 0.453516 0.234028 0.021094 0.040278
2 0.476172 0.241667 0.024219 0.036111
2 0.113672 0.230556 0.013281 0.047222
11 0.170313 0.199306 0.03125 0.065278
2 0.239063 0.215972 0.01875 0.040278
2 0.597656 0.261806 0.025 0.045833
12 0.671484 0.2125 0.119531 0.108333
6 0.617969 0.351389 0.054688 0.069444
2 0.700781 0.270139 0.014063 0.045833
