10 0.563672 0.442361 0.322656 0.245833
10 0.687109 0.26875 0.207031 0.1125
11 0.821484 0.349306 0.132031 0.165278
10 0.482031 0.203472 0.04375 0.076389
2 0.543359 0.244444 0.014844 0.044444
6 0.332422 0.277778 0.028906 0.055556
6 0.384375 0.273611 0.032813 0.05
2 0.285938 0.298611 0.015625 0.055556
6 0.963672 0.322222 0.069531 0.077778
2 0.233594 0.364583 0.015625 0.051389
2 0.24375 0.397917 0.01875 0.059722
2 0.225781 0.463194 0.021875 0.084722
4 0.159766 0.519444 0.050781 0.102778
12 0.386328 0.208333 0.035156 0.113889
2 0.257812 0.316667 0.014063 0.05
