6 0.322656 0.431944 0.05 0.127778
2 0.817578 0.705556 0.055469 0.191667
2 0.032422 0.755556 0.053906 0.155556
6 0.094531 0.832639 0.13125 0.2625
6 0.194141 0.881944 0.155469 0.233333
6 0.781641 0.250694 0.049219 0.056944
2 0.291406 0.313194 0.0125 0.054167
7 0.54375 0.305556 0.046875 0.075
6 0.508203 0.384722 0.053906 0.088889
2 0.187109 0.445139 0.024219 0.073611
2 0.15 0.486806 0.021875 0.0875
2 0.765625 0.505556 0.034375 0.113889
2 0.083984 0.625694 0.035156 0.118056
11 0.457031 0.228472 0.029687 0.068056
6 0.326172 0.341667 0.044531 0.077778
6 0.388281 0.25625 0.026562 0.054167
9 0.474219 0.277083 0.039062 0.079167
