6 0.328906 0.553472 0.090625 0.156944
11 0.183594 0.194444 0.032813 0.063889
2 0.239453 0.216667 0.022656 0.041667
6 0.487109 0.225694 0.060156 0.043056
12 0.597266 0.225694 0.100781 0.118056
1 0.610938 0.286806 0.03125 0.043056
1 0.638672 0.275694 0.030469 0.043056
6 0.275781 0.213889 0.039062 0.036111
2 0.348438 0.215972 0.021875 0.0375
2 0.398438 0.225 0.023438 0.036111
2 0.413672 0.222917 0.017969 0.0375
12 0.670312 0.224306 0.060937 0.073611
2 0.159375 0.202083 0.0125 0.031944
2 0.141016 0.203472 0.008594 0.029167
9 0.205078 0.194444 0.025781 0.044444
6 0.133984 0.193056 0.022656 0.033333
2 0.107422 0.195833 0.008594 0.030556
2 0.100781 0.190278 0.007812 0.027778
2 0.058984 0.183333 0.008594 0.027778
6 0.278516 0.158333 0.014844 0.022222
2 0.266016 0.153472 0.007031 0.018056
