10 0.605469 0.425 0.321875 0.233333
10 0.725 0.263194 0.221875 0.118056
11 0.853906 0.3375 0.132812 0.166667
10 0.487109 0.211806 0.046094 0.079167
2 0.539062 0.253472 0.015625 0.045833
6 0.332813 0.277778 0.028125 0.055556
6 0.384766 0.272222 0.033594 0.05
2 0.285547 0.297917 0.014844 0.059722
2 0.24375 0.341667 0.014063 0.047222
2 0.260937 0.351389 0.015625 0.052778
2 0.434375 0.386806 0.029687 0.076389
2 0.251563 0.408333 0.020313 0.072222
4 0.197656 0.452083 0.042188 0.0875
2 0.260937 0.301389 0.0125 0.047222
6 0.980078 0.314583 0.039844 0.079167
12 0.386328 0.209722 0.033594 0.116667
