10 0.687891 0.436806 0.213281 0.195833
2 0.7875 0.558333 0.04375 0.136111
2 0.478516 0.922917 0.074219 0.154167
0 0.59375 0.250694 0.0125 0.0375
6 0.780078 0.255556 0.046094 0.055556
2 0.278516 0.279167 0.014844 0.044444
6 0.341797 0.280556 0.025781 0.05
6 0.387891 0.268056 0.028906 0.061111
2 0.835938 0.347917 0.028125 0.065278
2 0.204687 0.413194 0.01875 0.065278
2 0.359766 0.449306 0.022656 0.090278
2 0.141406 0.518056 0.026562 0.097222
2 0.896875 0.307639 0.029687 0.065278
10 0.6875 0.347222 0.1875 0.163889
