12 0.855078 0.774306 0.288281 0.448611
11 0.549219 0.402083 0.115625 0.290278
6 0.678516 0.497222 0.100781 0.127778
6 0.180859 0.235417 0.038281 0.054167
12 0.371484 0.315972 0.089844 0.256944
4 0.138281 0.255556 0.029687 0.052778
2 0.251172 0.215972 0.017969 0.040278
2 0.296484 0.228472 0.021094 0.040278
2 0.277344 0.227083 0.017188 0.0375
11 0.300781 0.203472 0.05625 0.065278
11 0.566406 0.26875 0.053125 0.090278
11 0.662109 0.248611 0.067969 0.069444
12 0.628516 0.219444 0.086719 0.122222
11 0.715234 0.197222 0.075781 0.077778
12 0.432031 0.217361 0.057813 0.073611
12 0.45 0.207639 0.096875 0.079167
11 0.190625 0.198611 0.040625 0.080556
2 0.15625 0.201389 0.0125 0.030556
6 0.142969 0.195139 0.021875 0.0375
12 0.23125 0.153472 0.064062 0.0625
11 0.214844 0.189583 0.021875 0.056944
