10 0.704297 0.265278 0.194531 0.122222
10 0.934766 0.290972 0.122656 0.154167
11 0.512891 0.49375 0.141406 0.215278
2 0.300391 0.7125 0.063281 0.152778
6 0.332813 0.277778 0.03125 0.052778
6 0.383984 0.272222 0.033594 0.052778
2 0.803906 0.336111 0.035937 0.069444
2 0.240625 0.3875 0.020313 0.069444
2 0.434375 0.3875 0.025 0.077778
2 0.205859 0.405556 0.017969 0.063889
2 0.708594 0.422917 0.039062 0.104167
2 0.346484 0.454167 0.025781 0.086111
12 0.3875 0.200694 0.034375 0.1125
2 0.504687 0.286111 0.015625 0.052778
2 0.416016 0.355556 0.021094 0.072222
