6 0.270313 0.522917 0.06875 0.131944
2 0.829688 0.656944 0.054688 0.163889
2 0.559766 0.257639 0.016406 0.040278
6 0.781641 0.252778 0.047656 0.055556
6 0.472266 0.284028 0.036719 0.056944
6 0.323437 0.310417 0.0375 0.098611
6 0.379688 0.318056 0.046875 0.069444
6 0.551562 0.338889 0.046875 0.077778
2 0.237891 0.355556 0.014844 0.061111
6 0.367578 0.397917 0.047656 0.081944
2 0.217969 0.413194 0.017188 0.070833
2 0.684766 0.408333 0.025781 0.091667
2 0.200391 0.447917 0.024219 0.065278
2 0.244141 0.450694 0.019531 0.076389
2 0.160938 0.471528 0.023438 0.0875
2 0.199609 0.499306 0.025781 0.090278
2 0.139063 0.549306 0.026562 0.1125
2 0.082031 0.596528 0.032813 0.109722
2 0.148438 0.797917 0.03125 0.165278
2 0.065625 0.854861 0.045312 0.168056
2 0.083594 0.726389 0.04375 0.138889
2 0.639062 0.352083 0.015625 0.076389
2 0.660937 0.31875 0.015625 0.056944
2 0.625781 0.321528 0.017188 0.070833
