12 0.585938 0.533333 0.185938 0.533333
2 0.136719 0.245139 0.010937 0.043056
11 0.240625 0.236806 0.046875 0.079167
2 0.162891 0.284722 0.013281 0.05
11 0.601562 0.258333 0.059375 0.075
11 0.646094 0.211806 0.092188 0.084722
6 0.171875 0.199306 0.023438 0.0375
6 0.199609 0.182639 0.024219 0.029167
2 0.196484 0.193056 0.007031 0.025
6 0.279687 0.213194 0.046875 0.043056
6 0.220703 0.169444 0.017969 0.027778
2 0.108594 0.193056 0.009375 0.027778
2 0.071094 0.186111 0.009375 0.027778
2 0.082422 0.183333 0.008594 0.027778
