11 0.548828 0.310417 0.063281 0.131944
2 0.376953 0.213194 0.017969 0.040278
2 0.145313 0.244444 0.01875 0.044444
6 0.658984 0.268056 0.038281 0.041667
12 0.289062 0.286806 0.1125 0.201389
2 0.719531 0.349306 0.01875 0.079167
2 0.178516 0.19375 0.049219 0.068056
2 0.402344 0.228472 0.020313 0.0375
2 0.416797 0.222222 0.019531 0.038889
2 0.467187 0.229861 0.023438 0.040278
2 0.508984 0.225 0.021094 0.036111
2 0.70625 0.284028 0.017188 0.045833
4 0.710938 0.257639 0.026562 0.056944
2 0.733203 0.249306 0.019531 0.034722
2 0.548438 0.227778 0.021875 0.030556
6 0.646875 0.247222 0.035937 0.047222
12 0.563672 0.146528 0.030469 0.040278
12 0.754687 0.733333 0.490625 0.533333
9 0.915625 0.774306 0.16875 0.351389
2 0.083203 0.194444 0.008594 0.030556
2 0.106641 0.21875 0.013281 0.031944
2 0.119922 0.198611 0.008594 0.030556
2 0.135156 0.207639 0.009375 0.031944
6 0.125 0.183333 0.020313 0.033333
2 0.069141 0.189583 0.010156 0.026389
2 0.076563 0.188889 0.009375 0.025
12 0.301953 0.145139 0.036719 0.043056
