11 0.810937 0.800694 0.296875 0.395833
6 0.273047 0.429167 0.058594 0.119444
6 0.336719 0.470833 0.067187 0.141667
6 0.872656 0.477778 0.085938 0.130556
6 0.217188 0.554167 0.0875 0.166667
2 0.017969 0.872222 0.034375 0.186111
2 0.553125 0.231944 0.0125 0.036111
2 0.575781 0.271528 0.015625 0.040278
2 0.610547 0.284028 0.017969 0.051389
6 0.317188 0.329167 0.032813 0.069444
2 0.23125 0.371528 0.01875 0.056944
2 0.194922 0.441667 0.021094 0.075
2 0.796875 0.559028 0.0375 0.118056
2 0.090625 0.674306 0.034375 0.143056
0 0.703516 0.318056 0.019531 0.069444
6 0.346875 0.278472 0.025 0.045833
