10 0.935937 0.295139 0.128125 0.156944
11 0.291406 0.352083 0.059375 0.170833
6 0.724609 0.402778 0.113281 0.122222
11 0.428125 0.579861 0.198437 0.301389
11 0.085938 0.781944 0.170313 0.436111
11 0.373437 0.206944 0.03125 0.080556
6 0.369922 0.319444 0.036719 0.083333
2 0.20625 0.416667 0.017188 0.072222
2 0.08125 0.559028 0.034375 0.073611
2 0.223047 0.395833 0.017969 0.061111
2 0.589844 0.282639 0.014063 0.048611
2 0.608594 0.259028 0.0125 0.043056
2 0.344531 0.273611 0.026562 0.044444
2 0.329297 0.31875 0.017969 0.054167
2 0.3 0.270139 0.009375 0.031944
10 0.462109 0.164583 0.028906 0.045833
2 0.490625 0.166667 0.007812 0.025
2 0.513672 0.184722 0.007031 0.027778
4 0.328125 0.223611 0.0125 0.025
