11 0.194531 0.461806 0.10625 0.243056
2 0.503906 0.230556 0.021875 0.041667
2 0.541016 0.239583 0.022656 0.040278
6 0.273438 0.255556 0.040625 0.058333
6 0.246094 0.317361 0.04375 0.084722
1 0.435547 0.483333 0.021094 0.1
0 0.098437 0.304167 0.010937 0.061111
4 0.323047 0.215972 0.035156 0.040278
2 0.376563 0.221528 0.021875 0.040278
2 0.584766 0.23125 0.024219 0.0375
2 0.641406 0.232639 0.014063 0.0375
6 0.640625 0.229167 0.051562 0.038889
2 0.688672 0.248611 0.022656 0.041667
2 0.705469 0.286806 0.014063 0.051389
11 0.724609 0.220833 0.049219 0.069444
2 0.177344 0.203472 0.010937 0.034722
2 0.205078 0.204861 0.011719 0.034722
11 0.237109 0.204861 0.057031 0.065278
0 0.076172 0.241667 0.010156 0.05
2 0.138672 0.198611 0.008594 0.033333
6 0.189453 0.190972 0.024219 0.0375
2 0.104297 0.19375 0.010156 0.031944
9 0.221875 0.1625 0.045312 0.044444
11 0.291797 0.153472 0.038281 0.029167
6 0.256641 0.163194 0.017969 0.029167
0 0.048438 0.220139 0.010937 0.031944
