11 0.134766 0.640278 0.267969 0.705556
11 0.697266 0.221528 0.100781 0.090278
11 0.539062 0.359028 0.075 0.165278
2 0.388281 0.218056 0.023438 0.041667
2 0.45 0.249306 0.025 0.040278
6 0.608203 0.308333 0.039844 0.075
12 0.56875 0.224306 0.0875 0.134722
12 0.149609 0.172222 0.066406 0.086111
2 0.476562 0.241667 0.021875 0.041667
2 0.273438 0.2125 0.017188 0.036111
2 0.185938 0.218056 0.009375 0.038889
2 0.482422 0.221528 0.013281 0.043056
2 0.511719 0.227083 0.017188 0.031944
2 0.713672 0.273611 0.014844 0.047222
