6 0.825781 0.325 0.104688 0.097222
2 0.528906 0.544444 0.046875 0.130556
2 0.48125 0.675694 0.054688 0.151389
6 0.780078 0.253472 0.044531 0.051389
6 0.335938 0.275694 0.032813 0.054167
2 0.272266 0.303472 0.011719 0.045833
2 0.942187 0.299306 0.034375 0.065278
2 0.278125 0.308333 0.014063 0.047222
2 0.287891 0.320139 0.014844 0.048611
2 0.407422 0.360417 0.039844 0.079167
2 0.619922 0.397222 0.030469 0.080556
2 0.865234 0.397222 0.038281 0.072222
2 0.202734 0.405556 0.017969 0.055556
2 0.343359 0.405556 0.024219 0.069444
2 0.192969 0.445139 0.021875 0.079167
2 0.645312 0.470833 0.042188 0.105556
2 0.808203 0.486111 0.039844 0.1
2 0.155078 0.513889 0.027344 0.097222
2 0.080469 0.597222 0.0375 0.113889
11 0.388672 0.222222 0.035156 0.105556
