6 0.167578 0.605556 0.117969 0.2
9 0.329688 0.205556 0.06875 0.055556
2 0.44375 0.222917 0.021875 0.034722
5 0.603125 0.309028 0.042188 0.073611
2 0.812891 0.493056 0.028906 0.108333
2 0.894141 0.580556 0.042969 0.111111
2 0.702344 0.313194 0.014063 0.051389
2 0.473828 0.2875 0.016406 0.055556
2 0.546094 0.240972 0.023438 0.040278
2 0.501563 0.224306 0.020313 0.040278
2 0.617188 0.222222 0.017188 0.027778
2 0.676172 0.248611 0.036719 0.044444
12 0.670312 0.216667 0.070312 0.069444
2 0.716797 0.270139 0.013281 0.048611
2 0.736719 0.257639 0.0125 0.043056
6 0.548438 0.236111 0.057813 0.038889
2 0.142578 0.197222 0.010156 0.033333
2 0.123438 0.19375 0.010937 0.029167
