11 0.50625 0.224306 0.057813 0.106944
6 0.521875 0.572222 0.090625 0.133333
6 0.374609 0.264583 0.033594 0.051389
2 0.289453 0.293056 0.016406 0.044444
2 0.907422 0.313889 0.038281 0.061111
2 0.387109 0.348611 0.019531 0.063889
2 0.611719 0.364583 0.017188 0.070833
2 0.63125 0.439583 0.023438 0.0875
2 0.059766 0.690278 0.036719 0.119444
2 0.269922 0.330556 0.011719 0.044444
2 0.271484 0.297917 0.011719 0.040278
2 0.31875 0.246528 0.009375 0.031944
2 0.305469 0.243056 0.007812 0.033333
11 0.464844 0.272917 0.035937 0.081944
2 0.369922 0.209722 0.005469 0.025
6 0.364453 0.194444 0.014844 0.022222
11 0.427734 0.154167 0.024219 0.061111
9 0.448828 0.154861 0.021094 0.040278
2 0.572266 0.220139 0.008594 0.0375
2 0.605469 0.253472 0.010937 0.040278
