2 0.903516 0.580556 0.042969 0.136111
6 0.641016 0.479167 0.083594 0.125
6 0.520703 0.324306 0.039844 0.070833
6 0.585547 0.616667 0.107031 0.175
6 0.546875 0.261806 0.034375 0.043056
6 0.579688 0.318056 0.040625 0.052778
6 0.616016 0.368056 0.053906 0.097222
6 0.641016 0.274306 0.035156 0.043056
6 0.683594 0.224306 0.042188 0.031944
6 0.590234 0.284028 0.038281 0.043056
6 0.589844 0.243056 0.03125 0.030556
2 0.076563 0.510417 0.034375 0.106944
2 0.426172 0.221528 0.021094 0.040278
2 0.632812 0.238889 0.020313 0.036111
2 0.718359 0.246528 0.010156 0.034722
