6 0.680859 0.379167 0.105469 0.111111
2 0.419141 0.642361 0.060156 0.156944
2 0.629687 0.647917 0.05 0.1625
2 0.020703 0.761111 0.039844 0.163889
2 0.246875 0.860417 0.08125 0.220833
6 0.781641 0.253472 0.049219 0.056944
6 0.335938 0.276389 0.029687 0.041667
2 0.287891 0.320139 0.014844 0.048611
2 0.604688 0.313889 0.026562 0.061111
2 0.867969 0.313194 0.029687 0.056944
2 0.442188 0.327083 0.025 0.065278
2 0.388281 0.349306 0.01875 0.065278
2 0.823047 0.347917 0.033594 0.070833
6 0.934375 0.352778 0.092188 0.088889
2 0.239063 0.364583 0.015625 0.059722
2 0.45625 0.371528 0.03125 0.068056
2 0.483203 0.473611 0.041406 0.097222
2 0.745313 0.483333 0.042188 0.097222
2 0.100781 0.617361 0.035937 0.131944
11 0.3875 0.223611 0.035937 0.105556
