6 0.770312 0.699306 0.148438 0.229167
11 0.139844 0.179861 0.035937 0.065278
4 0.365234 0.217361 0.035156 0.054167
11 0.528516 0.278472 0.052344 0.095833
6 0.609766 0.282639 0.039844 0.051389
2 0.077734 0.465972 0.033594 0.101389
2 0.875391 0.582639 0.038281 0.1125
2 0.203516 0.215278 0.013281 0.033333
2 0.177734 0.213889 0.013281 0.036111
2 0.498437 0.223611 0.015625 0.036111
2 0.337109 0.217361 0.016406 0.0375
6 0.253906 0.220139 0.034375 0.043056
2 0.678906 0.250694 0.021875 0.040278
2 0.599219 0.228472 0.014063 0.031944
12 0.665625 0.225694 0.115625 0.0875
