12 0.352344 0.319444 0.078125 0.219444
11 0.794141 0.368056 0.146094 0.158333
2 0.861328 0.671528 0.042969 0.145833
2 0.576953 0.303472 0.019531 0.048611
2 0.271484 0.322222 0.014844 0.052778
6 0.307422 0.3375 0.032031 0.072222
2 0.595703 0.347222 0.022656 0.063889
2 0.080078 0.566667 0.032031 0.083333
2 0.287891 0.272222 0.010156 0.036111
2 0.3 0.258333 0.009375 0.033333
2 0.433594 0.292361 0.026562 0.045833
10 0.476562 0.175694 0.029687 0.056944
2 0.608203 0.258333 0.011719 0.044444
2 0.325 0.194444 0.007812 0.019444
6 0.389062 0.205556 0.017188 0.033333
11 0.380859 0.1625 0.019531 0.044444
11 0.362109 0.188889 0.021094 0.044444
6 0.365234 0.15625 0.011719 0.015278
2 0.217969 0.336111 0.014063 0.047222
2 0.530078 0.184028 0.007031 0.023611
2 0.500781 0.168056 0.00625 0.022222
