10 0.868359 0.285417 0.202344 0.1375
9 0.634766 0.707639 0.199219 0.5375
9 0.496875 0.231944 0.034375 0.069444
6 0.373828 0.261806 0.035156 0.054167
2 0.586719 0.277083 0.021875 0.051389
2 0.258594 0.335417 0.014063 0.051389
2 0.251953 0.377083 0.016406 0.059722
2 0.207422 0.406944 0.017969 0.066667
2 0.551953 0.228472 0.011719 0.0375
2 0.288281 0.297222 0.010937 0.038889
2 0.285547 0.28125 0.008594 0.043056
2 0.330469 0.220833 0.007812 0.027778
11 0.378906 0.168056 0.01875 0.038889
11 0.446484 0.185417 0.022656 0.051389
2 0.509766 0.184722 0.007031 0.022222
