2 0.686719 0.609028 0.034375 0.159722
6 0.486719 0.221528 0.032813 0.040278
6 0.782813 0.252778 0.05 0.058333
2 0.276172 0.295833 0.011719 0.044444
2 0.5875 0.297917 0.017188 0.059722
6 0.33125 0.309028 0.0375 0.068056
2 0.258203 0.330556 0.013281 0.052778
2 0.235156 0.391667 0.01875 0.066667
6 0.304297 0.384028 0.050781 0.093056
2 0.695312 0.452083 0.026562 0.098611
2 0.155859 0.475694 0.021094 0.090278
2 0.179297 0.490972 0.024219 0.098611
2 0.766406 0.549306 0.0375 0.126389
6 0.388281 0.264583 0.029687 0.048611
6 0.351562 0.252778 0.026562 0.047222
