12 0.529687 0.315278 0.096875 0.263889
2 0.926953 0.605556 0.042969 0.133333
2 0.138672 0.25 0.011719 0.038889
2 0.169141 0.304861 0.017969 0.056944
6 0.611719 0.340278 0.05 0.097222
2 0.516016 0.530556 0.027344 0.119444
2 0.559766 0.868056 0.058594 0.227778
2 0.14375 0.194444 0.007812 0.033333
11 0.183984 0.178472 0.039844 0.081944
12 0.228125 0.15625 0.064062 0.0625
2 0.155859 0.186111 0.008594 0.030556
12 0.572656 0.217361 0.090625 0.104167
2 0.455469 0.232639 0.021875 0.0375
2 0.466406 0.223611 0.017188 0.033333
2 0.492578 0.222917 0.017969 0.0375
2 0.437109 0.220139 0.022656 0.040278
2 0.410156 0.223611 0.023438 0.036111
2 0.691016 0.21875 0.014844 0.043056
11 0.642188 0.211806 0.084375 0.0875
