11 0.685156 0.702083 0.35 0.595833
12 0.64375 0.221528 0.079687 0.106944
11 0.528125 0.284722 0.075 0.138889
6 0.617188 0.363194 0.045312 0.090278
2 0.144141 0.375 0.021094 0.080556
2 0.125781 0.219444 0.009375 0.038889
2 0.13125 0.197222 0.009375 0.038889
2 0.1 0.197917 0.010937 0.0375
2 0.322656 0.219444 0.01875 0.036111
12 0.191016 0.178472 0.039844 0.093056
2 0.187109 0.213889 0.011719 0.038889
2 0.403125 0.221528 0.023438 0.045833
2 0.425 0.230556 0.025 0.044444
2 0.478906 0.232639 0.023438 0.043056
11 0.578906 0.211806 0.059375 0.065278
11 0.684375 0.24375 0.073438 0.095833
2 0.718359 0.270139 0.013281 0.051389
2 0.762109 0.224306 0.011719 0.031944
9 0.549609 0.160417 0.055469 0.0375
