2 0.886719 0.736806 0.0625 0.156944
2 0.183203 0.899306 0.094531 0.156944
11 0.486328 0.193056 0.042969 0.1
6 0.461328 0.252083 0.032031 0.068056
2 0.273047 0.308333 0.016406 0.047222
2 0.228125 0.338889 0.01875 0.052778
2 0.238672 0.410417 0.017969 0.068056
2 0.179688 0.435417 0.01875 0.073611
2 0.057813 0.603472 0.0375 0.101389
2 0.101953 0.635417 0.035156 0.118056
2 0.288281 0.268056 0.0125 0.033333
2 0.321484 0.235417 0.007031 0.031944
9 0.386719 0.206944 0.021875 0.047222
6 0.367969 0.197917 0.017188 0.031944
