12 0.613281 0.55625 0.245312 0.615278
6 0.337891 0.395833 0.067969 0.102778
2 0.391016 0.211806 0.024219 0.034722
6 0.437109 0.219444 0.058594 0.041667
1 0.390625 0.265278 0.028125 0.052778
6 0.207031 0.341667 0.045312 0.080556
1 0.257031 0.256944 0.028125 0.052778
2 0.524219 0.225 0.015625 0.027778
2 0.560156 0.229861 0.021875 0.031944
2 0.603125 0.227778 0.020313 0.033333
2 0.639844 0.226389 0.021875 0.030556
2 0.220312 0.215972 0.017188 0.031944
2 0.239063 0.2125 0.017188 0.038889
2 0.164844 0.202778 0.010937 0.033333
6 0.263672 0.222222 0.033594 0.038889
6 0.216016 0.2 0.032031 0.038889
6 0.192188 0.196528 0.021875 0.0375
2 0.726953 0.216667 0.011719 0.038889
