10 0.554688 0.249306 0.11875 0.101389
6 0.459766 0.24375 0.025781 0.040278
11 0.353516 0.261806 0.044531 0.095833
2 0.292187 0.273611 0.0125 0.041667
6 0.476953 0.291667 0.039844 0.061111
2 0.618359 0.297917 0.017969 0.054167
2 0.600391 0.318056 0.017969 0.058333
2 0.587891 0.336806 0.019531 0.068056
2 0.655078 0.329167 0.024219 0.080556
2 0.242578 0.352778 0.016406 0.061111
2 0.642578 0.346528 0.019531 0.073611
2 0.800391 0.349306 0.025781 0.070833
2 0.669922 0.411806 0.024219 0.098611
2 0.681641 0.510417 0.025781 0.104167
2 0.080078 0.568056 0.033594 0.083333
2 0.304688 0.253472 0.009375 0.034722
2 0.323047 0.206944 0.005469 0.022222
2 0.335547 0.190278 0.007031 0.016667
6 0.366797 0.192361 0.016406 0.026389
12 0.360547 0.143056 0.025781 0.041667
6 0.437109 0.182639 0.016406 0.023611
2 0.505859 0.177083 0.007031 0.023611
