12 0.579297 0.506944 0.183594 0.494444
2 0.375 0.220833 0.01875 0.038889
2 0.842187 0.527778 0.035937 0.102778
9 0.627344 0.307639 0.065625 0.126389
9 0.644531 0.231944 0.075 0.097222
12 0.481641 0.195833 0.119531 0.108333
2 0.406641 0.222917 0.019531 0.040278
2 0.721875 0.259722 0.0125 0.047222
2 0.287891 0.211111 0.014844 0.038889
2 0.274219 0.208333 0.0125 0.030556
11 0.236328 0.194444 0.058594 0.061111
6 0.186719 0.191667 0.020313 0.038889
2 0.144922 0.207639 0.013281 0.0375
12 0.114844 0.161806 0.075 0.073611
