9 0.340625 0.326389 0.046875 0.122222
9 0.283984 0.405556 0.066406 0.161111
6 0.273047 0.66875 0.099219 0.193056
0 0.593359 0.253472 0.014844 0.043056
6 0.774219 0.261111 0.042188 0.058333
2 0.641016 0.359722 0.021094 0.075
2 0.219531 0.381944 0.017188 0.066667
6 0.357031 0.418056 0.059375 0.091667
2 0.680469 0.431944 0.026562 0.094444
2 0.150781 0.51875 0.029687 0.095833
2 0.073828 0.609028 0.035156 0.126389
2 0.127344 0.595139 0.035937 0.109722
6 0.374219 0.28125 0.026562 0.056944
6 0.455078 0.202778 0.022656 0.038889
