11 0.3625 0.196528 0.13125 0.106944
12 0.679297 0.424306 0.185156 0.401389
6 0.621484 0.761806 0.163281 0.2875
0 0.095703 0.313194 0.017969 0.054167
12 0.539844 0.303472 0.08125 0.198611
12 0.211328 0.207639 0.091406 0.101389
2 0.153516 0.210417 0.010156 0.043056
2 0.164062 0.202083 0.007812 0.034722
2 0.498437 0.227083 0.01875 0.040278
2 0.58125 0.273611 0.026562 0.05
12 0.614453 0.213889 0.103906 0.097222
2 0.707422 0.236806 0.021094 0.034722
2 0.737109 0.224306 0.017969 0.034722
11 0.267578 0.15625 0.036719 0.043056
