12 0.541016 0.327778 0.117969 0.277778
11 0.606641 0.597222 0.166406 0.402778
11 0.201953 0.179167 0.046094 0.075
2 0.292187 0.223611 0.021875 0.038889
2 0.341797 0.227083 0.019531 0.043056
2 0.169141 0.295833 0.016406 0.055556
2 0.412891 0.227083 0.021094 0.034722
2 0.428906 0.221528 0.021875 0.040278
2 0.714453 0.292361 0.013281 0.051389
2 0.651563 0.25 0.026562 0.044444
10 0.591797 0.220139 0.102344 0.076389
2 0.664453 0.228472 0.014844 0.031944
6 0.698047 0.229861 0.030469 0.034722
12 0.780859 0.85625 0.438281 0.279167
