6 0.880859 0.902083 0.238281 0.195833
12 0.565625 0.426389 0.142187 0.458333
2 0.234375 0.214583 0.020313 0.0375
2 0.411328 0.220139 0.021094 0.040278
2 0.475391 0.225 0.024219 0.038889
2 0.073047 0.461806 0.028906 0.095833
2 0.174219 0.315278 0.015625 0.061111
2 0.290625 0.2125 0.01875 0.036111
2 0.372656 0.21875 0.020313 0.0375
2 0.440234 0.241667 0.022656 0.036111
2 0.208594 0.209028 0.0125 0.0375
9 0.624219 0.249306 0.059375 0.123611
12 0.550781 0.200694 0.067187 0.079167
6 0.680469 0.249306 0.045312 0.045833
6 0.708203 0.238194 0.032031 0.043056
