9 0.324219 0.433333 0.065625 0.175
9 0.178906 0.583333 0.1125 0.261111
6 0.288281 0.704167 0.110937 0.222222
10 0.35 0.224306 0.039062 0.0875
2 0.56875 0.245139 0.0125 0.040278
2 0.294141 0.265278 0.011719 0.05
6 0.781641 0.252778 0.053906 0.052778
2 0.590625 0.290278 0.017188 0.05
2 0.262109 0.309028 0.013281 0.054167
6 0.359766 0.341667 0.038281 0.069444
2 0.233594 0.379861 0.017188 0.0625
2 0.202344 0.411806 0.020313 0.0625
2 0.173437 0.455556 0.020313 0.066667
6 0.302734 0.363194 0.042969 0.084722
