6 0.254688 0.509028 0.076563 0.140278
6 0.341406 0.534722 0.06875 0.130556
2 0.803125 0.751389 0.054688 0.177778
6 0.155859 0.81875 0.122656 0.251389
6 0.255469 0.863194 0.121875 0.273611
2 0.548047 0.236806 0.011719 0.040278
6 0.782422 0.252083 0.050781 0.056944
2 0.294922 0.313194 0.013281 0.043056
6 0.323047 0.350694 0.041406 0.093056
2 0.240625 0.403472 0.020313 0.065278
2 0.211328 0.431944 0.019531 0.080556
2 0.760547 0.486111 0.030469 0.111111
2 0.154297 0.566667 0.030469 0.105556
2 0.040625 0.626389 0.04375 0.105556
6 0.364453 0.297222 0.028906 0.075
