2 0.654687 0.564583 0.04375 0.143056
2 0.1 0.697917 0.042188 0.168056
2 0.596484 0.773611 0.091406 0.183333
2 0.552734 0.243056 0.016406 0.047222
6 0.782422 0.252083 0.052344 0.056944
2 0.276172 0.282639 0.011719 0.040278
6 0.340234 0.282639 0.024219 0.048611
2 0.823828 0.395833 0.033594 0.094444
2 0.765625 0.405556 0.035937 0.097222
2 0.179297 0.425 0.016406 0.069444
2 0.187891 0.495833 0.021094 0.094444
2 0.085156 0.620833 0.034375 0.102778
6 0.387109 0.264583 0.028906 0.054167
2 0.561719 0.468056 0.090625 0.030556
2 0.088672 0.88125 0.042969 0.201389
