12 0.700781 0.774306 0.275 0.451389
12 0.544141 0.386806 0.117969 0.329167
6 0.321094 0.541667 0.104688 0.183333
6 0.251172 0.229861 0.036719 0.043056
6 0.199609 0.230556 0.035156 0.047222
6 0.61875 0.346528 0.040625 0.101389
11 0.129297 0.211111 0.028906 0.069444
2 0.125391 0.252778 0.011719 0.047222
2 0.359375 0.220139 0.021875 0.040278
2 0.278125 0.211806 0.017188 0.034722
2 0.228906 0.207639 0.010937 0.031944
11 0.194531 0.177778 0.028125 0.05
12 0.576172 0.229861 0.088281 0.106944
2 0.867969 0.553472 0.039062 0.123611
2 0.0875 0.185417 0.009375 0.026389
2 0.271094 0.167361 0.017188 0.023611
6 0.742969 0.206944 0.025 0.038889
