12 0.326172 0.522917 0.196094 0.615278
11 0.218359 0.218056 0.044531 0.063889
6 0.542188 0.230556 0.054688 0.038889
2 0.694141 0.279167 0.019531 0.041667
4 0.176563 0.336111 0.032813 0.075
2 0.03125 0.506944 0.034375 0.108333
2 0.853125 0.581944 0.034375 0.105556
2 0.862891 0.523611 0.035156 0.091667
2 0.579688 0.243056 0.026562 0.044444
2 0.625 0.226389 0.021875 0.036111
2 0.675391 0.247222 0.027344 0.041667
2 0.682813 0.216667 0.015625 0.036111
2 0.435156 0.226389 0.023438 0.038889
2 0.453516 0.220833 0.019531 0.036111
4 0.171484 0.213889 0.030469 0.047222
2 0.141406 0.206944 0.007812 0.036111
