6 0.257031 0.494444 0.075 0.155556
6 0.358203 0.481944 0.061719 0.119444
2 0.103516 0.643056 0.039844 0.169444
6 0.250391 0.778472 0.110156 0.273611
6 0.490625 0.230556 0.028125 0.033333
6 0.782422 0.250694 0.049219 0.056944
2 0.562891 0.275694 0.014844 0.048611
2 0.584375 0.275 0.0125 0.05
2 0.596875 0.309028 0.015625 0.059722
2 0.203125 0.377778 0.015625 0.061111
2 0.227344 0.372222 0.017188 0.061111
6 0.356641 0.379167 0.044531 0.080556
2 0.653516 0.364583 0.024219 0.073611
6 0.288281 0.383333 0.04375 0.113889
2 0.213281 0.418056 0.017188 0.075
2 0.191797 0.518056 0.027344 0.1
6 0.369922 0.309028 0.036719 0.070833
