12 0.624609 0.624306 0.253906 0.734722
11 0.292187 0.238194 0.070312 0.123611
11 0.347266 0.206944 0.052344 0.063889
2 0.437891 0.221528 0.025781 0.040278
2 0.505859 0.236111 0.025781 0.036111
11 0.206641 0.192361 0.049219 0.065278
12 0.155859 0.172917 0.038281 0.079167
2 0.051953 0.186806 0.008594 0.029167
2 0.067187 0.186111 0.010937 0.022222
6 0.066016 0.214583 0.019531 0.0375
11 0.099609 0.215972 0.050781 0.0875
9 0.119531 0.174306 0.039062 0.0625
1 0.682813 0.264583 0.021875 0.0375
2 0.659375 0.25625 0.023438 0.0375
2 0.627734 0.258333 0.024219 0.038889
2 0.642188 0.25625 0.01875 0.040278
2 0.607422 0.238889 0.019531 0.033333
11 0.573047 0.244444 0.046094 0.069444
11 0.51875 0.201389 0.142187 0.083333
4 0.724219 0.260417 0.023438 0.048611
12 0.683984 0.215278 0.091406 0.077778
9 0.748437 0.211111 0.025 0.036111
6 0.662891 0.171528 0.019531 0.023611
11 0.259375 0.152083 0.039062 0.040278
11 0.287109 0.144444 0.019531 0.047222
6 0.30625 0.156944 0.017188 0.022222
