2 0.957812 0.843056 0.0625 0.172222
11 0.507422 0.240278 0.041406 0.086111
6 0.461328 0.26875 0.030469 0.056944
2 0.608984 0.265972 0.013281 0.045833
2 0.841797 0.335417 0.032031 0.0625
6 0.513672 0.406944 0.061719 0.086111
2 0.059766 0.625694 0.035156 0.1125
2 0.576172 0.234722 0.010156 0.036111
2 0.326172 0.226389 0.008594 0.030556
6 0.359766 0.222222 0.017969 0.030556
11 0.453125 0.23125 0.020313 0.048611
9 0.492969 0.225694 0.028125 0.045833
2 0.525391 0.19375 0.010156 0.029167
9 0.360547 0.163194 0.017969 0.0375
6 0.381641 0.163889 0.011719 0.025
