2 0.763281 0.581944 0.034375 0.166667
6 0.208984 0.738194 0.111719 0.240278
2 0.870703 0.746528 0.061719 0.170833
2 0.810937 0.906944 0.075 0.186111
6 0.496875 0.249306 0.029687 0.048611
0 0.592187 0.252778 0.0125 0.047222
6 0.782813 0.252083 0.05 0.056944
6 0.337109 0.283333 0.035156 0.055556
2 0.266406 0.3125 0.0125 0.047222
6 0.320703 0.339583 0.044531 0.084722
2 0.249609 0.35625 0.013281 0.056944
2 0.620313 0.346528 0.023438 0.084722
2 0.185938 0.429167 0.015625 0.080556
2 0.210547 0.429861 0.019531 0.0875
6 0.386719 0.264583 0.028125 0.054167
