10 0.705859 0.263194 0.208594 0.106944
11 0.192188 0.646528 0.121875 0.306944
6 0.569531 0.654167 0.104688 0.155556
2 0.900391 0.734028 0.050781 0.140278
2 0.966016 0.915278 0.061719 0.155556
6 0.477734 0.355556 0.049219 0.077778
2 0.8 0.350694 0.025 0.070833
2 0.925 0.547917 0.0375 0.109722
2 0.079297 0.566667 0.033594 0.083333
2 0.872266 0.625 0.032031 0.136111
2 0.542969 0.226389 0.009375 0.033333
2 0.607422 0.25625 0.010156 0.043056
2 0.563281 0.222222 0.009375 0.036111
2 0.573047 0.220833 0.008594 0.033333
2 0.299219 0.256944 0.009375 0.030556
2 0.340234 0.196528 0.007031 0.020833
2 0.326172 0.197917 0.005469 0.023611
6 0.362891 0.177778 0.013281 0.022222
2 0.383594 0.172917 0.021875 0.048611
6 0.357422 0.157639 0.010156 0.018056
