12 0.595313 0.511806 0.201563 0.495833
11 0.156641 0.195139 0.041406 0.073611
2 0.433594 0.219444 0.020313 0.036111
9 0.666797 0.249306 0.050781 0.068056
12 0.380469 0.318056 0.101562 0.272222
12 0.210938 0.180556 0.0625 0.102778
12 0.174219 0.484028 0.171875 0.3125
2 0.142578 0.317361 0.014844 0.045833
2 0.110547 0.197222 0.010156 0.036111
2 0.324219 0.217361 0.021875 0.031944
2 0.726953 0.361806 0.021094 0.070833
2 0.572656 0.238194 0.025 0.031944
2 0.589063 0.226389 0.017188 0.033333
2 0.487891 0.223611 0.021094 0.033333
12 0.673047 0.209028 0.122656 0.0875
6 0.883203 0.861806 0.233594 0.276389
