10 0.56875 0.246528 0.084375 0.1125
11 0.617969 0.372917 0.05625 0.131944
11 0.548828 0.422222 0.100781 0.238889
4 0.337891 0.20625 0.063281 0.059722
2 0.397656 0.225694 0.025 0.043056
2 0.484766 0.230556 0.028906 0.044444
2 0.15 0.274306 0.015625 0.051389
2 0.711328 0.329167 0.017969 0.055556
12 0.267578 0.422917 0.135156 0.406944
11 0.716797 0.71875 0.399219 0.5625
2 0.14375 0.201389 0.009375 0.033333
2 0.170313 0.182639 0.007812 0.029167
2 0.205469 0.20625 0.010937 0.0375
2 0.21875 0.213889 0.017188 0.036111
2 0.254297 0.208333 0.017969 0.038889
2 0.428516 0.220833 0.022656 0.041667
2 0.513672 0.224306 0.019531 0.031944
2 0.630469 0.259722 0.046875 0.086111
2 0.694141 0.283333 0.011719 0.047222
9 0.85625 0.720139 0.285938 0.529167
