12 0.21875 0.176389 0.13125 0.1
12 0.555469 0.395139 0.13125 0.365278
6 0.239453 0.425 0.086719 0.133333
2 0.04375 0.553472 0.046875 0.126389
11 0.719531 0.611806 0.11875 0.204167
2 0.137109 0.277778 0.019531 0.041667
6 0.266016 0.278472 0.041406 0.070833
2 0.1625 0.306944 0.021875 0.052778
6 0.646094 0.421528 0.053125 0.093056
2 0.077344 0.448611 0.035937 0.086111
0 0.052734 0.222222 0.008594 0.036111
11 0.098828 0.219444 0.052344 0.094444
11 0.124609 0.172222 0.036719 0.063889
2 0.049609 0.184722 0.008594 0.027778
2 0.426953 0.234028 0.019531 0.0375
2 0.412109 0.226389 0.016406 0.036111
6 0.594922 0.242361 0.039844 0.043056
6 0.680859 0.232639 0.035156 0.0375
6 0.730859 0.217361 0.028906 0.034722
11 0.546875 0.140278 0.023438 0.041667
