11 0.853516 0.761806 0.288281 0.4625
12 0.563281 0.431944 0.140625 0.402778
6 0.622656 0.366667 0.05 0.094444
1 0.033203 0.477778 0.033594 0.094444
2 0.066797 0.560417 0.038281 0.120833
12 0.214844 0.183333 0.08125 0.105556
11 0.637109 0.258333 0.049219 0.088889
11 0.69375 0.24375 0.051562 0.059722
12 0.634766 0.213194 0.107031 0.106944
9 0.472266 0.220139 0.069531 0.076389
2 0.152344 0.204861 0.009375 0.031944
11 0.155078 0.180556 0.039844 0.058333
2 0.115234 0.192361 0.007031 0.026389
2 0.105859 0.191667 0.008594 0.030556
2 0.735938 0.377083 0.023438 0.076389
2 0.717969 0.354167 0.017188 0.072222
11 0.607031 0.068056 0.057813 0.041667
11 0.14375 0.069444 0.04375 0.030556
