12 0.272656 0.565972 0.209375 0.520833
6 0.603125 0.714583 0.1125 0.229167
6 0.458203 0.240278 0.030469 0.036111
2 0.560547 0.252083 0.014844 0.040278
2 0.588672 0.297917 0.014844 0.054167
6 0.782031 0.286806 0.053125 0.0625
2 0.620703 0.356944 0.019531 0.069444
2 0.212891 0.405556 0.016406 0.075
2 0.199609 0.442361 0.017969 0.081944
2 0.709375 0.464583 0.03125 0.104167
2 0.116016 0.577083 0.030469 0.109722
2 0.016406 0.713194 0.03125 0.129167
0 0.620313 0.276389 0.015625 0.058333
6 0.374219 0.292361 0.029687 0.056944
6 0.384375 0.239583 0.020313 0.0375
6 0.346875 0.251389 0.028125 0.063889
