6 0.323828 0.533333 0.069531 0.130556
6 0.757422 0.582639 0.088281 0.156944
2 0.732812 0.705556 0.04375 0.166667
2 0.826953 0.763194 0.053906 0.173611
2 0.677344 0.830556 0.05 0.194444
2 0.551953 0.240972 0.013281 0.043056
6 0.471875 0.261111 0.034375 0.047222
6 0.323437 0.304167 0.032813 0.080556
9 0.366016 0.321528 0.042969 0.115278
2 0.58125 0.3125 0.015625 0.052778
2 0.617188 0.321528 0.015625 0.054167
2 0.641797 0.352778 0.022656 0.063889
2 0.192578 0.399306 0.016406 0.065278
6 0.302344 0.390972 0.048438 0.095833
2 0.59375 0.4 0.020313 0.083333
2 0.694531 0.388194 0.025 0.079167
2 0.224609 0.404861 0.017969 0.068056
2 0.217578 0.466667 0.022656 0.080556
2 0.181641 0.482639 0.022656 0.0875
2 0.620703 0.482639 0.027344 0.095833
2 0.117969 0.564583 0.029687 0.101389
2 0.030859 0.643056 0.039844 0.116667
2 0.749219 0.434722 0.026562 0.097222
2 0.697266 0.345139 0.021094 0.059722
2 0.65625 0.318056 0.017188 0.05
2 0.635547 0.296528 0.013281 0.043056
2 0.599219 0.288194 0.0125 0.045833
2 0.249219 0.386111 0.01875 0.066667
0 0.869922 0.442361 0.024219 0.098611
