11 0.652734 0.404861 0.208594 0.206944
11 0.555859 0.331944 0.213281 0.163889
11 0.226172 0.450694 0.117969 0.2625
2 0.785156 0.679861 0.048438 0.126389
11 0.324219 0.275 0.0375 0.097222
6 0.365625 0.306944 0.040625 0.069444
6 0.317188 0.36875 0.040625 0.073611
2 0.8125 0.532639 0.03125 0.118056
2 0.525781 0.195833 0.007812 0.027778
0 0.567187 0.226389 0.007812 0.041667
6 0.373047 0.261806 0.024219 0.0375
11 0.354687 0.226389 0.028125 0.063889
12 0.384766 0.168056 0.028906 0.063889
6 0.373047 0.20625 0.022656 0.043056
6 0.434766 0.155556 0.013281 0.022222
2 0.358203 0.173611 0.021094 0.033333
2 0.499219 0.170833 0.007812 0.025
2 0.310937 0.236111 0.007812 0.033333
