11 0.535156 0.334028 0.076563 0.2125
11 0.233594 0.218056 0.04375 0.077778
11 0.625 0.243056 0.053125 0.080556
4 0.164453 0.298611 0.027344 0.061111
6 0.234766 0.297917 0.046094 0.079167
6 0.617969 0.354167 0.045312 0.077778
12 0.371875 0.361806 0.096875 0.331944
11 0.736719 0.231944 0.070312 0.063889
12 0.811328 0.679861 0.377344 0.640278
6 0.151562 0.206944 0.028125 0.038889
6 0.179297 0.193056 0.021094 0.036111
11 0.258594 0.198611 0.026562 0.061111
12 0.214844 0.160417 0.064062 0.070833
2 0.09375 0.193056 0.009375 0.030556
11 0.130859 0.171528 0.046094 0.070833
6 0.053906 0.178472 0.023438 0.029167
2 0.421484 0.238194 0.019531 0.0375
12 0.463672 0.220833 0.116406 0.063889
11 0.512891 0.207639 0.099219 0.0625
