11 0.539844 0.275694 0.059375 0.134722
12 0.675391 0.449306 0.194531 0.331944
6 0.129688 0.560417 0.13125 0.215278
4 0.144922 0.382639 0.047656 0.106944
2 0.76875 0.424306 0.028125 0.084722
12 0.327344 0.529167 0.15625 0.586111
11 0.273438 0.256944 0.05 0.119444
11 0.146875 0.177083 0.051562 0.073611
2 0.193359 0.238889 0.036719 0.052778
2 0.145313 0.208333 0.014063 0.033333
2 0.326953 0.227083 0.021094 0.034722
11 0.302734 0.197917 0.075781 0.0625
4 0.187891 0.198611 0.027344 0.038889
12 0.207813 0.159028 0.065625 0.065278
2 0.580469 0.245833 0.01875 0.038889
12 0.575391 0.2125 0.102344 0.080556
2 0.390625 0.223611 0.01875 0.033333
2 0.662891 0.220139 0.017969 0.029167
11 0.708203 0.226389 0.053906 0.066667
2 0.065234 0.186111 0.019531 0.027778
