12 0.723047 0.640278 0.457031 0.675
11 0.241406 0.206944 0.0625 0.105556
11 0.1 0.613889 0.195312 0.419444
11 0.541016 0.274306 0.047656 0.095833
4 0.133984 0.384028 0.049219 0.076389
2 0.362891 0.222917 0.019531 0.040278
2 0.382422 0.21875 0.022656 0.0375
11 0.464844 0.208333 0.146875 0.088889
2 0.470313 0.234028 0.028125 0.034722
1 0.605859 0.260417 0.025781 0.0375
2 0.577344 0.250694 0.021875 0.040278
2 0.660156 0.2625 0.025 0.038889
12 0.651172 0.226389 0.091406 0.091667
4 0.698047 0.286806 0.025781 0.059722
6 0.728516 0.216667 0.021094 0.027778
9 0.707031 0.21875 0.023438 0.0375
6 0.747266 0.208333 0.017969 0.030556
9 0.430469 0.152083 0.079687 0.048611
11 0.276562 0.152083 0.035937 0.045833
11 0.301172 0.141667 0.019531 0.041667
11 0.171484 0.189583 0.039844 0.059722
11 0.196875 0.176389 0.023438 0.05
12 0.161719 0.172917 0.042188 0.076389
11 0.098437 0.217361 0.051562 0.090278
2 0.058984 0.184722 0.008594 0.030556
6 0.066797 0.218056 0.019531 0.036111
