6 0.334766 0.480556 0.064844 0.125
6 0.176172 0.629167 0.097656 0.177778
2 0.808984 0.616667 0.053906 0.144444
9 0.26875 0.646528 0.121875 0.301389
6 0.782813 0.250694 0.05 0.056944
6 0.323047 0.338194 0.032031 0.081944
6 0.367578 0.338194 0.039844 0.093056
2 0.251172 0.355556 0.014844 0.055556
2 0.208203 0.375694 0.017969 0.065278
6 0.283203 0.384722 0.042969 0.097222
2 0.756641 0.466667 0.030469 0.113889
2 0.129297 0.561806 0.033594 0.118056
2 0.719141 0.559028 0.035156 0.120833
2 0.043359 0.624306 0.044531 0.106944
