12 0.230469 0.649306 0.257812 0.698611
11 0.582422 0.464583 0.178906 0.220833
6 0.061719 0.852778 0.11875 0.294444
11 0.346484 0.238194 0.035156 0.0875
6 0.919922 0.306944 0.100781 0.094444
2 0.718359 0.410417 0.025781 0.081944
2 0.079687 0.565278 0.03125 0.083333
2 0.608203 0.258333 0.011719 0.044444
2 0.553125 0.238194 0.0125 0.0375
2 0.532422 0.210417 0.010156 0.031944
10 0.46875 0.170139 0.032813 0.054167
11 0.384766 0.240972 0.027344 0.0625
11 0.380859 0.18125 0.027344 0.056944
6 0.365625 0.213194 0.01875 0.031944
2 0.259375 0.325694 0.014063 0.045833
2 0.270313 0.306944 0.0125 0.038889
2 0.317578 0.226389 0.008594 0.030556
2 0.323437 0.2125 0.007812 0.025
