10 0.280469 0.213194 0.098437 0.090278
11 0.637109 0.396528 0.086719 0.193056
2 0.394922 0.270139 0.027344 0.040278
7 0.532813 0.327778 0.046875 0.088889
2 0.208594 0.229861 0.020313 0.0375
2 0.167969 0.217361 0.015625 0.026389
11 0.171094 0.188889 0.05625 0.058333
12 0.406641 0.210417 0.160156 0.076389
2 0.515625 0.234722 0.021875 0.038889
2 0.586328 0.24375 0.024219 0.0375
2 0.607812 0.234722 0.01875 0.033333
11 0.678906 0.219444 0.076563 0.094444
11 0.617578 0.213194 0.047656 0.056944
2 0.750391 0.241667 0.013281 0.041667
