6 0.789062 0.901389 0.28125 0.197222
11 0.479687 0.324306 0.046875 0.131944
9 0.519922 0.484722 0.080469 0.2
7 0.656641 0.529167 0.097656 0.161111
6 0.288672 0.640278 0.094531 0.205556
2 0.022266 0.693056 0.042969 0.144444
6 0.984766 0.821528 0.025781 0.2625
9 0.504297 0.250694 0.038281 0.068056
6 0.782813 0.250694 0.05 0.056944
2 0.288281 0.300694 0.0125 0.043056
6 0.553516 0.341667 0.047656 0.072222
6 0.289453 0.390278 0.042969 0.075
6 0.333203 0.434028 0.052344 0.095833
2 0.168359 0.447917 0.017969 0.084722
2 0.184375 0.452083 0.021875 0.0875
2 0.223438 0.455556 0.020313 0.105556
2 0.1375 0.560417 0.03125 0.1125
2 0.096094 0.627083 0.032813 0.109722
6 0.353906 0.276389 0.029687 0.05
2 0.832812 0.743056 0.048438 0.163889
