10 0.364063 0.622917 0.36875 0.418056
2 0.648828 0.81875 0.069531 0.176389
2 0.402734 0.909028 0.086719 0.145833
2 0.83125 0.290278 0.028125 0.061111
4 0.296094 0.33125 0.032813 0.051389
6 0.325 0.36875 0.05 0.106944
2 0.657813 0.4375 0.028125 0.091667
2 0.707422 0.530556 0.032031 0.113889
2 0.010937 0.700694 0.020313 0.123611
2 0.228906 0.384722 0.015625 0.055556
2 0.251172 0.347917 0.014844 0.051389
2 0.304688 0.266667 0.007812 0.033333
2 0.295312 0.251389 0.009375 0.027778
2 0.333203 0.217361 0.005469 0.023611
2 0.555078 0.295139 0.013281 0.048611
2 0.609375 0.259028 0.0125 0.034722
1 0.631641 0.715278 0.072656 0.136111
2 0.934375 0.806944 0.054688 0.169444
12 0.924219 0.267361 0.151562 0.209722
