9 0.68125 0.565278 0.128125 0.236111
6 0.131641 0.710417 0.089844 0.220833
6 0.49375 0.243056 0.03125 0.041667
6 0.466016 0.261806 0.028906 0.045833
2 0.584766 0.259028 0.013281 0.045833
6 0.782813 0.249306 0.05 0.056944
2 0.29375 0.309028 0.0125 0.045833
2 0.2625 0.334028 0.015625 0.059722
2 0.251563 0.368056 0.017188 0.055556
6 0.567187 0.361111 0.05625 0.091667
2 0.204297 0.449306 0.021094 0.093056
2 0.151172 0.511806 0.027344 0.101389
2 0.180469 0.547917 0.029687 0.101389
2 0.116016 0.594444 0.032031 0.113889
2 0.065625 0.672917 0.0375 0.131944
10 0.262891 0.677778 0.188281 0.544444
6 0.482812 0.208333 0.025 0.038889
11 0.363672 0.388889 0.058594 0.163889
