11 0.725781 0.870139 0.370312 0.256944
11 0.363672 0.295833 0.053906 0.161111
11 0.253125 0.425694 0.08125 0.201389
6 0.315625 0.518056 0.073438 0.144444
11 0.135937 0.660417 0.157812 0.340278
2 0.371484 0.9375 0.055469 0.119444
11 0.461328 0.21875 0.038281 0.101389
2 0.548047 0.220833 0.013281 0.038889
2 0.596484 0.296528 0.019531 0.045833
6 0.321094 0.320833 0.039062 0.077778
2 0.630859 0.309722 0.017969 0.047222
2 0.623047 0.345833 0.019531 0.055556
2 0.20625 0.372917 0.015625 0.056944
2 0.180469 0.436806 0.020313 0.068056
2 0.773438 0.489583 0.029687 0.101389
