12 0.289844 0.242361 0.103125 0.151389
11 0.558594 0.430556 0.104688 0.258333
11 0.214062 0.468056 0.115625 0.255556
6 0.35625 0.367361 0.053125 0.090278
9 0.201172 0.272222 0.066406 0.15
12 0.779687 0.746528 0.440625 0.506944
12 0.538281 0.236806 0.071875 0.118056
2 0.15 0.258333 0.0125 0.047222
11 0.098437 0.21875 0.051562 0.095833
2 0.126562 0.199306 0.009375 0.034722
12 0.171875 0.185417 0.067187 0.054167
6 0.712109 0.227083 0.044531 0.043056
2 0.743359 0.251389 0.013281 0.036111
12 0.664453 0.164583 0.061719 0.040278
6 0.536719 0.166667 0.025 0.019444
6 0.508594 0.165972 0.026562 0.015278
11 0.297656 0.140278 0.023438 0.044444
6 0.309375 0.160417 0.025 0.018056
