2 0.973437 0.696528 0.046875 0.143056
2 0.465625 0.222917 0.025 0.040278
2 0.148047 0.396528 0.024219 0.076389
2 0.122266 0.464583 0.033594 0.101389
11 0.543359 0.2375 0.071094 0.136111
11 0.545703 0.424306 0.122656 0.256944
11 0.723828 0.802778 0.317969 0.394444
12 0.628125 0.320139 0.0875 0.190278
11 0.825781 0.697222 0.242188 0.358333
11 0.707031 0.205556 0.085938 0.088889
2 0.717187 0.316667 0.0125 0.058333
2 0.710938 0.3 0.0125 0.047222
2 0.700781 0.277778 0.0125 0.047222
2 0.328125 0.216667 0.01875 0.036111
