12 0.275391 0.4375 0.136719 0.433333
6 0.658984 0.473611 0.088281 0.113889
6 0.571875 0.259028 0.035937 0.051389
6 0.541406 0.293056 0.035937 0.055556
2 0.104297 0.398611 0.028906 0.086111
2 0.635547 0.24375 0.044531 0.054167
11 0.608594 0.293056 0.040625 0.105556
11 0.717969 0.209722 0.0625 0.069444
2 0.491797 0.229167 0.022656 0.036111
2 0.516016 0.229167 0.024219 0.033333
2 0.128125 0.233333 0.010937 0.038889
2 0.15 0.225694 0.010937 0.0375
2 0.133203 0.19375 0.008594 0.031944
2 0.184375 0.196528 0.007812 0.026389
2 0.173828 0.193056 0.008594 0.030556
2 0.243359 0.211111 0.019531 0.030556
11 0.210547 0.190278 0.036719 0.058333
2 0.369141 0.226389 0.017969 0.036111
2 0.408984 0.233333 0.022656 0.038889
2 0.393359 0.224306 0.021094 0.031944
2 0.571875 0.227778 0.023438 0.033333
1 0.445703 0.222917 0.024219 0.034722
2 0.423047 0.229861 0.022656 0.0375
