6 0.230078 0.646528 0.085156 0.168056
2 0.817969 0.657639 0.05625 0.1625
6 0.466797 0.255556 0.035156 0.036111
6 0.782813 0.252778 0.05 0.058333
2 0.630859 0.297917 0.014844 0.056944
6 0.535547 0.306944 0.038281 0.069444
6 0.318359 0.340278 0.046094 0.097222
6 0.383594 0.335417 0.040625 0.065278
2 0.223438 0.350694 0.015625 0.056944
2 0.653516 0.371528 0.025781 0.073611
2 0.212891 0.405556 0.016406 0.069444
6 0.355469 0.436806 0.05 0.106944
2 0.195703 0.468056 0.021094 0.088889
2 0.726562 0.485417 0.034375 0.104167
2 0.161719 0.518056 0.029687 0.080556
2 0.111719 0.538194 0.029687 0.118056
2 0.163672 0.588194 0.027344 0.118056
2 0.194141 0.585417 0.024219 0.106944
2 0.084375 0.655556 0.034375 0.136111
2 0.6125 0.313889 0.017188 0.058333
2 0.259375 0.367361 0.01875 0.0625
