11 0.276562 0.385417 0.05625 0.1625
6 0.811719 0.40625 0.11875 0.098611
11 0.600391 0.461806 0.100781 0.181944
6 0.473438 0.193056 0.028125 0.030556
2 0.591016 0.298611 0.017969 0.058333
2 0.754687 0.288889 0.032813 0.052778
2 0.8625 0.314583 0.034375 0.059722
2 0.900391 0.327778 0.033594 0.055556
2 0.730859 0.46875 0.027344 0.090278
2 0.789062 0.564583 0.039062 0.106944
2 0.765625 0.643056 0.040625 0.122222
2 0.293359 0.279861 0.008594 0.043056
2 0.565625 0.245833 0.014063 0.038889
12 0.386328 0.227083 0.036719 0.126389
12 0.349609 0.347917 0.085156 0.240278
11 0.335547 0.247917 0.046094 0.098611
2 0.271094 0.291667 0.009375 0.038889
