11 0.9125 0.288194 0.15625 0.179167
9 0.601953 0.846528 0.174219 0.306944
11 0.460938 0.235417 0.0375 0.079167
2 0.556641 0.235417 0.010156 0.040278
2 0.804688 0.316667 0.03125 0.061111
2 0.719922 0.365278 0.033594 0.075
2 0.774609 0.366667 0.025781 0.075
2 0.540625 0.202778 0.009375 0.030556
2 0.523438 0.202778 0.007812 0.027778
2 0.511328 0.183333 0.007031 0.027778
2 0.311328 0.246528 0.008594 0.034722
2 0.325391 0.222222 0.005469 0.025
2 0.3375 0.199306 0.00625 0.026389
9 0.363672 0.208333 0.021094 0.05
6 0.385156 0.180556 0.015625 0.027778
11 0.435547 0.163194 0.025781 0.051389
