11 0.900391 0.311806 0.199219 0.218056
11 0.478906 0.252778 0.057813 0.161111
11 0.376953 0.240278 0.035156 0.105556
2 0.587891 0.304167 0.016406 0.061111
6 0.712891 0.288194 0.083594 0.0625
2 0.277734 0.334722 0.017969 0.052778
6 0.319141 0.349306 0.041406 0.068056
2 0.663672 0.390278 0.024219 0.080556
2 0.604297 0.451389 0.025781 0.088889
2 0.703125 0.545139 0.028125 0.106944
2 0.706641 0.477083 0.027344 0.068056
12 0.651563 0.836111 0.28125 0.319444
2 0.351172 0.246528 0.010156 0.034722
2 0.542188 0.190972 0.009375 0.029167
2 0.575781 0.227778 0.009375 0.025
2 0.470313 0.15625 0.004687 0.018056
2 0.447266 0.145139 0.005469 0.015278
