12 0.624609 0.594444 0.249219 0.630556
11 0.259375 0.271528 0.060937 0.151389
6 0.446484 0.229167 0.057031 0.047222
2 0.108594 0.190972 0.010937 0.029167
2 0.142578 0.195833 0.011719 0.036111
2 0.2125 0.204861 0.009375 0.034722
11 0.307812 0.209028 0.05625 0.056944
2 0.540234 0.235417 0.022656 0.031944
2 0.517578 0.232639 0.022656 0.034722
2 0.672266 0.258333 0.027344 0.041667
2 0.722656 0.261111 0.028125 0.038889
1 0.731641 0.334722 0.019531 0.063889
2 0.564844 0.226389 0.01875 0.036111
12 0.673438 0.225694 0.201563 0.070833
