6 0.335938 0.450694 0.05625 0.131944
11 0.509766 0.441667 0.069531 0.191667
6 0.610547 0.452083 0.075781 0.109722
6 0.259375 0.519444 0.071875 0.141667
6 0.782813 0.250694 0.048438 0.056944
6 0.469141 0.279167 0.033594 0.05
9 0.532813 0.294444 0.046875 0.1
6 0.318359 0.319444 0.035156 0.058333
6 0.477344 0.331944 0.035937 0.058333
6 0.355469 0.346528 0.040625 0.073611
2 0.222266 0.374306 0.014844 0.068056
2 0.201953 0.439583 0.021094 0.079167
2 0.174219 0.465278 0.020313 0.080556
2 0.095312 0.527083 0.028125 0.104167
2 0.131641 0.530556 0.024219 0.097222
2 0.164844 0.547917 0.025 0.106944
2 0.141797 0.618056 0.030469 0.133333
2 0.069141 0.649306 0.035156 0.131944
2 0.009766 0.704167 0.017969 0.15
7 0.841016 0.865278 0.242969 0.269444
6 0.455469 0.236111 0.025 0.041667
6 0.484375 0.225 0.021875 0.047222
