2 0.05625 0.730556 0.04375 0.180556
6 0.782813 0.249306 0.05 0.056944
2 0.362891 0.293056 0.014844 0.047222
2 0.886719 0.324306 0.028125 0.065278
2 0.247266 0.368056 0.016406 0.061111
2 0.194531 0.414583 0.01875 0.073611
2 0.840625 0.416667 0.0375 0.094444
2 0.212891 0.4375 0.021094 0.075
2 0.217188 0.510417 0.021875 0.101389
2 0.131641 0.655556 0.030469 0.116667
10 0.476562 0.250694 0.05 0.109722
6 0.388672 0.263889 0.028906 0.047222
6 0.338672 0.288194 0.027344 0.048611
2 0.932813 0.339583 0.029687 0.081944
2 0.253906 0.939583 0.110937 0.120833
