6 0.171875 0.673611 0.104688 0.172222
11 0.383984 0.201389 0.021094 0.05
6 0.509766 0.26875 0.041406 0.059722
2 0.611328 0.301389 0.017969 0.058333
2 0.882031 0.319444 0.0375 0.063889
2 0.397266 0.343056 0.021094 0.063889
2 0.496484 0.3375 0.032031 0.072222
2 0.641016 0.540278 0.038281 0.122222
2 0.087109 0.568056 0.032031 0.077778
2 0.541797 0.225694 0.010156 0.0375
2 0.573047 0.218056 0.010156 0.036111
6 0.452344 0.192361 0.01875 0.031944
2 0.605078 0.252778 0.010156 0.041667
6 0.434375 0.176389 0.015625 0.022222
11 0.432812 0.141667 0.021875 0.044444
11 0.365625 0.188194 0.01875 0.040278
