11 0.876953 0.289583 0.213281 0.198611
10 0.179688 0.758333 0.323437 0.45
11 0.793359 0.329167 0.085156 0.15
6 0.269922 0.511806 0.075781 0.134722
2 0.98125 0.790278 0.034375 0.161111
2 0.935156 0.810417 0.064062 0.168056
2 0.274609 0.322917 0.014844 0.048611
3 0.351953 0.341667 0.039844 0.055556
2 0.601953 0.331944 0.017969 0.055556
2 0.246094 0.368056 0.021875 0.058333
2 0.191797 0.468056 0.021094 0.080556
2 0.114453 0.549306 0.027344 0.093056
2 0.765625 0.618056 0.04375 0.113889
1 0.898438 0.559028 0.053125 0.1125
2 0.580469 0.301389 0.014063 0.052778
2 0.556641 0.241667 0.010156 0.041667
2 0.546094 0.224306 0.010937 0.031944
2 0.301563 0.265972 0.009375 0.0375
2 0.315625 0.222222 0.00625 0.025
