11 0.300391 0.226389 0.060156 0.105556
11 0.553906 0.246528 0.057813 0.095833
12 0.630078 0.243056 0.067969 0.144444
11 0.348828 0.392361 0.121094 0.273611
6 0.230469 0.24375 0.03125 0.048611
2 0.194531 0.19375 0.023438 0.0375
12 0.226172 0.158333 0.067969 0.069444
2 0.083594 0.192361 0.010937 0.031944
10 0.109766 0.186111 0.047656 0.058333
2 0.153125 0.20625 0.0125 0.029167
9 0.168359 0.205556 0.021094 0.041667
2 0.167187 0.170139 0.029687 0.048611
2 0.236719 0.220139 0.017188 0.029167
6 0.054297 0.168056 0.024219 0.025
2 0.067969 0.188194 0.009375 0.031944
12 0.702734 0.204167 0.089844 0.083333
11 0.495312 0.219444 0.0625 0.069444
11 0.561328 0.143056 0.019531 0.033333
