10 0.8125 0.365278 0.196875 0.169444
2 0.980469 0.793056 0.034375 0.194444
6 0.334766 0.284028 0.028906 0.059722
2 0.248438 0.341667 0.017188 0.058333
6 0.365625 0.336806 0.0375 0.070833
2 0.603516 0.393056 0.042969 0.072222
2 0.032813 0.724306 0.0375 0.129167
2 0.309375 0.258333 0.009375 0.033333
6 0.384766 0.188889 0.017969 0.025
2 0.492969 0.222917 0.010937 0.029167
2 0.542188 0.210417 0.009375 0.023611
2 0.532422 0.197917 0.008594 0.023611
9 0.452734 0.168056 0.021094 0.030556
6 0.438672 0.183333 0.017969 0.025
2 0.720313 0.376389 0.028125 0.075
