12 0.633203 0.631944 0.299219 0.727778
6 0.24375 0.360417 0.057813 0.093056
2 0.191797 0.240278 0.011719 0.05
2 0.095703 0.443056 0.027344 0.091667
2 0.212109 0.196528 0.008594 0.034722
2 0.275391 0.207639 0.014844 0.034722
2 0.405078 0.226389 0.022656 0.038889
2 0.499609 0.235417 0.024219 0.043056
2 0.151172 0.188194 0.008594 0.031944
6 0.186328 0.209722 0.027344 0.041667
6 0.175781 0.188194 0.020313 0.034722
11 0.235937 0.163194 0.032813 0.043056
11 0.3125 0.153472 0.045312 0.0375
11 0.114844 0.1375 0.059375 0.041667
2 0.073438 0.188889 0.010937 0.025
12 0.581641 0.203472 0.194531 0.098611
11 0.556641 0.230556 0.075781 0.105556
9 0.484375 0.154861 0.076563 0.051389
11 0.662109 0.163889 0.041406 0.038889
9 0.744141 0.203472 0.042969 0.059722
