11 0.763672 0.276389 0.127344 0.108333
2 0.335547 0.646528 0.039844 0.140278
6 0.494141 0.627083 0.152344 0.220833
2 0.923828 0.750694 0.055469 0.154167
2 0.284766 0.294444 0.011719 0.044444
9 0.466406 0.225694 0.029687 0.056944
2 0.580078 0.261111 0.011719 0.041667
2 0.559375 0.232639 0.010937 0.034722
2 0.510156 0.184722 0.00625 0.027778
2 0.503516 0.177778 0.007031 0.025
2 0.542188 0.190972 0.009375 0.029167
2 0.325781 0.224306 0.007812 0.029167
2 0.338672 0.195833 0.007031 0.019444
11 0.359766 0.221528 0.021094 0.054167
6 0.379297 0.19375 0.017969 0.034722
9 0.452734 0.195139 0.027344 0.068056
