9 0.572266 0.377083 0.067969 0.140278
6 0.301172 0.520139 0.061719 0.1625
6 0.184375 0.704167 0.10625 0.211111
6 0.760938 0.747222 0.15 0.238889
6 0.782422 0.250694 0.049219 0.056944
6 0.333984 0.279167 0.028906 0.047222
6 0.462891 0.279167 0.036719 0.063889
6 0.534766 0.300694 0.038281 0.065278
6 0.356641 0.357639 0.042969 0.0875
6 0.486328 0.359028 0.044531 0.081944
2 0.217188 0.374306 0.015625 0.056944
6 0.304688 0.379167 0.042188 0.091667
2 0.667188 0.409028 0.026562 0.093056
2 0.225781 0.443056 0.01875 0.077778
6 0.509766 0.455556 0.052344 0.088889
2 0.177344 0.488194 0.023438 0.093056
2 0.130078 0.499306 0.027344 0.093056
2 0.098437 0.636806 0.0375 0.115278
11 0.592578 0.799306 0.180469 0.393056
6 0.504687 0.2625 0.028125 0.041667
2 0.249609 0.420833 0.021094 0.077778
2 0.203516 0.443056 0.017969 0.077778
2 0.244141 0.370139 0.017969 0.056944
