11 0.296484 0.270833 0.066406 0.183333
6 0.642969 0.424306 0.070312 0.109722
11 0.244141 0.234028 0.049219 0.098611
6 0.528125 0.314583 0.04375 0.090278
6 0.194922 0.354167 0.049219 0.086111
11 0.081641 0.704167 0.161719 0.516667
12 0.167969 0.175694 0.05 0.073611
2 0.2 0.203472 0.009375 0.034722
4 0.131641 0.200694 0.025781 0.043056
2 0.334766 0.214583 0.019531 0.034722
2 0.707422 0.320139 0.013281 0.0625
2 0.707812 0.272917 0.010937 0.048611
2 0.728516 0.254167 0.011719 0.038889
11 0.275 0.152083 0.028125 0.045833
