6 0.941406 0.334028 0.10625 0.104167
6 0.488281 0.488194 0.128125 0.156944
6 0.783203 0.461806 0.111719 0.129167
2 0.276172 0.6375 0.055469 0.15
2 0.547266 0.670139 0.058594 0.154167
6 0.783594 0.252083 0.048438 0.059722
2 0.290234 0.279167 0.013281 0.044444
6 0.335156 0.276389 0.029687 0.041667
2 0.485938 0.289583 0.020313 0.051389
2 0.289062 0.320833 0.014063 0.047222
2 0.452344 0.329861 0.034375 0.059722
2 0.584375 0.355556 0.042188 0.072222
2 0.763672 0.358333 0.028906 0.066667
2 0.673438 0.395833 0.028125 0.088889
2 0.637109 0.454861 0.035156 0.104167
2 0.146875 0.53125 0.03125 0.106944
11 0.388281 0.223611 0.035937 0.102778
2 0.53125 0.374306 0.04375 0.079167
