12 0.542188 0.330556 0.096875 0.263889
11 0.160156 0.495833 0.128125 0.261111
6 0.253516 0.8125 0.158594 0.325
11 0.397266 0.207639 0.089844 0.079167
2 0.261719 0.211806 0.028125 0.040278
12 0.648438 0.724306 0.271875 0.551389
6 0.620313 0.285417 0.04375 0.068056
1 0.269922 0.269444 0.030469 0.036111
6 0.623047 0.230556 0.050781 0.044444
2 0.685156 0.222917 0.014063 0.043056
2 0.730469 0.235417 0.010937 0.040278
2 0.311719 0.214583 0.015625 0.034722
2 0.328125 0.220139 0.01875 0.040278
2 0.207031 0.208333 0.014063 0.033333
6 0.155859 0.197222 0.027344 0.036111
6 0.204297 0.2 0.033594 0.041667
