6 0.848047 0.393056 0.121094 0.133333
6 0.674219 0.566667 0.13125 0.169444
6 0.353516 0.608333 0.149219 0.225
2 0.49375 0.599306 0.05 0.154167
2 0.082812 0.864583 0.079687 0.198611
2 0.341797 0.909028 0.088281 0.181944
2 0.534766 0.25 0.016406 0.041667
6 0.783203 0.253472 0.047656 0.059722
2 0.289062 0.31875 0.015625 0.048611
2 0.251563 0.328472 0.017188 0.045833
2 0.349219 0.347917 0.025 0.059722
2 0.654297 0.356944 0.044531 0.069444
2 0.571875 0.369444 0.046875 0.072222
2 0.685937 0.396528 0.03125 0.095833
2 0.554688 0.485417 0.034375 0.106944
11 0.388281 0.231944 0.0375 0.105556
6 0.335547 0.281944 0.028906 0.058333
6 0.797656 0.359722 0.092188 0.111111
