10 0.805078 0.342361 0.264844 0.206944
10 0.544922 0.25 0.128906 0.097222
10 0.894922 0.243056 0.210156 0.108333
6 0.332422 0.277083 0.028906 0.056944
6 0.385156 0.272222 0.034375 0.05
2 0.285156 0.295833 0.015625 0.055556
2 0.489453 0.299306 0.017969 0.051389
2 0.262109 0.309722 0.014844 0.055556
2 0.511719 0.35625 0.0375 0.068056
2 0.228906 0.377083 0.01875 0.065278
2 0.433203 0.385417 0.025781 0.079167
2 0.598437 0.471528 0.03125 0.104167
2 0.449219 0.561806 0.0375 0.123611
2 0.020313 0.695139 0.039062 0.126389
12 0.385937 0.202083 0.032813 0.104167
