11 0.548438 0.247917 0.059375 0.098611
12 0.331641 0.440278 0.150781 0.433333
6 0.555469 0.522917 0.078125 0.134722
11 0.727734 0.538194 0.141406 0.273611
6 0.469141 0.225694 0.041406 0.043056
6 0.223438 0.245139 0.0375 0.048611
2 0.424219 0.230556 0.023438 0.041667
6 0.609375 0.396528 0.065625 0.081944
12 0.621094 0.284028 0.064062 0.181944
12 0.153516 0.200694 0.074219 0.118056
2 0.328125 0.214583 0.023438 0.034722
2 0.513672 0.228472 0.021094 0.043056
12 0.645703 0.214583 0.100781 0.095833
12 0.2 0.184028 0.05625 0.084722
9 0.267188 0.149306 0.076563 0.043056
11 0.484766 0.157639 0.038281 0.029167
