12 0.133203 0.660417 0.264844 0.595833
11 0.250391 0.224306 0.066406 0.115278
11 0.367188 0.408333 0.10625 0.288889
2 0.129688 0.249306 0.015625 0.040278
2 0.151562 0.321528 0.017188 0.065278
12 0.541016 0.369444 0.105469 0.288889
2 0.149219 0.281944 0.014063 0.038889
2 0.166797 0.215972 0.011719 0.0375
4 0.311328 0.216667 0.042969 0.05
2 0.377734 0.229861 0.021094 0.0375
11 0.413672 0.209722 0.074219 0.075
2 0.5 0.229861 0.021875 0.031944
12 0.76875 0.779167 0.4625 0.441667
2 0.576953 0.227083 0.019531 0.034722
6 0.699609 0.245833 0.058594 0.05
