11 0.645703 0.210417 0.067969 0.104167
12 0.538281 0.347917 0.085938 0.201389
2 0.066406 0.568056 0.04375 0.133333
2 0.182422 0.274306 0.022656 0.051389
6 0.615625 0.330556 0.04375 0.069444
12 0.405078 0.204861 0.183594 0.101389
2 0.091797 0.196528 0.008594 0.034722
2 0.138281 0.194444 0.010937 0.033333
2 0.070703 0.186111 0.008594 0.030556
11 0.174219 0.195833 0.064062 0.066667
2 0.369531 0.234028 0.023438 0.040278
11 0.276953 0.154167 0.035156 0.052778
12 0.170703 0.154861 0.047656 0.051389
6 0.71875 0.252083 0.039062 0.054167
11 0.711328 0.202083 0.066406 0.068056
