10 0.261719 0.317361 0.04375 0.118056
6 0.274609 0.439583 0.053906 0.1125
2 0.773438 0.592361 0.040625 0.1375
2 0.951172 0.7375 0.063281 0.163889
2 0.059375 0.770139 0.039062 0.179167
6 0.640625 0.855556 0.16875 0.280556
11 0.333984 0.257639 0.036719 0.084722
2 0.585547 0.291667 0.016406 0.047222
2 0.60625 0.315972 0.01875 0.056944
2 0.212109 0.359028 0.016406 0.059722
2 0.669922 0.355556 0.024219 0.066667
2 0.654297 0.391667 0.022656 0.083333
2 0.692187 0.430556 0.028125 0.086111
2 0.685937 0.494444 0.03125 0.111111
2 0.782813 0.507639 0.03125 0.118056
2 0.176172 0.611111 0.028906 0.119444
2 0.090234 0.657639 0.030469 0.126389
2 0.128516 0.675694 0.035156 0.120833
12 0.381641 0.230556 0.041406 0.136111
6 0.350391 0.309722 0.036719 0.075
9 0.5125 0.4875 0.073438 0.186111
9 0.589844 0.415278 0.08125 0.141667
