11 0.783203 0.654167 0.242969 0.380556
10 0.608203 0.230556 0.121094 0.075
11 0.166797 0.202083 0.036719 0.084722
6 0.202344 0.211111 0.026562 0.038889
6 0.592187 0.297222 0.04375 0.063889
2 0.45625 0.311806 0.03125 0.056944
11 0.303906 0.199306 0.08125 0.084722
2 0.514062 0.240278 0.025 0.041667
12 0.480859 0.201389 0.153906 0.111111
9 0.697656 0.229167 0.039062 0.063889
2 0.255469 0.224306 0.01875 0.043056
2 0.145313 0.255556 0.010937 0.047222
2 0.114453 0.243056 0.010156 0.041667
11 0.145703 0.177083 0.030469 0.0625
