9 0.362891 0.343056 0.049219 0.141667
2 0.785937 0.668056 0.05 0.155556
2 0.878516 0.750694 0.058594 0.184722
6 0.783594 0.249306 0.05 0.056944
6 0.321094 0.299306 0.029687 0.0875
2 0.596875 0.293056 0.015625 0.055556
2 0.241797 0.356944 0.016406 0.061111
2 0.2625 0.359028 0.015625 0.068056
2 0.626172 0.345833 0.022656 0.075
2 0.711328 0.411806 0.028906 0.093056
2 0.189453 0.45625 0.017969 0.0875
2 0.679297 0.447917 0.021094 0.095833
2 0.729688 0.461806 0.028125 0.093056
2 0.757422 0.544444 0.036719 0.122222
2 0.279297 0.338194 0.014844 0.056944
2 0.857422 0.597917 0.038281 0.123611
2 0.898438 0.693056 0.042188 0.166667
