11 0.616797 0.355556 0.066406 0.144444
6 0.526563 0.402778 0.0625 0.094444
2 0.141797 0.224306 0.014844 0.034722
2 0.455078 0.220833 0.025781 0.041667
9 0.647266 0.211806 0.060156 0.051389
2 0.175391 0.259028 0.022656 0.043056
2 0.141016 0.379167 0.025781 0.080556
2 0.740625 0.386806 0.021875 0.076389
2 0.822266 0.499306 0.030469 0.101389
2 0.300391 0.213194 0.016406 0.031944
11 0.213281 0.157639 0.039062 0.051389
2 0.666406 0.24375 0.0 0.001389
2 0.716797 0.265972 0.013281 0.051389
2 0.707812 0.253472 0.0125 0.0375
6 0.739062 0.229167 0.034375 0.041667
