11 0.85625 0.804167 0.240625 0.391667
11 0.532813 0.296528 0.065625 0.145833
2 0.105859 0.220833 0.014844 0.030556
2 0.160547 0.391667 0.022656 0.083333
12 0.512891 0.204167 0.192969 0.116667
12 0.224219 0.201389 0.11875 0.086111
2 0.158984 0.19375 0.014844 0.034722
12 0.159766 0.166667 0.072656 0.077778
11 0.263672 0.152083 0.036719 0.048611
11 0.310937 0.156944 0.039062 0.036111
2 0.501563 0.241667 0.01875 0.044444
6 0.640234 0.284722 0.042969 0.05
11 0.687891 0.20625 0.085156 0.093056
2 0.084766 0.188889 0.008594 0.030556
2 0.095312 0.186806 0.009375 0.031944
