10 0.585156 0.254167 0.123438 0.097222
12 0.342578 0.360417 0.078906 0.290278
6 0.265625 0.415278 0.054688 0.111111
6 0.688281 0.440278 0.11875 0.1
6 0.529297 0.473611 0.157031 0.133333
11 0.559766 0.595139 0.205469 0.273611
2 0.886719 0.322222 0.03125 0.055556
2 0.206641 0.376389 0.016406 0.063889
2 0.875391 0.397917 0.025781 0.076389
2 0.821484 0.443056 0.028906 0.086111
2 0.123438 0.543056 0.042188 0.105556
2 0.876953 0.547222 0.033594 0.111111
2 0.264062 0.329167 0.009375 0.041667
2 0.253516 0.348611 0.013281 0.052778
11 0.389844 0.181944 0.023438 0.063889
