9 0.784375 0.624306 0.303125 0.573611
11 0.220312 0.23125 0.053125 0.129167
2 0.461328 0.220139 0.019531 0.040278
6 0.611328 0.349306 0.049219 0.081944
6 0.526172 0.397917 0.052344 0.093056
12 0.545703 0.250694 0.069531 0.145833
11 0.591016 0.809028 0.200781 0.381944
2 0.097656 0.213889 0.010937 0.038889
2 0.299219 0.2125 0.017188 0.030556
2 0.150391 0.192361 0.011719 0.029167
11 0.251563 0.150694 0.032813 0.043056
6 0.303516 0.161111 0.016406 0.022222
1 0.480078 0.265278 0.011719 0.05
2 0.504687 0.222222 0.014063 0.036111
2 0.712109 0.270139 0.011719 0.048611
9 0.618359 0.267361 0.047656 0.093056
11 0.561719 0.144444 0.032813 0.044444
2 0.600781 0.225694 0.015625 0.029167
2 0.679688 0.221528 0.010937 0.0375
6 0.721094 0.247222 0.057813 0.044444
6 0.714453 0.220139 0.032031 0.029167
