11 0.197266 0.184722 0.042969 0.086111
2 0.255859 0.219444 0.021094 0.044444
2 0.212891 0.241667 0.017969 0.036111
2 0.133203 0.250694 0.019531 0.045833
2 0.150781 0.352083 0.023438 0.070833
1 0.794531 0.438194 0.026562 0.081944
2 0.267578 0.216667 0.014844 0.025
2 0.241016 0.207639 0.011719 0.031944
2 0.225391 0.2 0.010156 0.033333
2 0.316406 0.222222 0.017188 0.038889
6 0.306641 0.214583 0.052344 0.040278
12 0.435937 0.206944 0.214062 0.102778
12 0.500391 0.213194 0.174219 0.076389
11 0.633594 0.230556 0.084375 0.080556
11 0.752734 0.221528 0.028906 0.073611
