11 0.9125 0.290278 0.159375 0.183333
6 0.275391 0.644444 0.092969 0.169444
2 0.058203 0.756944 0.055469 0.172222
2 0.583594 0.319444 0.021875 0.066667
2 0.720313 0.360417 0.034375 0.073611
2 0.200391 0.447917 0.022656 0.081944
2 0.848828 0.444444 0.032031 0.088889
2 0.565234 0.246528 0.010156 0.043056
2 0.569922 0.233333 0.010156 0.036111
2 0.544531 0.227778 0.010937 0.033333
2 0.53125 0.205556 0.009375 0.030556
2 0.508203 0.182639 0.008594 0.026389
2 0.331641 0.213194 0.007031 0.023611
2 0.307422 0.230556 0.007031 0.027778
2 0.335938 0.197917 0.00625 0.018056
2 0.488672 0.166667 0.007031 0.022222
11 0.452344 0.186806 0.029687 0.068056
9 0.364453 0.174306 0.014844 0.031944
9 0.376563 0.160417 0.010937 0.020833
12 0.492188 0.352778 0.06875 0.15
