11 0.577344 0.229861 0.079687 0.126389
11 0.240234 0.333333 0.086719 0.216667
9 0.655859 0.380556 0.132031 0.288889
11 0.562109 0.606944 0.141406 0.305556
2 0.133594 0.254861 0.017188 0.045833
6 0.524219 0.329167 0.045312 0.072222
2 0.132031 0.203472 0.009375 0.034722
2 0.077344 0.186806 0.014063 0.031944
11 0.232813 0.194444 0.045312 0.055556
11 0.205859 0.159028 0.042969 0.051389
1 0.502734 0.254167 0.011719 0.044444
2 0.505078 0.223611 0.017969 0.036111
9 0.660156 0.241667 0.060937 0.075
2 0.713281 0.229861 0.015625 0.040278
2 0.763281 0.236806 0.0125 0.029167
2 0.722266 0.227083 0.010156 0.034722
6 0.743359 0.207639 0.016406 0.031944
11 0.544531 0.1375 0.025 0.038889
