12 0.299609 0.289583 0.091406 0.229167
11 0.606641 0.323611 0.050781 0.127778
2 0.377344 0.221528 0.020313 0.040278
2 0.432031 0.220833 0.021875 0.036111
2 0.154297 0.264583 0.017969 0.045833
6 0.573438 0.260417 0.04375 0.054167
6 0.526953 0.321528 0.039844 0.073611
2 0.519922 0.224306 0.022656 0.034722
6 0.540625 0.292361 0.042188 0.065278
11 0.666016 0.220833 0.078906 0.080556
6 0.893359 0.913889 0.213281 0.169444
2 0.121094 0.202778 0.009375 0.036111
2 0.1875 0.202778 0.010937 0.027778
2 0.219141 0.207639 0.013281 0.034722
6 0.216406 0.198611 0.0375 0.038889
2 0.390625 0.216667 0.01875 0.038889
2 0.338672 0.220139 0.016406 0.045833
11 0.200781 0.181944 0.020313 0.05
2 0.180078 0.182639 0.008594 0.029167
2 0.173437 0.177778 0.00625 0.025
2 0.747266 0.245833 0.013281 0.038889
2 0.101953 0.191667 0.008594 0.025
2 0.148438 0.197222 0.007812 0.027778
