10 0.338281 0.209722 0.145313 0.080556
11 0.604688 0.336806 0.064062 0.151389
2 0.103125 0.202778 0.009375 0.033333
2 0.455469 0.224306 0.021875 0.043056
2 0.467969 0.224306 0.028125 0.043056
2 0.814063 0.480556 0.034375 0.097222
12 0.205859 0.178472 0.094531 0.098611
11 0.575391 0.205556 0.138281 0.083333
2 0.644141 0.252083 0.022656 0.034722
6 0.135156 0.195139 0.025 0.034722
0 0.066797 0.234722 0.008594 0.05
2 0.076563 0.197222 0.009375 0.030556
0 0.060547 0.184722 0.007031 0.030556
12 0.707812 0.219444 0.123438 0.088889
