11 0.825 0.699306 0.25 0.4625
9 0.533203 0.303472 0.077344 0.181944
11 0.353516 0.326389 0.069531 0.172222
6 0.549219 0.490278 0.073438 0.122222
11 0.223438 0.210417 0.05 0.081944
6 0.216797 0.294444 0.044531 0.069444
6 0.600781 0.293056 0.039062 0.066667
2 0.630859 0.229167 0.021094 0.038889
11 0.678516 0.203472 0.078906 0.073611
11 0.194531 0.190278 0.042188 0.088889
2 0.169531 0.215972 0.010937 0.0375
2 0.150391 0.21875 0.013281 0.040278
2 0.091797 0.186111 0.011719 0.030556
11 0.248047 0.148611 0.058594 0.055556
6 0.742969 0.213889 0.023438 0.030556
