11 0.571875 0.379167 0.084375 0.158333
6 0.219141 0.509028 0.072656 0.120833
2 0.860938 0.799306 0.05625 0.156944
2 0.628906 0.305556 0.01875 0.044444
2 0.810937 0.393056 0.028125 0.069444
2 0.422266 0.464583 0.022656 0.0875
2 0.801562 0.568056 0.0375 0.122222
2 0.316797 0.586806 0.035156 0.118056
2 0.285547 0.294444 0.010156 0.038889
2 0.304688 0.268056 0.009375 0.036111
2 0.289844 0.268056 0.009375 0.030556
2 0.306641 0.236806 0.007031 0.031944
2 0.321484 0.229167 0.007031 0.027778
2 0.330469 0.213194 0.007812 0.026389
11 0.450781 0.191667 0.021875 0.055556
6 0.430859 0.153472 0.014844 0.023611
