12 0.216016 0.722222 0.430469 0.555556
10 0.877734 0.796528 0.241406 0.393056
6 0.617969 0.443056 0.10625 0.1
11 0.504687 0.529167 0.146875 0.238889
6 0.642188 0.609028 0.085938 0.156944
2 0.610156 0.280556 0.023438 0.041667
2 0.694141 0.295139 0.028906 0.045833
2 0.760156 0.39375 0.03125 0.0625
2 0.804297 0.384028 0.036719 0.065278
2 0.781641 0.446528 0.025781 0.081944
2 0.738672 0.4875 0.028906 0.091667
2 0.387109 0.221528 0.010156 0.034722
2 0.730859 0.4125 0.019531 0.069444
2 0.719922 0.44375 0.024219 0.079167
4 0.727344 0.360417 0.073438 0.0625
2 0.771094 0.327778 0.023438 0.058333
2 0.650781 0.28125 0.025 0.051389
